Lat,Lon,Alt,Year,JulianDay_Sin,O18 A,H2 A,O18 P,H2 P
52.3,104.2833333,469.0,2011.0,0.29671281927349075,-14.0,-111.2,-16.820642471313477,-130.69415283203125
52.3,104.2833333,469.0,2011.0,-0.2135209154397959,-9.7,-74.1,-16.770021438598633,-130.27117919921875
52.3,104.2833333,469.0,2011.0,-0.680773409477016,-14.2,-101.4,-15.57536506652832,-120.28900909423828
52.3,104.2833333,469.0,2011.0,-0.9587178169872964,-13.1,-108.0,-15.362756729125977,-118.51251983642578
52.3,104.2833333,469.0,2011.0,-0.9741004551724206,-17.3,-127.0,-15.352632522583008,-118.42792510986328
52.3,104.2833333,469.0,2011.0,-0.7236440382959123,-30.1,-224.1,-15.504495620727539,-119.69684600830078
52.3,104.2833333,469.0,2011.0,-0.2884824328806098,-27.3,-208.7,-16.70927619934082,-129.76361083984375
52.3,104.2833333,469.0,2012.0,0.2386727660059501,-29.0,-218.7,-16.820642471313477,-130.69415283203125
52.3,104.2833333,469.0,2012.0,0.6994583270516471,-26.4,-207.4,-16.87126350402832,-131.11712646484375
52.3,104.2833333,469.0,2012.0,0.2802306751992159,-10.0,-91.8,-16.820642471313477,-130.69415283203125
52.3,104.2833333,469.0,2012.0,-0.23030567023061196,-13.0,-100.8,-16.759897232055664,-130.18658447265625
52.3,104.2833333,469.0,2012.0,-0.6932812268869771,-11.0,-87.1,-15.534868240356445,-119.95063018798828
52.3,104.2833333,469.0,2012.0,-0.9634705485641486,-15.0,-107.9,-15.352632522583008,-118.42792510986328
52.3,104.2833333,469.0,2012.0,-0.970063921851507,-29.9,-225.5,-15.352632522583008,-118.42792510986328
52.3,104.2833333,469.0,2012.0,-0.7116566222817751,-22.3,-165.9,-15.504495620727539,-119.69684600830078
52.3,104.2833333,469.0,2013.0,0.2386727660059501,-29.2,-226.2,-16.820642471313477,-130.69415283203125
52.3,104.2833333,469.0,2013.0,0.6994583270516471,-30.7,-251.3,-16.87126350402832,-131.11712646484375
52.3,104.2833333,469.0,2013.0,0.9510565162951535,-21.8,-169.2,-16.95225715637207,-131.79388427734375
52.3,104.2833333,469.0,2013.0,0.9760105506323683,-12.6,-86.7,-16.96238136291504,-131.87847900390625
52.3,104.2833333,469.0,2013.0,0.741222010848596,-12.8,-103.1,-16.88138771057129,-131.20172119140625
52.3,104.2833333,469.0,2013.0,0.29671281927349075,-12.7,-99.7,-16.830766677856445,-130.77874755859375
52.3,104.2833333,469.0,2013.0,-0.2135209154397959,-12.2,-103.6,-16.759897232055664,-130.18658447265625
52.3,104.2833333,469.0,2013.0,-0.680773409477016,-10.9,-86.0,-15.534868240356445,-119.95063018798828
52.3,104.2833333,469.0,2013.0,-0.9587178169872964,-15.7,-117.2,-15.352632522583008,-118.42792510986328
52.3,104.2833333,469.0,2013.0,-0.9741004551724206,-16.3,-120.7,-15.352632522583008,-118.42792510986328
52.3,104.2833333,469.0,2014.0,-0.2884824328806098,-29.6,-230.5,-16.658655166625977,-129.34063720703125
52.3,104.2833333,469.0,2015.0,0.2386727660059501,-27.6,-215.2,-16.820642471313477,-130.69415283203125
52.3,104.2833333,469.0,2015.0,0.6994583270516471,-25.9,-211.2,-16.87126350402832,-131.11712646484375
52.3,104.2833333,469.0,2015.0,0.9510565162951535,-21.7,-175.3,-16.96238136291504,-131.87847900390625
52.3,104.2833333,469.0,2015.0,0.9760105506323683,-15.3,-112.3,-16.96238136291504,-131.87847900390625
52.3,104.2833333,469.0,2015.0,0.741222010848596,-10.7,-84.6,-16.88138771057129,-131.20172119140625
52.3,104.2833333,469.0,2015.0,0.29671281927349075,-14.3,-107.2,-16.830766677856445,-130.77874755859375
52.3,104.2833333,469.0,2015.0,-0.2135209154397959,-9.4,-61.8,-16.729524612426758,-129.93280029296875
52.3,104.2833333,469.0,2015.0,-0.680773409477016,-12.1,-85.6,-15.474123001098633,-119.44306182861328
52.3,104.2833333,469.0,2015.0,-0.9587178169872964,-16.3,-127.3,-15.352632522583008,-118.42792510986328
52.3,104.2833333,469.0,2015.0,-0.9741004551724206,-20.7,-158.7,-15.342508316040039,-118.34333038330078
52.3,104.2833333,469.0,2015.0,-0.7236440382959123,-21.3,-169.8,-15.433626174926758,-119.10468292236328
52.3,104.2833333,469.0,2015.0,-0.2884824328806098,-25.5,-201.8,-16.62828254699707,-129.08685302734375
52.3,104.2833333,469.0,2016.0,0.2386727660059501,-33.8,-269.6,-16.820642471313477,-130.69415283203125
52.3,104.2833333,469.0,2016.0,0.6994583270516471,-26.1,-209.1,-16.87126350402832,-131.11712646484375
52.3,104.2833333,469.0,2016.0,0.9562348265919056,-26.0,-202.9,-16.96238136291504,-131.87847900390625
52.3,104.2833333,469.0,2016.0,0.9721181966290613,-12.5,-102.1,-16.972505569458008,-131.96307373046875
52.3,104.2833333,469.0,2016.0,0.7295575540864875,-16.4,-124.2,-16.88138771057129,-131.20172119140625
52.3,104.2833333,469.0,2016.0,0.2802306751992159,-12.4,-103.6,-16.820642471313477,-130.69415283203125
52.3,104.2833333,469.0,2016.0,-0.23030567023061196,-10.9,-82.7,-16.678903579711914,-129.50982666015625
52.3,104.2833333,469.0,2016.0,-0.6932812268869771,-12.1,-89.8,-15.443750381469727,-119.18927764892578
52.3,104.2833333,469.0,2016.0,-0.9634705485641486,-14.6,-109.1,-15.352632522583008,-118.42792510986328
52.3,104.2833333,469.0,2016.0,-0.970063921851507,-27.5,-202.8,-15.342508316040039,-118.34333038330078
52.3,104.2833333,469.0,2016.0,-0.7116566222817751,-27.8,-210.5,-15.423501968383789,-119.02008819580078
52.3,104.2833333,469.0,2016.0,-0.27195815753410524,-26.4,-201.1,-16.608034133911133,-128.91766357421875
52.3,104.2833333,469.0,2012.0,-0.27195815753410524,-35.1,-262.7,-16.71940040588379,-129.84820556640625
52.3,104.2833333,469.0,2017.0,0.9510565162951535,-17.6,-126.8,-16.96238136291504,-131.87847900390625
52.3,104.2833333,469.0,2017.0,0.9760105506323683,-20.9,-152.0,-16.972505569458008,-131.96307373046875
52.3,104.2833333,469.0,2017.0,0.2386727660059501,-30.3,-230.6,-16.820642471313477,-130.69415283203125
52.3,104.2833333,469.0,2017.0,0.6994583270516471,-25.9,-194.9,-16.88138771057129,-131.20172119140625
47.54260867,7.58371693,316.0,2004.0,0.2386727660059501,-11.9,-88.50962751,-8.670656204223633,-62.59540557861328
47.54260867,7.58371693,316.0,2004.0,0.6994583270516471,-9.88,-66.74413536,-9.085748672485352,-66.06378936767578
47.54260867,7.58371693,316.0,2004.0,0.9562348265919056,-9.69,-71.5587575,-9.161680221557617,-66.69824981689453
47.54260867,7.58371693,316.0,2004.0,0.9721181966290613,-6.1,-40.66799847,-9.161680221557617,-66.69824981689453
47.54260867,7.58371693,316.0,2004.0,0.7295575540864875,-7.01,-50.25006643,-9.100934982299805,-66.19068145751953
47.54260867,7.58371693,316.0,2004.0,0.2802306751992159,-7.21,-53.83051048,-8.680780410766602,-62.68000030517578
47.54260867,7.58371693,316.0,2004.0,-0.23030567023061196,-5.49,-34.72560691,-8.65546989440918,-62.46851348876953
47.54260867,7.58371693,316.0,2004.0,-0.6932812268869771,-4.8,-31.50057387,-8.379585266113281,-60.163307189941406
47.54260867,7.58371693,316.0,2004.0,-0.9634705485641486,-4.92,-31.38678091,-8.045486450195312,-57.371681213378906
47.54260867,7.58371693,316.0,2004.0,-0.970063921851507,-10.75,-76.42100974,-8.04295539855957,-57.35053253173828
47.54260867,7.58371693,316.0,2004.0,-0.7116566222817751,-10.49,-75.39648751,-8.336557388305664,-59.80377960205078
47.54260867,7.58371693,316.0,2004.0,-0.27195815753410524,-13.22,-98.71358212,-8.65546989440918,-62.46851348876953
47.54260867,7.58371693,316.0,2005.0,0.2386727660059501,-6.66,-42.77138547,-8.670656204223633,-62.59540557861328
47.54260867,7.58371693,316.0,2005.0,0.6994583270516471,-15.78,-115.1328526,-9.085748672485352,-66.06378936767578
47.54260867,7.58371693,316.0,2005.0,0.9510565162951535,-8.02,-59.70485452,-9.156618118286133,-66.65595245361328
47.54260867,7.58371693,316.0,2005.0,0.9760105506323683,-8.51,-58.19910378,-9.161680221557617,-66.69824981689453
47.54260867,7.58371693,316.0,2005.0,0.741222010848596,-6.95,-48.05079866,-9.111059188842773,-66.27527618408203
47.54260867,7.58371693,316.0,2005.0,0.29671281927349075,-5.24,-32.64544918,-8.685842514038086,-62.72229766845703
47.54260867,7.58371693,316.0,2005.0,-0.2135209154397959,-5.67,-37.45673818,-8.65546989440918,-62.46851348876953
47.54260867,7.58371693,316.0,2005.0,-0.680773409477016,-6.33,-43.03745941,-8.407426834106445,-60.39594268798828
47.54260867,7.58371693,316.0,2005.0,-0.9587178169872964,-9.610421834,-68.63931346,-8.045486450195312,-57.371681213378906
47.54260867,7.58371693,316.0,2005.0,-0.9741004551724206,-6.38,-42.73606861,-8.04295539855957,-57.35053253173828
47.54260867,7.58371693,316.0,2005.0,-0.7236440382959123,-14.2,-103.3116898,-8.311246871948242,-59.59229278564453
47.54260867,7.58371693,316.0,2005.0,-0.2884824328806098,-10.79,-78.0619552,-8.65546989440918,-62.46851348876953
47.54260867,7.58371693,316.0,2006.0,0.2386727660059501,-10.39,-75.03694923,-8.670656204223633,-62.59540557861328
47.54260867,7.58371693,316.0,2006.0,0.6994583270516471,-11.52,-90.29273588,-9.085748672485352,-66.06378936767578
47.54260867,7.58371693,316.0,2006.0,0.9510565162951535,-11.23849183,-82.68571664,-9.156618118286133,-66.65595245361328
47.54260867,7.58371693,316.0,2006.0,0.9760105506323683,-10.61,-76.08191291,-9.161680221557617,-66.69824981689453
47.54260867,7.58371693,316.0,2006.0,0.741222010848596,-8.47,-60.27743553,-9.111059188842773,-66.27527618408203
47.54260867,7.58371693,316.0,2006.0,0.29671281927349075,-4.08,-26.00399436,-8.685842514038086,-62.72229766845703
47.54260867,7.58371693,316.0,2006.0,-0.2135209154397959,-3.64,-26.43863597,-8.65546989440918,-62.46851348876953
47.54260867,7.58371693,316.0,2006.0,-0.680773409477016,-8.43,-60.3623681,-8.407426834106445,-60.39594268798828
47.54260867,7.58371693,316.0,2006.0,-0.9587178169872964,-7.78,-53.80678357,-8.045486450195312,-57.371681213378906
47.54260867,7.58371693,316.0,2006.0,-0.9741004551724206,-6.51,-49.6066388,-8.04295539855957,-57.35053253173828
47.54260867,7.58371693,316.0,2006.0,-0.7236440382959123,-9.18,-67.40884533,-8.311246871948242,-59.59229278564453
47.54260867,7.58371693,316.0,2006.0,-0.2884824328806098,-11.11,-83.72738599,-8.65546989440918,-62.46851348876953
47.54260867,7.58371693,316.0,2007.0,0.2386727660059501,-12.87,-93.4449454,-8.670656204223633,-62.59540557861328
47.54260867,7.58371693,316.0,2007.0,0.6994583270516471,-9.46,-71.36453487,-9.085748672485352,-66.06378936767578
47.54260867,7.58371693,316.0,2007.0,0.9510565162951535,-12.11,-89.32212676,-9.156618118286133,-66.65595245361328
47.54260867,7.58371693,316.0,2007.0,0.741222010848596,-7.87,-56.86635214,-9.111059188842773,-66.27527618408203
47.54260867,7.58371693,316.0,2007.0,0.29671281927349075,-6.28,-44.71481808,-8.685842514038086,-62.72229766845703
47.54260867,7.58371693,316.0,2007.0,-0.2135209154397959,-6.05,-43.8169477,-8.65546989440918,-62.46851348876953
47.54260867,7.58371693,316.0,2007.0,-0.680773409477016,-6.87,-44.13363048,-8.407426834106445,-60.39594268798828
47.54260867,7.58371693,316.0,2007.0,-0.9587178169872964,-6.87,-44.13363048,-8.045486450195312,-57.371681213378906
47.54260867,7.58371693,316.0,2007.0,-0.9741004551724206,-8.99,-60.35032291,-8.04295539855957,-57.35053253173828
47.54260867,7.58371693,316.0,2007.0,-0.7236440382959123,-10.78,-79.00926983,-8.3087158203125,-59.571144104003906
47.54260867,7.58371693,316.0,2007.0,-0.2884824328806098,-8.37,-57.9994607,-8.65546989440918,-62.46851348876953
47.54260867,7.58371693,316.0,2008.0,0.2386727660059501,-10.4,-82.10126519,-8.670656204223633,-62.59540557861328
47.54260867,7.58371693,316.0,2008.0,0.6994583270516471,-8.5,-62.00643014,-9.085748672485352,-66.06378936767578
47.54260867,7.58371693,316.0,2008.0,0.9562348265919056,-7.88,-58.24612426,-9.161680221557617,-66.69824981689453
47.54260867,7.58371693,316.0,2008.0,0.9721181966290613,-10.73,-81.57874164,-9.161680221557617,-66.69824981689453
47.54260867,7.58371693,316.0,2008.0,0.7295575540864875,-6.26,-47.19478668,-9.100934982299805,-66.19068145751953
47.54260867,7.58371693,316.0,2008.0,0.2802306751992159,-6.51,-47.19496585,-8.680780410766602,-62.68000030517578
47.54260867,7.58371693,316.0,2008.0,-0.23030567023061196,-4.36,-26.28930766,-8.65546989440918,-62.46851348876953
47.54260867,7.58371693,316.0,2008.0,-0.6932812268869771,-4.6,-29.45637813,-8.379585266113281,-60.163307189941406
47.54260867,7.58371693,316.0,2008.0,-0.9634705485641486,-8.79,-61.24115279,-8.045486450195312,-57.371681213378906
47.54260867,7.58371693,316.0,2008.0,-0.970063921851507,-12.8,-91.96888229,-8.04295539855957,-57.35053253173828
47.54260867,7.58371693,316.0,2008.0,-0.7116566222817751,-12.09,-89.88374997,-8.336557388305664,-59.80377960205078
47.54260867,7.58371693,316.0,2008.0,-0.27195815753410524,-17.57,-134.4502205,-8.65546989440918,-62.46851348876953
47.54260867,7.58371693,316.0,2009.0,0.2386727660059501,-10.26,-78.8,-8.670656204223633,-62.59540557861328
47.54260867,7.58371693,316.0,2009.0,0.6994583270516471,-13.21,-99.3,-9.085748672485352,-66.06378936767578
47.54260867,7.58371693,316.0,2009.0,0.9510565162951535,-11.63,-84.9,-9.156618118286133,-66.65595245361328
47.54260867,7.58371693,316.0,2009.0,0.9760105506323683,-6.23,-47.0,-9.161680221557617,-66.69824981689453
47.54260867,7.58371693,316.0,2009.0,0.741222010848596,-4.26,-27.1,-9.111059188842773,-66.27527618408203
47.54260867,7.58371693,316.0,2009.0,0.29671281927349075,-5.9,-44.9,-8.685842514038086,-62.72229766845703
47.54260867,7.58371693,316.0,2009.0,-0.2135209154397959,-4.42,-25.9,-8.65546989440918,-62.46851348876953
47.54260867,7.58371693,316.0,2009.0,-0.680773409477016,-6.51,-44.1,-8.407426834106445,-60.39594268798828
47.54260867,7.58371693,316.0,2009.0,-0.9587178169872964,-5.48,-34.6,-8.045486450195312,-57.371681213378906
47.54260867,7.58371693,316.0,2009.0,-0.9741004551724206,-7.89,-55.9,-8.04295539855957,-57.35053253173828
47.54260867,7.58371693,316.0,2009.0,-0.7236440382959123,-13.82,-102.4,-8.3087158203125,-59.571144104003906
47.54260867,7.58371693,316.0,2009.0,-0.2884824328806098,-12.32,-90.3,-8.65546989440918,-62.46851348876953
47.54260867,7.58371693,316.0,2010.0,0.2386727660059501,-15.69,-117.4,-8.670656204223633,-62.59540557861328
47.54260867,7.58371693,316.0,2010.0,0.6994583270516471,-12.81,-99.3,-9.085748672485352,-66.06378936767578
47.54260867,7.58371693,316.0,2010.0,0.9510565162951535,-12.5,-93.0,-9.156618118286133,-66.65595245361328
47.54260867,7.58371693,316.0,2010.0,0.9760105506323683,-8.52,-58.8,-9.161680221557617,-66.69824981689453
47.54260867,7.58371693,316.0,2010.0,0.741222010848596,-8.21,-58.2,-9.111059188842773,-66.27527618408203
47.54260867,7.58371693,316.0,2010.0,0.29671281927349075,-8.71,-61.9,-8.685842514038086,-62.72229766845703
47.54260867,7.58371693,316.0,2010.0,-0.2135209154397959,-5.8,-40.2,-8.65546989440918,-62.46851348876953
47.54260867,7.58371693,316.0,2010.0,-0.680773409477016,-8.4,-60.2,-8.407426834106445,-60.39594268798828
47.54260867,7.58371693,316.0,2010.0,-0.9587178169872964,-7.12,-48.8,-8.045486450195312,-57.371681213378906
47.54260867,7.58371693,316.0,2010.0,-0.9741004551724206,-10.1,-72.0,-8.04295539855957,-57.35053253173828
47.54260867,7.58371693,316.0,2010.0,-0.7236440382959123,-15.21,-112.6,-8.3087158203125,-59.571144104003906
47.54260867,7.58371693,316.0,2010.0,-0.2884824328806098,-14.44,-105.9,-8.65546989440918,-62.46851348876953
47.54260867,7.58371693,316.0,2011.0,0.2386727660059501,-10.25,-76.7,-8.670656204223633,-62.59540557861328
47.54260867,7.58371693,316.0,2011.0,0.6994583270516471,-12.45,-92.0,-9.085748672485352,-66.06378936767578
47.54260867,7.58371693,316.0,2011.0,0.9510565162951535,-9.17,-69.4,-9.156618118286133,-66.65595245361328
47.54260867,7.58371693,316.0,2011.0,0.9760105506323683,-5.43,-37.3,-9.161680221557617,-66.69824981689453
47.54260867,7.58371693,316.0,2011.0,0.741222010848596,-5.61,-36.5,-9.111059188842773,-66.27527618408203
47.54260867,7.58371693,316.0,2011.0,0.29671281927349075,-5.81,-38.2,-8.685842514038086,-62.72229766845703
47.54260867,7.58371693,316.0,2011.0,-0.2135209154397959,-6.6,-42.1,-8.65546989440918,-62.46851348876953
47.54260867,7.58371693,316.0,2011.0,-0.680773409477016,-5.64,-39.6,-8.407426834106445,-60.39594268798828
47.54260867,7.58371693,316.0,2011.0,-0.9587178169872964,-5.39,-34.7,-8.045486450195312,-57.371681213378906
47.54260867,7.58371693,316.0,2011.0,-0.9741004551724206,-9.76,-69.2,-8.04295539855957,-57.35053253173828
47.54260867,7.58371693,316.0,2011.0,-0.2884824328806098,-9.34,-65.6,-8.65546989440918,-62.46851348876953
47.54260867,7.58371693,316.0,2012.0,0.2386727660059501,-10.04,-70.4,-8.670656204223633,-62.59540557861328
47.54260867,7.58371693,316.0,2012.0,0.6994583270516471,-15.68,-117.5,-9.085748672485352,-66.06378936767578
47.54260867,7.58371693,316.0,2012.0,0.9562348265919056,-9.38,-68.4,-9.156618118286133,-66.65595245361328
47.54260867,7.58371693,316.0,2012.0,0.9721181966290613,-8.08,-56.7,-9.161680221557617,-66.69824981689453
47.54260867,7.58371693,316.0,2012.0,0.7295575540864875,-6.23,-44.0,-9.100934982299805,-66.19068145751953
47.54260867,7.58371693,316.0,2012.0,0.2802306751992159,-6.6,-46.2,-8.680780410766602,-62.68000030517578
47.54260867,7.58371693,316.0,2012.0,-0.23030567023061196,-5.32,-32.6,-8.65546989440918,-62.46851348876953
47.54260867,7.58371693,316.0,2012.0,-0.6932812268869771,-5.84,-37.5,-8.379585266113281,-60.163307189941406
47.54260867,7.58371693,316.0,2012.0,-0.9634705485641486,-5.62,-37.2,-8.04295539855957,-57.35053253173828
47.54260867,7.58371693,316.0,2012.0,-0.970063921851507,-10.79,-77.4,-8.04295539855957,-57.35053253173828
47.54260867,7.58371693,316.0,2012.0,-0.7116566222817751,-12.91,-96.4,-8.336557388305664,-59.80377960205078
47.54260867,7.58371693,316.0,2013.0,0.2386727660059501,-13.28,-99.0,-8.670656204223633,-62.59540557861328
47.54260867,7.58371693,316.0,2013.0,0.6994583270516471,-13.94,-101.5,-9.080686569213867,-66.02149200439453
47.54260867,7.58371693,316.0,2013.0,0.9510565162951535,-13.26,-97.4,-9.156618118286133,-66.65595245361328
47.54260867,7.58371693,316.0,2013.0,0.9760105506323683,-8.88,-64.1,-9.161680221557617,-66.69824981689453
47.54260867,7.58371693,316.0,2013.0,0.741222010848596,-9.26,-67.8,-9.105997085571289,-66.23297882080078
47.54260867,7.58371693,316.0,2013.0,0.29671281927349075,-7.45,-50.8,-8.685842514038086,-62.72229766845703
47.54260867,7.58371693,316.0,2013.0,-0.2135209154397959,-6.98,-49.4,-8.65546989440918,-62.46851348876953
47.54260867,7.58371693,316.0,2013.0,-0.680773409477016,-5.54,-34.8,-8.407426834106445,-60.39594268798828
47.54260867,7.58371693,316.0,2013.0,-0.9587178169872964,-6.81,-43.0,-8.045486450195312,-57.371681213378906
47.54260867,7.58371693,316.0,2013.0,-0.9741004551724206,-8.19,-59.0,-8.037893295288086,-57.30823516845703
47.54260867,7.58371693,316.0,2013.0,-0.7236440382959123,-13.15,-96.3,-8.3087158203125,-59.571144104003906
47.54260867,7.58371693,316.0,2013.0,-0.2884824328806098,-17.77,-137.7,-8.650407791137695,-62.42621612548828
47.54260867,7.58371693,316.0,2014.0,0.2386727660059501,-11.27,-85.7,-8.670656204223633,-62.59540557861328
47.54260867,7.58371693,316.0,2014.0,0.6994583270516471,-11.26,-82.7,-9.080686569213867,-66.02149200439453
47.54260867,7.58371693,316.0,2014.0,0.9510565162951535,-9.36,-71.0,-9.156618118286133,-66.65595245361328
47.54260867,7.58371693,316.0,2014.0,0.9760105506323683,-8.42,-65.1,-9.161680221557617,-66.69824981689453
47.54260867,7.58371693,316.0,2014.0,0.741222010848596,-7.08,-49.1,-9.105997085571289,-66.23297882080078
47.54260867,7.58371693,316.0,2014.0,0.29671281927349075,-4.38,-24.7,-8.685842514038086,-62.72229766845703
47.54260867,7.58371693,316.0,2014.0,-0.2135209154397959,-7.23,-50.2,-8.65546989440918,-62.46851348876953
47.54260867,7.58371693,316.0,2014.0,-0.680773409477016,-5.16,-37.1,-8.407426834106445,-60.39594268798828
47.54260867,7.58371693,316.0,2014.0,-0.9587178169872964,-7.54,-51.5,-8.045486450195312,-57.371681213378906
47.54260867,7.58371693,316.0,2014.0,-0.9741004551724206,-6.14,-39.7,-8.037893295288086,-57.30823516845703
47.54260867,7.58371693,316.0,2014.0,-0.7236440382959123,-18.94,-143.9,-8.3087158203125,-59.571144104003906
47.54260867,7.58371693,316.0,2014.0,-0.2884824328806098,-12.78,-92.6,-8.650407791137695,-62.42621612548828
47.54260867,7.58371693,316.0,2015.0,0.2386727660059501,-13.96,-103.8,-8.670656204223633,-62.59540557861328
47.54260867,7.58371693,316.0,2015.0,0.6994583270516471,-12.02,-92.5,-9.080686569213867,-66.02149200439453
47.54260867,7.58371693,316.0,2015.0,0.9510565162951535,-8.85,-68.0,-9.156618118286133,-66.65595245361328
47.54260867,7.58371693,316.0,2015.0,0.9760105506323683,-10.12,-75.1,-9.156618118286133,-66.65595245361328
47.54260867,7.58371693,316.0,2015.0,0.741222010848596,-9.68,-72.3,-9.105997085571289,-66.23297882080078
47.54260867,7.58371693,316.0,2015.0,0.29671281927349075,-6.6,-44.3,-8.685842514038086,-62.72229766845703
47.54260867,7.58371693,316.0,2015.0,-0.2135209154397959,-3.4,-26.4,-8.65546989440918,-62.46851348876953
47.54260867,7.58371693,316.0,2015.0,-0.680773409477016,-4.55,-30.0,-8.407426834106445,-60.39594268798828
47.54260867,7.58371693,316.0,2015.0,-0.9587178169872964,-8.48,-62.9,-8.04295539855957,-57.35053253173828
47.54260867,7.58371693,316.0,2015.0,-0.9741004551724206,-10.96,-79.1,-8.037893295288086,-57.30823516845703
47.54260867,7.58371693,316.0,2015.0,-0.7236440382959123,-12.41,-93.4,-8.3087158203125,-59.571144104003906
47.54260867,7.58371693,316.0,2015.0,-0.2884824328806098,-7.68,-53.2,-8.650407791137695,-62.42621612548828
47.54260867,7.58371693,316.0,2016.0,0.2386727660059501,-14.0,-105.2,-8.670656204223633,-62.59540557861328
47.54260867,7.58371693,316.0,2016.0,0.6994583270516471,-11.95,-87.3,-9.080686569213867,-66.02149200439453
47.54260867,7.58371693,316.0,2016.0,0.9562348265919056,-12.39,-95.3,-9.156618118286133,-66.65595245361328
47.54260867,7.58371693,316.0,2016.0,0.9721181966290613,-8.98,-61.1,-9.156618118286133,-66.65595245361328
47.54260867,7.58371693,316.0,2016.0,0.7295575540864875,-8.58,-60.4,-9.100934982299805,-66.19068145751953
47.54260867,7.58371693,316.0,2016.0,0.2802306751992159,-8.78,-65.1,-8.680780410766602,-62.68000030517578
47.54260867,7.58371693,316.0,2016.0,-0.23030567023061196,-4.3,-27.7,-8.650407791137695,-62.42621612548828
47.54260867,7.58371693,316.0,2016.0,-0.6932812268869771,-5.1,-30.8,-8.379585266113281,-60.163307189941406
47.54260867,7.58371693,316.0,2016.0,-0.9634705485641486,-8.52,-58.2,-8.04295539855957,-57.35053253173828
47.54260867,7.58371693,316.0,2016.0,-0.970063921851507,-8.74,-59.1,-8.037893295288086,-57.30823516845703
47.54260867,7.58371693,316.0,2016.0,-0.7116566222817751,-10.19,-71.1,-8.336557388305664,-59.80377960205078
47.54260867,7.58371693,316.0,2016.0,-0.27195815753410524,-8.56,-60.4,-8.650407791137695,-62.42621612548828
47.54260867,7.58371693,316.0,2018.0,0.2386727660059501,-8.8,-62.8,-8.670656204223633,-62.59540557861328
47.54260867,7.58371693,316.0,2018.0,-0.2884824328806098,-9.0,-64.5,-8.650407791137695,-62.42621612548828
47.54260867,7.58371693,316.0,2019.0,0.2386727660059501,-9.85,-68.46,-8.670656204223633,-62.59540557861328
47.54260867,7.58371693,316.0,2019.0,0.6994583270516471,-15.46,-118.68,-9.080686569213867,-66.02149200439453
47.54260867,7.58371693,316.0,2020.0,-0.23030567023061196,-3.66,-25.74,-8.650407791137695,-62.42621612548828
47.54260867,7.58371693,316.0,2012.0,-0.27195815753410524,-11.73,-85.6,-8.65546989440918,-62.46851348876953
47.54260867,7.58371693,316.0,2017.0,0.9510565162951535,-9.33,-66.0,-9.156618118286133,-66.65595245361328
47.54260867,7.58371693,316.0,2017.0,0.741222010848596,-7.14,-49.1,-9.105997085571289,-66.23297882080078
47.54260867,7.58371693,316.0,2017.0,0.29671281927349075,-5.69,-40.6,-8.685842514038086,-62.72229766845703
47.54260867,7.58371693,316.0,2017.0,-0.2135209154397959,-4.01,-28.8,-8.650407791137695,-62.42621612548828
47.54260867,7.58371693,316.0,2017.0,-0.680773409477016,-5.25,-34.0,-8.407426834106445,-60.39594268798828
47.54260867,7.58371693,316.0,2017.0,-0.9587178169872964,-8.91,-63.1,-8.04295539855957,-57.35053253173828
47.54260867,7.58371693,316.0,2017.0,-0.9741004551724206,-5.6,-36.3,-8.037893295288086,-57.30823516845703
47.54260867,7.58371693,316.0,2018.0,0.9510565162951535,-11.85,-91.1,-9.156618118286133,-66.65595245361328
47.54260867,7.58371693,316.0,2018.0,0.9760105506323683,-6.42,-47.1,-9.156618118286133,-66.65595245361328
47.54260867,7.58371693,316.0,2018.0,0.741222010848596,-6.47,-42.0,-9.105997085571289,-66.23297882080078
47.54260867,7.58371693,316.0,2018.0,0.29671281927349075,-5.85,-38.7,-8.685842514038086,-62.72229766845703
47.54260867,7.58371693,316.0,2018.0,-0.2135209154397959,-6.77,-45.3,-8.650407791137695,-62.42621612548828
47.54260867,7.58371693,316.0,2018.0,-0.680773409477016,-5.39,-33.1,-8.407426834106445,-60.39594268798828
47.54260867,7.58371693,316.0,2018.0,-0.9587178169872964,-4.56,-29.4,-8.04295539855957,-57.35053253173828
47.54260867,7.58371693,316.0,2018.0,-0.9741004551724206,-16.23,-119.1,-8.037893295288086,-57.30823516845703
47.54260867,7.58371693,316.0,2019.0,0.741222010848596,-8.46,-60.31,-9.105997085571289,-66.23297882080078
47.54260867,7.58371693,316.0,2019.0,0.29671281927349075,-5.55,-35.23,-8.680780410766602,-62.68000030517578
47.54260867,7.58371693,316.0,2019.0,-0.2135209154397959,-5.65,-38.0,-8.650407791137695,-62.42621612548828
47.54260867,7.58371693,316.0,2019.0,-0.680773409477016,-5.4,-34.87,-8.407426834106445,-60.39594268798828
47.54260867,7.58371693,316.0,2019.0,-0.9587178169872964,-8.7,-60.16,-8.037893295288086,-57.30823516845703
47.54260867,7.58371693,316.0,2019.0,-0.9741004551724206,-7.43,-49.5,-8.035362243652344,-57.287086486816406
47.54260867,7.58371693,316.0,2019.0,-0.7236440382959123,-11.57,-86.48,-8.3087158203125,-59.571144104003906
47.54260867,7.58371693,316.0,2020.0,0.6994583270516471,-6.89,-46.73,-9.075624465942383,-65.97919464111328
47.54260867,7.58371693,316.0,2020.0,0.9562348265919056,-7.18,-50.55,-9.151556015014648,-66.61365509033203
47.54260867,7.58371693,316.0,2020.0,0.9721181966290613,-6.17,-49.37,-9.156618118286133,-66.65595245361328
47.54260867,7.58371693,316.0,2020.0,0.7295575540864875,-6.04,-37.39,-9.09587287902832,-66.14838409423828
47.54260867,7.58371693,316.0,2020.0,0.2802306751992159,-5.9,-40.35,-8.675718307495117,-62.63770294189453
47.54260867,7.58371693,316.0,2020.0,-0.6932812268869771,-5.98,-40.57,-8.379585266113281,-60.163307189941406
47.54260867,7.58371693,316.0,2020.0,-0.9634705485641486,-7.38,-49.3,-8.037893295288086,-57.30823516845703
47.54260867,7.58371693,316.0,2020.0,-0.970063921851507,-10.33,-73.8,-8.035362243652344,-57.287086486816406
47.54260867,7.58371693,316.0,2020.0,-0.7116566222817751,-6.44,-42.64,-8.336557388305664,-59.80377960205078
47.54260867,7.58371693,316.0,2020.0,-0.27195815753410524,-14.36,-106.24,-8.650407791137695,-62.42621612548828
47.54260867,7.58371693,316.0,2021.0,0.2386727660059501,-11.58,-83.99,-8.665594100952148,-62.55310821533203
47.54260867,7.58371693,316.0,2021.0,0.6994583270516471,-10.9,-80.08,-9.075624465942383,-65.97919464111328
47.54260867,7.58371693,316.0,2021.0,0.9510565162951535,-7.66,-52.14,-9.151556015014648,-66.61365509033203
47.54260867,7.58371693,316.0,2021.0,0.9760105506323683,-12.37,-90.24,-9.151556015014648,-66.61365509033203
47.54260867,7.58371693,316.0,2021.0,0.741222010848596,-9.25,-67.58,-9.100934982299805,-66.19068145751953
47.54260867,7.58371693,316.0,2021.0,0.29671281927349075,-6.23,-42.48,-8.680780410766602,-62.68000030517578
47.54260867,7.58371693,316.0,2021.0,-0.2135209154397959,-7.52,-52.66,-8.645345687866211,-62.38391876220703
47.54260867,7.58371693,316.0,2021.0,-0.680773409477016,-7.05,-49.84,-8.407426834106445,-60.39594268798828
47.54260867,7.58371693,316.0,2021.0,-0.9587178169872964,-6.38,-41.48,-8.035362243652344,-57.287086486816406
47.54260867,7.58371693,316.0,2021.0,-0.9741004551724206,-8.61,-61.91,-8.032831192016602,-57.26593780517578
47.54260867,7.58371693,316.0,2021.0,-0.7236440382959123,-10.46,-71.94,-8.3087158203125,-59.571144104003906
47.54260867,7.58371693,316.0,2021.0,-0.2884824328806098,-11.89,-89.14,-8.645345687866211,-62.38391876220703
47.54260867,7.58371693,316.0,2017.0,0.9760105506323683,-9.8,-65.2,-9.156618118286133,-66.65595245361328
47.54260867,7.58371693,316.0,2019.0,0.9760105506323683,-13.58,-99.67,-9.156618118286133,-66.65595245361328
47.54260867,7.58371693,316.0,2017.0,0.2386727660059501,-10.24,-72.0,-8.670656204223633,-62.59540557861328
47.54260867,7.58371693,316.0,2017.0,-0.7236440382959123,-11.14,-80.7,-8.3087158203125,-59.571144104003906
47.54260867,7.58371693,316.0,2022.0,0.2386727660059501,-9.28,-64.8,-8.665594100952148,-62.55310821533203
47.54260867,7.58371693,316.0,2022.0,0.6994583270516471,-6.84,-44.5,-9.070562362670898,-65.93689727783203
47.54260867,7.58371693,316.0,2022.0,0.9510565162951535,-8.89,-56.5,-9.151556015014648,-66.61365509033203
47.54260867,7.58371693,316.0,2022.0,0.9760105506323683,-10.67,-76.4,-9.151556015014648,-66.61365509033203
47.54260867,7.58371693,316.0,2022.0,0.741222010848596,-4.02,-24.1,-9.100934982299805,-66.19068145751953
47.54260867,7.58371693,316.0,2017.0,0.6994583270516471,-12.19,-86.9,-9.080686569213867,-66.02149200439453
47.54260867,7.58371693,316.0,2017.0,-0.2884824328806098,-12.54,-93.2,-8.650407791137695,-62.42621612548828
47.54260867,7.58371693,316.0,2018.0,-0.7236440382959123,-11.95,-87.1,-8.3087158203125,-59.571144104003906
47.54260867,7.58371693,316.0,2019.0,0.9510565162951535,-6.64,-46.13,-9.156618118286133,-66.65595245361328
47.54260867,7.58371693,316.0,2019.0,-0.2884824328806098,-10.59,-79.6,-8.650407791137695,-62.42621612548828
47.54260867,7.58371693,316.0,2018.0,0.6994583270516471,-10.17,-73.4,-9.080686569213867,-66.02149200439453
47.54260867,7.58371693,316.0,2022.0,0.29671281927349075,-5.16,-32.5,-8.675718307495117,-62.63770294189453
47.54260867,7.58371693,316.0,2022.0,-0.680773409477016,-5.29,-32.1,-8.404895782470703,-60.374794006347656
47.54260867,7.58371693,316.0,2022.0,-0.9587178169872964,-7.38,-50.7,-8.035362243652344,-57.287086486816406
47.54260867,7.58371693,316.0,2022.0,-0.9741004551724206,-5.04,-35.1,-8.032831192016602,-57.26593780517578
47.54260867,7.58371693,316.0,2022.0,-0.7236440382959123,-7.83,-57.9,-8.3087158203125,-59.571144104003906
47.54260867,7.58371693,316.0,2022.0,-0.2884824328806098,-10.25,-74.6,-8.645345687866211,-62.38391876220703
47.54260867,7.58371693,316.0,2022.0,-0.2135209154397959,-3.67,-22.8,-8.645345687866211,-62.38391876220703
47.54260867,7.58371693,316.0,2023.0,0.2386727660059501,-14.21,-105.5,-8.660531997680664,-62.51081085205078
47.54260867,7.58371693,316.0,2023.0,0.9510565162951535,-6.51,-46.62,-9.146493911743164,-66.57135772705078
47.54260867,7.58371693,316.0,2023.0,0.9760105506323683,-7.85,-56.63,-9.146493911743164,-66.57135772705078
47.54260867,7.58371693,316.0,2023.0,0.741222010848596,-7.05,-50.46,-9.09587287902832,-66.14838409423828
47.54260867,7.58371693,316.0,2023.0,0.29671281927349075,-5.21,-33.39,-8.675718307495117,-62.63770294189453
47.54260867,7.58371693,316.0,2023.0,-0.2135209154397959,-4.19,-29.55,-8.645345687866211,-62.38391876220703
47.54260867,7.58371693,316.0,2023.0,-0.680773409477016,-4.95,-34.99,-8.404895782470703,-60.374794006347656
47.54260867,7.58371693,316.0,2023.0,-0.9587178169872964,-6.02,-41.03,-8.032831192016602,-57.26593780517578
47.54260867,7.58371693,316.0,2023.0,-0.9741004551724206,-10.41,-78.43,-8.03030014038086,-57.244789123535156
47.54260867,7.58371693,316.0,2023.0,-0.7236440382959123,-11.44,-86.43,-8.3087158203125,-59.571144104003906
47.54260867,7.58371693,316.0,2023.0,-0.2884824328806098,-11.58,-86.95,-8.640283584594727,-62.34162139892578
47.54260867,7.58371693,316.0,2023.0,0.6994583270516471,-6.32,-39.55,-9.065500259399414,-65.89459991455078
69.1,-105.1166667,27.0,1989.0,0.9510565162951535,-33.61,-251.1,-26.803110122680664,-214.10455322265625
69.1,-105.1166667,27.0,1989.0,0.9760105506323683,-32.22,-236.2,-26.803110122680664,-214.10455322265625
69.1,-105.1166667,27.0,1989.0,0.741222010848596,-25.12,-188.6,-26.782861709594727,-213.93536376953125
69.1,-105.1166667,27.0,1989.0,0.29671281927349075,-19.12,-144.5,-25.243982315063477,-201.07696533203125
69.1,-105.1166667,27.0,1989.0,-0.2135209154397959,-16.47,-126.9,-24.110071182250977,-191.60235595703125
69.1,-105.1166667,27.0,1989.0,-0.680773409477016,-16.53,-127.9,-23.2596378326416,-184.49639892578125
69.1,-105.1166667,27.0,1989.0,-0.9587178169872964,-18.92,-155.4,-23.168519973754883,-183.73504638671875
69.1,-105.1166667,27.0,1989.0,-0.9741004551724206,-24.96,-188.7,-23.168519973754883,-183.73504638671875
69.1,-105.1166667,27.0,1989.0,-0.7236440382959123,-33.2,-254.6,-23.219141006469727,-184.15802001953125
69.1,-105.1166667,27.0,1989.0,-0.2884824328806098,-34.4,-263.8,-24.0695743560791,-191.26397705078125
69.1,-105.1166667,27.0,1990.0,0.2386727660059501,-35.07,-268.0,-24.859262466430664,-197.86236572265625
69.1,-105.1166667,27.0,1990.0,0.6994583270516471,-32.49,-250.8,-26.74236488342285,-213.59698486328125
69.1,-105.1166667,27.0,1990.0,0.9510565162951535,-26.28,-200.1,-26.803110122680664,-214.10455322265625
69.1,-105.1166667,27.0,1990.0,0.9760105506323683,-27.89,-217.4,-26.803110122680664,-214.10455322265625
69.1,-105.1166667,27.0,1990.0,0.741222010848596,-33.39,-266.2,-26.782861709594727,-213.93536376953125
69.1,-105.1166667,27.0,1990.0,0.29671281927349075,-23.17,-176.8,-25.243982315063477,-201.07696533203125
69.1,-105.1166667,27.0,1990.0,-0.2135209154397959,-15.72,-126.3,-24.110071182250977,-191.60235595703125
69.1,-105.1166667,27.0,1990.0,-0.680773409477016,-20.87,-158.2,-23.2596378326416,-184.49639892578125
69.1,-105.1166667,27.0,1990.0,-0.9587178169872964,-19.14,-147.7,-23.168519973754883,-183.73504638671875
69.1,-105.1166667,27.0,1990.0,-0.9741004551724206,-25.71,-194.6,-23.168519973754883,-183.73504638671875
69.1,-105.1166667,27.0,1990.0,-0.7236440382959123,-27.01,-200.7,-23.219141006469727,-184.15802001953125
69.1,-105.1166667,27.0,1990.0,-0.2884824328806098,-31.2,-240.8,-24.0695743560791,-191.26397705078125
69.1,-105.1166667,27.0,1991.0,0.2386727660059501,-35.15,-274.4,-24.859262466430664,-197.86236572265625
69.1,-105.1166667,27.0,1991.0,0.6994583270516471,-29.42,-226.1,-26.74236488342285,-213.59698486328125
69.1,-105.1166667,27.0,1991.0,0.9510565162951535,-30.45,-232.8,-26.803110122680664,-214.10455322265625
69.1,-105.1166667,27.0,1991.0,0.9760105506323683,-27.52,-207.9,-26.803110122680664,-214.10455322265625
69.1,-105.1166667,27.0,1991.0,0.741222010848596,-23.54,-177.4,-26.782861709594727,-213.93536376953125
69.1,-105.1166667,27.0,1991.0,0.29671281927349075,-17.21,-124.4,-25.243982315063477,-201.07696533203125
69.1,-105.1166667,27.0,1991.0,-0.2135209154397959,-20.45,-151.0,-24.110071182250977,-191.60235595703125
69.1,-105.1166667,27.0,1991.0,-0.680773409477016,-21.29,-160.6,-23.2596378326416,-184.49639892578125
69.1,-105.1166667,27.0,1991.0,-0.9587178169872964,-21.27,-158.0,-23.168519973754883,-183.73504638671875
69.1,-105.1166667,27.0,1991.0,-0.9741004551724206,-25.26,-185.9,-23.168519973754883,-183.73504638671875
69.1,-105.1166667,27.0,1991.0,-0.7236440382959123,-33.65,-258.1,-23.219141006469727,-184.15802001953125
69.1,-105.1166667,27.0,1991.0,-0.2884824328806098,-31.3,-238.8,-24.0695743560791,-191.26397705078125
69.1,-105.1166667,27.0,1992.0,0.2386727660059501,-32.78,-255.4,-24.859262466430664,-197.86236572265625
69.1,-105.1166667,27.0,1992.0,0.6994583270516471,-30.01,-231.5,-26.74236488342285,-213.59698486328125
69.1,-105.1166667,27.0,1992.0,0.9562348265919056,-26.42,-201.5,-26.803110122680664,-214.10455322265625
69.1,-105.1166667,27.0,1992.0,0.9721181966290613,-27.49,-208.4,-26.803110122680664,-214.10455322265625
69.1,-105.1166667,27.0,1992.0,0.7295575540864875,-25.12,-195.4,-26.782861709594727,-213.93536376953125
69.1,-105.1166667,27.0,1992.0,0.2802306751992159,-22.55,-173.6,-25.12249183654785,-200.06182861328125
69.1,-105.1166667,27.0,1992.0,-0.23030567023061196,-22.23,-171.0,-24.110071182250977,-191.60235595703125
69.1,-105.1166667,27.0,1992.0,-0.6932812268869771,-15.93,-130.3,-23.239389419555664,-184.32720947265625
69.1,-105.1166667,27.0,1992.0,-0.9634705485641486,-23.58,-173.2,-23.168519973754883,-183.73504638671875
69.1,-105.1166667,27.0,1992.0,-0.970063921851507,-21.14,-157.7,-23.168519973754883,-183.73504638671875
69.1,-105.1166667,27.0,1992.0,-0.7116566222817751,-29.46,-223.5,-23.229265213012695,-184.24261474609375
69.1,-105.1166667,27.0,1992.0,-0.27195815753410524,-32.96,-249.9,-24.08982276916504,-191.43316650390625
69.1,-105.1166667,27.0,1993.0,0.2386727660059501,-31.05,-243.7,-24.859262466430664,-197.86236572265625
69.1,-105.1166667,27.0,1993.0,0.6994583270516471,-32.33,-246.1,-26.74236488342285,-213.59698486328125
69.1,-105.1166667,27.0,1993.0,0.9510565162951535,-27.07,-203.5,-26.803110122680664,-214.10455322265625
69.1,-105.1166667,27.0,1993.0,0.9760105506323683,-26.58,-195.2,-26.803110122680664,-214.10455322265625
69.1,-105.1166667,27.0,1993.0,0.741222010848596,-15.67,-115.7,-26.782861709594727,-213.93536376953125
69.1,-105.1166667,27.0,1993.0,0.29671281927349075,-20.17,-153.9,-25.243982315063477,-201.07696533203125
69.1,-105.1166667,27.0,1993.0,-0.2135209154397959,-17.29,-135.4,-24.110071182250977,-191.60235595703125
69.1,-105.1166667,27.0,1993.0,-0.680773409477016,-16.9,-131.0,-23.2596378326416,-184.49639892578125
69.1,-105.1166667,27.0,1993.0,-0.9587178169872964,-21.63,-161.1,-23.168519973754883,-183.73504638671875
69.1,-105.1166667,27.0,1993.0,-0.9741004551724206,-24.06,-182.7,-23.168519973754883,-183.73504638671875
69.1,-105.1166667,27.0,1993.0,-0.7236440382959123,-32.03,-241.6,-23.219141006469727,-184.15802001953125
69.1,-105.1166667,27.0,1993.0,-0.2884824328806098,-32.02,-245.0,-24.0695743560791,-191.26397705078125
-67.57,-68.13,5.0,1996.0,0.9721181966290613,-16.43,-129.6,-10.695497512817383,-79.51435089111328
-67.57,-68.13,5.0,1996.0,0.7295575540864875,-14.79,-115.6,-10.695497512817383,-79.51435089111328
-67.57,-68.13,5.0,1996.0,0.2802306751992159,-14.46,-109.8,-11.308012008666992,-84.63233184814453
-67.57,-68.13,5.0,1996.0,-0.23030567023061196,-17.37,-128.2,-12.290060043334961,-92.83802032470703
-67.57,-68.13,5.0,1996.0,-0.6932812268869771,-17.2,-136.0,-12.290060043334961,-92.83802032470703
-67.57,-68.13,5.0,1996.0,-0.9634705485641486,-13.73,-116.0,-12.290060043334961,-92.83802032470703
-67.57,-68.13,5.0,1996.0,-0.970063921851507,-12.24,-96.1,-12.290060043334961,-92.83802032470703
-67.57,-68.13,5.0,1996.0,-0.7116566222817751,-11.16,-92.0,-12.290060043334961,-92.83802032470703
-67.57,-68.13,5.0,1997.0,0.2386727660059501,-9.71,-85.6,-11.667421340942383,-87.63544464111328
-67.57,-68.13,5.0,1997.0,0.6994583270516471,-15.53,-125.3,-10.690435409545898,-79.47205352783203
-67.57,-68.13,5.0,1997.0,0.9510565162951535,-11.55,-93.1,-10.690435409545898,-79.47205352783203
-67.57,-68.13,5.0,1997.0,0.9760105506323683,-12.54,-101.8,-10.690435409545898,-79.47205352783203
-67.57,-68.13,5.0,1997.0,0.741222010848596,-10.7,-90.6,-10.690435409545898,-79.47205352783203
-67.57,-68.13,5.0,1997.0,0.29671281927349075,-12.53,-102.6,-11.176397323608398,-83.53260040283203
-67.57,-68.13,5.0,1997.0,-0.2135209154397959,-17.44,-134.3,-12.284997940063477,-92.79572296142578
-67.57,-68.13,5.0,1997.0,-0.680773409477016,-15.78,-125.8,-12.284997940063477,-92.79572296142578
-67.57,-68.13,5.0,1997.0,-0.9587178169872964,-13.58,-110.6,-12.284997940063477,-92.79572296142578
-67.57,-68.13,5.0,1997.0,-0.9741004551724206,-16.02,-128.9,-12.284997940063477,-92.79572296142578
-67.57,-68.13,5.0,1997.0,-0.7236440382959123,-9.47,-82.3,-12.284997940063477,-92.79572296142578
-67.57,-68.13,5.0,1997.0,-0.2884824328806098,-5.56,-57.8,-12.284997940063477,-92.79572296142578
-67.57,-68.13,5.0,1998.0,0.2386727660059501,-12.35,-103.2,-11.657297134399414,-87.55084991455078
-67.57,-68.13,5.0,1998.0,0.6994583270516471,-9.67,-85.6,-10.690435409545898,-79.47205352783203
-67.57,-68.13,5.0,1998.0,0.9510565162951535,-9.23,-79.2,-10.690435409545898,-79.47205352783203
-67.57,-68.13,5.0,1998.0,0.9760105506323683,-11.09,-89.4,-10.690435409545898,-79.47205352783203
-67.57,-68.13,5.0,1998.0,0.741222010848596,-9.76,-77.3,-10.690435409545898,-79.47205352783203
-67.57,-68.13,5.0,1998.0,0.29671281927349075,-17.98,-140.3,-11.171335220336914,-83.49030303955078
-67.57,-68.13,5.0,1998.0,-0.2135209154397959,-9.92,-81.8,-12.279935836791992,-92.75342559814453
-67.57,-68.13,5.0,1998.0,-0.680773409477016,-9.96,-78.2,-12.279935836791992,-92.75342559814453
-67.57,-68.13,5.0,1998.0,-0.9587178169872964,-11.89,-95.9,-12.279935836791992,-92.75342559814453
-67.57,-68.13,5.0,1998.0,-0.9741004551724206,-8.97,-72.9,-12.279935836791992,-92.75342559814453
-67.57,-68.13,5.0,1998.0,-0.7236440382959123,-10.78,-88.8,-12.279935836791992,-92.75342559814453
-67.57,-68.13,5.0,1998.0,-0.2884824328806098,-10.74,-91.4,-12.279935836791992,-92.75342559814453
-67.57,-68.13,5.0,1999.0,0.2386727660059501,-10.535,-90.2,-11.65223503112793,-87.50855255126953
-67.57,-68.13,5.0,1999.0,0.6994583270516471,-11.245,-84.2,-10.685373306274414,-79.42975616455078
-67.57,-68.13,5.0,1999.0,0.9510565162951535,-9.56,-85.8,-10.685373306274414,-79.42975616455078
-67.57,-68.13,5.0,1999.0,0.9760105506323683,-9.745,-78.2,-10.685373306274414,-79.42975616455078
-67.57,-68.13,5.0,1999.0,0.741222010848596,-8.38,-68.35,-10.685373306274414,-79.42975616455078
-67.57,-68.13,5.0,1999.0,0.29671281927349075,-10.56,-80.7,-11.16627311706543,-83.44800567626953
-67.57,-68.13,5.0,1999.0,-0.2135209154397959,-12.93,-100.0,-12.269811630249023,-92.66883087158203
-67.57,-68.13,5.0,1999.0,-0.680773409477016,-13.415,-107.1,-12.269811630249023,-92.66883087158203
-67.57,-68.13,5.0,1999.0,-0.9587178169872964,-11.535,-96.25,-12.269811630249023,-92.66883087158203
-67.57,-68.13,5.0,1999.0,-0.9741004551724206,-12.605,-103.75,-12.269811630249023,-92.66883087158203
-67.57,-68.13,5.0,1999.0,-0.7236440382959123,-14.535,-115.85,-12.269811630249023,-92.66883087158203
-67.57,-68.13,5.0,1999.0,-0.2884824328806098,-8.46,-79.15,-12.269811630249023,-92.66883087158203
-67.57,-68.13,5.0,2000.0,0.2386727660059501,-8.19,-69.95,-11.647172927856445,-87.46625518798828
-67.57,-68.13,5.0,2000.0,0.6994583270516471,-7.4,-67.15,-10.685373306274414,-79.42975616455078
-67.57,-68.13,5.0,2000.0,0.9562348265919056,-10.36,-84.3,-10.68031120300293,-79.38745880126953
-67.57,-68.13,5.0,2000.0,0.9721181966290613,-8.51,-71.05,-10.68031120300293,-79.38745880126953
-67.57,-68.13,5.0,2000.0,0.7295575540864875,-10.5,-82.35,-10.685373306274414,-79.42975616455078
-67.57,-68.13,5.0,2000.0,0.2802306751992159,-12.5,-96.85,-11.287763595581055,-84.46314239501953
-67.57,-68.13,5.0,2000.0,-0.23030567023061196,-8.84,-67.35,-12.269811630249023,-92.66883087158203
-67.57,-68.13,5.0,2000.0,-0.6932812268869771,-11.02,-88.0,-12.269811630249023,-92.66883087158203
-67.57,-68.13,5.0,2000.0,-0.9634705485641486,-12.21,-97.1,-12.269811630249023,-92.66883087158203
-67.57,-68.13,5.0,2000.0,-0.970063921851507,-20.61,-165.35,-12.269811630249023,-92.66883087158203
-67.57,-68.13,5.0,2000.0,-0.7116566222817751,-6.03,-71.75,-12.269811630249023,-92.66883087158203
-67.57,-68.13,5.0,2000.0,-0.27195815753410524,-9.41,-80.15,-12.269811630249023,-92.66883087158203
-67.57,-68.13,5.0,2001.0,0.2386727660059501,-17.47,-147.7,-11.637048721313477,-87.38166046142578
-67.57,-68.13,5.0,2001.0,0.6994583270516471,-8.71,-81.6,-10.68031120300293,-79.38745880126953
-67.57,-68.13,5.0,2001.0,0.9510565162951535,-9.35,-76.6,-10.68031120300293,-79.38745880126953
-67.57,-68.13,5.0,2001.0,0.9760105506323683,-13.18,-108.5,-10.68031120300293,-79.38745880126953
-67.57,-68.13,5.0,2001.0,0.741222010848596,-9.46,-80.5,-10.68031120300293,-79.38745880126953
-67.57,-68.13,5.0,2001.0,0.29671281927349075,-14.06,-112.7,-11.161211013793945,-83.40570831298828
-67.57,-68.13,5.0,2001.0,-0.2135209154397959,-14.59,-113.3,-12.264749526977539,-92.62653350830078
-67.57,-68.13,5.0,2001.0,-0.680773409477016,-13.42,-107.3,-12.264749526977539,-92.62653350830078
-67.57,-68.13,5.0,2001.0,-0.9587178169872964,-14.43,-117.6,-12.264749526977539,-92.62653350830078
-67.57,-68.13,5.0,2001.0,-0.9741004551724206,-10.19,-85.4,-12.264749526977539,-92.62653350830078
-67.57,-68.13,5.0,2001.0,-0.7236440382959123,-14.37,-116.6,-12.264749526977539,-92.62653350830078
-67.57,-68.13,5.0,2001.0,-0.2884824328806098,-15.57,-126.7,-12.264749526977539,-92.62653350830078
-67.57,-68.13,5.0,2002.0,0.2386727660059501,-16.6,-133.2,-11.637048721313477,-87.38166046142578
-67.57,-68.13,5.0,2002.0,0.6994583270516471,-18.83,-149.6,-10.68031120300293,-79.38745880126953
-67.57,-68.13,5.0,2002.0,0.9510565162951535,-8.62,-65.3,-10.68031120300293,-79.38745880126953
-67.57,-68.13,5.0,2002.0,0.9760105506323683,-14.17,-113.7,-10.68031120300293,-79.38745880126953
-67.57,-68.13,5.0,2002.0,0.741222010848596,-17.61,-139.8,-10.68031120300293,-79.38745880126953
-67.57,-68.13,5.0,2002.0,0.29671281927349075,-15.55,-119.0,-11.156148910522461,-83.36341094970703
-67.57,-68.13,5.0,2002.0,-0.680773409477016,-12.33,-99.9,-12.259687423706055,-92.58423614501953
-67.57,-68.13,5.0,2002.0,-0.9587178169872964,-16.16,-125.0,-12.259687423706055,-92.58423614501953
-67.57,-68.13,5.0,2002.0,-0.9741004551724206,-13.16,-103.8,-12.259687423706055,-92.58423614501953
-67.57,-68.13,5.0,2002.0,-0.2884824328806098,-11.41,-99.3,-12.259687423706055,-92.58423614501953
-67.57,-68.13,5.0,2003.0,0.6994583270516471,-12.32,-101.5,-10.68031120300293,-79.38745880126953
-67.57,-68.13,5.0,2003.0,0.9510565162951535,-6.92,-64.2,-10.68031120300293,-79.38745880126953
-67.57,-68.13,5.0,2003.0,0.9760105506323683,-15.09,-117.8,-10.68031120300293,-79.38745880126953
-67.57,-68.13,5.0,2003.0,0.741222010848596,-14.57,-111.0,-10.68031120300293,-79.38745880126953
-67.57,-68.13,5.0,2003.0,0.29671281927349075,-13.88,-106.3,-11.156148910522461,-83.36341094970703
-67.57,-68.13,5.0,2003.0,-0.2135209154397959,-10.83,-88.3,-12.259687423706055,-92.58423614501953
-67.57,-68.13,5.0,2003.0,-0.680773409477016,-15.07,-118.0,-12.259687423706055,-92.58423614501953
-67.57,-68.13,5.0,2003.0,-0.9587178169872964,-11.05,-86.9,-12.259687423706055,-92.58423614501953
-67.57,-68.13,5.0,2003.0,-0.9741004551724206,-10.73,-92.9,-12.259687423706055,-92.58423614501953
-67.57,-68.13,5.0,2003.0,-0.7236440382959123,-10.47,-82.0,-12.259687423706055,-92.58423614501953
-67.57,-68.13,5.0,2003.0,-0.2884824328806098,-0.52,-33.6,-12.259687423706055,-92.58423614501953
-67.57,-68.13,5.0,2004.0,0.2386727660059501,-11.52,-87.22,-11.637048721313477,-87.38166046142578
-67.57,-68.13,5.0,2004.0,0.6994583270516471,-10.58,-88.3,-10.675249099731445,-79.34516143798828
-67.57,-68.13,5.0,2004.0,0.9562348265919056,-6.67,-60.2,-10.675249099731445,-79.34516143798828
-67.57,-68.13,5.0,2004.0,0.9721181966290613,-16.66,-133.72,-10.675249099731445,-79.34516143798828
-67.57,-68.13,5.0,2004.0,0.7295575540864875,-11.11,-89.86,-10.675249099731445,-79.34516143798828
-67.57,-68.13,5.0,2004.0,0.2802306751992159,-10.54,-80.11,-11.28270149230957,-84.42084503173828
-67.57,-68.13,5.0,2004.0,-0.23030567023061196,-16.15,-125.68,-12.259687423706055,-92.58423614501953
-67.57,-68.13,5.0,2004.0,-0.6932812268869771,-16.2,-124.57,-12.259687423706055,-92.58423614501953
-67.57,-68.13,5.0,2004.0,-0.9634705485641486,-15.52,-118.55,-12.259687423706055,-92.58423614501953
-67.57,-68.13,5.0,2004.0,-0.970063921851507,-13.5,-109.8,-12.259687423706055,-92.58423614501953
-67.57,-68.13,5.0,2004.0,-0.7116566222817751,-12.48,-109.1,-12.259687423706055,-92.58423614501953
-67.57,-68.13,5.0,2004.0,-0.27195815753410524,-12.48,-104.14,-12.259687423706055,-92.58423614501953
-67.57,-68.13,5.0,2005.0,0.2386727660059501,-7.99,-76.26,-11.637048721313477,-87.38166046142578
-67.57,-68.13,5.0,2005.0,0.6994583270516471,-8.79,-75.18,-10.675249099731445,-79.34516143798828
-67.57,-68.13,5.0,2005.0,0.9510565162951535,-11.6,-92.01,-10.675249099731445,-79.34516143798828
-67.57,-68.13,5.0,2005.0,0.741222010848596,-15.44,-120.2,-10.675249099731445,-79.34516143798828
-67.57,-68.13,5.0,2005.0,-0.2135209154397959,-15.82,-119.67,-12.25462532043457,-92.54193878173828
-67.57,-68.13,5.0,2005.0,-0.680773409477016,-15.1,-117.33,-12.25462532043457,-92.54193878173828
-67.57,-68.13,5.0,2005.0,-0.9587178169872964,-13.02,-111.8,-12.25462532043457,-92.54193878173828
-67.57,-68.13,5.0,2005.0,-0.7236440382959123,-12.39,-102.54,-12.25462532043457,-92.54193878173828
-67.57,-68.13,5.0,2005.0,-0.2884824328806098,-11.42,-97.82,-12.25462532043457,-92.54193878173828
-67.57,-68.13,5.0,2006.0,0.2386727660059501,-2.36,-38.26,-11.637048721313477,-87.38166046142578
-67.57,-68.13,5.0,2006.0,0.6994583270516471,-12.88,-108.25,-10.675249099731445,-79.34516143798828
-67.57,-68.13,5.0,2006.0,0.9510565162951535,-11.86,-94.85,-10.675249099731445,-79.34516143798828
-67.57,-68.13,5.0,2006.0,0.9760105506323683,-12.42,-100.38,-10.675249099731445,-79.34516143798828
-67.57,-68.13,5.0,2006.0,0.741222010848596,-18.88,-148.35,-10.675249099731445,-79.34516143798828
-67.57,-68.13,5.0,2006.0,0.29671281927349075,-11.35,-87.74,-11.156148910522461,-83.36341094970703
-67.57,-68.13,5.0,2006.0,-0.2135209154397959,-19.82,-155.6,-12.25462532043457,-92.54193878173828
-67.57,-68.13,5.0,2006.0,-0.680773409477016,-14.65,-115.19,-12.25462532043457,-92.54193878173828
-67.57,-68.13,5.0,2006.0,-0.9587178169872964,-16.05,-125.53,-12.25462532043457,-92.54193878173828
-67.57,-68.13,5.0,2006.0,-0.9741004551724206,-13.27,-108.61,-12.25462532043457,-92.54193878173828
-67.57,-68.13,5.0,2006.0,-0.7236440382959123,-15.89,-135.27,-12.25462532043457,-92.54193878173828
-67.57,-68.13,5.0,2006.0,-0.2884824328806098,-15.95,-126.94,-12.25462532043457,-92.54193878173828
-67.57,-68.13,5.0,2007.0,0.6994583270516471,-8.11,-74.4,-10.675249099731445,-79.34516143798828
-67.57,-68.13,5.0,2007.0,0.9510565162951535,-13.61,-103.11,-10.675249099731445,-79.34516143798828
-67.57,-68.13,5.0,2007.0,0.741222010848596,-10.47,-83.57,-10.675249099731445,-79.34516143798828
-67.57,-68.13,5.0,2007.0,0.29671281927349075,-14.32,-105.7,-11.161211013793945,-83.40570831298828
-67.57,-68.13,5.0,2007.0,-0.680773409477016,-14.07,-116.88,-12.249563217163086,-92.49964141845703
-67.57,-68.13,5.0,2007.0,-0.9587178169872964,-9.38,-72.9,-12.249563217163086,-92.49964141845703
-67.57,-68.13,5.0,2007.0,-0.9741004551724206,-15.92,-133.39,-12.249563217163086,-92.49964141845703
-67.57,-68.13,5.0,2008.0,0.6994583270516471,-9.63,-85.35,-10.675249099731445,-79.34516143798828
-67.57,-68.13,5.0,2008.0,0.9562348265919056,-14.13,-116.11,-10.670186996459961,-79.30286407470703
-67.57,-68.13,5.0,2008.0,0.9721181966290613,-14.29,-116.63,-10.670186996459961,-79.30286407470703
-67.57,-68.13,5.0,2008.0,0.7295575540864875,-16.66,-140.02,-10.675249099731445,-79.34516143798828
-67.57,-68.13,5.0,2008.0,0.2802306751992159,-9.98,-87.2,-11.287763595581055,-84.46314239501953
-67.57,-68.13,5.0,2008.0,-0.23030567023061196,-13.82,-113.28,-12.249563217163086,-92.49964141845703
-67.57,-68.13,5.0,2008.0,-0.6932812268869771,-8.32,-66.95,-12.249563217163086,-92.49964141845703
-67.57,-68.13,5.0,2008.0,-0.9634705485641486,-9.82,-83.88,-12.249563217163086,-92.49964141845703
-67.57,-68.13,5.0,2008.0,-0.970063921851507,-10.62,-88.78,-12.249563217163086,-92.49964141845703
-67.57,-68.13,5.0,2008.0,-0.7116566222817751,-7.74,-61.81,-12.249563217163086,-92.49964141845703
-67.57,-68.13,5.0,2009.0,0.2386727660059501,-7.82,-60.01,-11.647172927856445,-87.46625518798828
-67.57,-68.13,5.0,2009.0,0.6994583270516471,-6.89,-70.66,-10.670186996459961,-79.30286407470703
-67.57,-68.13,5.0,2009.0,0.9510565162951535,-9.87,-95.95,-10.670186996459961,-79.30286407470703
-67.57,-68.13,5.0,2009.0,0.9760105506323683,-17.65,-134.41,-10.670186996459961,-79.30286407470703
-67.57,-68.13,5.0,2009.0,0.741222010848596,-13.23,-101.29,-10.670186996459961,-79.30286407470703
-67.57,-68.13,5.0,2009.0,0.29671281927349075,-15.88,-120.24,-11.16627311706543,-83.44800567626953
-67.57,-68.13,5.0,2009.0,-0.2135209154397959,-16.4,-125.01,-12.249563217163086,-92.49964141845703
-67.57,-68.13,5.0,2009.0,-0.680773409477016,-15.96,-125.79,-12.249563217163086,-92.49964141845703
-67.57,-68.13,5.0,2009.0,-0.9587178169872964,-16.08,-127.89,-12.249563217163086,-92.49964141845703
-67.57,-68.13,5.0,2009.0,-0.9741004551724206,-15.63,-123.6,-12.249563217163086,-92.49964141845703
-67.57,-68.13,5.0,2010.0,0.6994583270516471,-20.25753762,-158.419521,-10.670186996459961,-79.30286407470703
-67.57,-68.13,5.0,2010.0,0.9510565162951535,-10.96701,-80.78744939,-10.670186996459961,-79.30286407470703
-67.57,-68.13,5.0,2010.0,0.741222010848596,-18.06861291,-145.4832326,-10.670186996459961,-79.30286407470703
-67.57,-68.13,5.0,2010.0,0.29671281927349075,-12.90566442,-103.1693024,-11.171335220336914,-83.49030303955078
-67.57,-68.13,5.0,2010.0,-0.2135209154397959,-17.99699461,-141.7027569,-12.244501113891602,-92.45734405517578
-67.57,-68.13,5.0,2010.0,-0.680773409477016,-15.49373275,-125.5242189,-12.244501113891602,-92.45734405517578
-67.57,-68.13,5.0,2010.0,-0.9587178169872964,-12.86132668,-102.1841523,-12.244501113891602,-92.45734405517578
-67.57,-68.13,5.0,2010.0,-0.2884824328806098,-10.89945489,-85.89064014,-12.244501113891602,-92.45734405517578
-67.57,-68.13,5.0,2011.0,0.6994583270516471,-10.90448663,-91.07581422,-10.670186996459961,-79.30286407470703
-67.57,-68.13,5.0,2011.0,0.9760105506323683,-13.96722374,-107.234204,-10.670186996459961,-79.30286407470703
-67.57,-68.13,5.0,2011.0,0.741222010848596,-16.2769796,-126.6336222,-10.670186996459961,-79.30286407470703
-67.57,-68.13,5.0,2011.0,-0.2135209154397959,-13.02409089,-105.8368321,-12.244501113891602,-92.45734405517578
-67.57,-68.13,5.0,2011.0,-0.680773409477016,-13.00430426,-98.95951702,-12.244501113891602,-92.45734405517578
-67.57,-68.13,5.0,2011.0,-0.9587178169872964,-15.59015716,-123.0243535,-12.244501113891602,-92.45734405517578
-67.57,-68.13,5.0,2011.0,-0.7236440382959123,-17.37964044,-135.6954795,-12.244501113891602,-92.45734405517578
-67.57,-68.13,5.0,2012.0,0.2386727660059501,-15.19,-125.76,-11.672483444213867,-87.67774200439453
-67.57,-68.13,5.0,2012.0,0.9562348265919056,-12.86,-100.64,-10.665124893188477,-79.26056671142578
-67.57,-68.13,5.0,2012.0,0.9721181966290613,-15.64,-128.58,-10.665124893188477,-79.26056671142578
-67.57,-68.13,5.0,2012.0,0.7295575540864875,-15.25,-118.29,-10.665124893188477,-79.26056671142578
-67.57,-68.13,5.0,2012.0,0.2802306751992159,-17.1,-131.58,-11.313074111938477,-84.67462921142578
-67.57,-68.13,5.0,2012.0,-0.23030567023061196,-15.33,-124.2,-12.244501113891602,-92.45734405517578
-67.57,-68.13,5.0,2012.0,-0.6932812268869771,-12.47,-94.64,-12.244501113891602,-92.45734405517578
-67.57,-68.13,5.0,2012.0,-0.9634705485641486,-12.62,-100.35,-12.244501113891602,-92.45734405517578
-67.57,-68.13,5.0,2012.0,-0.970063921851507,-15.11,-120.06,-12.244501113891602,-92.45734405517578
-67.57,-68.13,5.0,2012.0,-0.7116566222817751,-13.06,-108.28,-12.244501113891602,-92.45734405517578
-67.57,-68.13,5.0,2013.0,0.2386727660059501,-7.41,-75.7,-11.682607650756836,-87.76233673095703
-67.57,-68.13,5.0,2013.0,0.6994583270516471,-15.32,-125.48,-10.665124893188477,-79.26056671142578
-67.57,-68.13,5.0,2013.0,0.9510565162951535,-11.36,-91.68,-10.665124893188477,-79.26056671142578
-67.57,-68.13,5.0,2013.0,0.9760105506323683,-11.23,-86.46,-10.665124893188477,-79.26056671142578
-67.57,-68.13,5.0,2013.0,0.741222010848596,-13.26,-103.37,-10.665124893188477,-79.26056671142578
-67.57,-68.13,5.0,2013.0,0.29671281927349075,-12.85,-95.39,-11.196645736694336,-83.70178985595703
-67.57,-68.13,5.0,2013.0,-0.2135209154397959,-15.18,-117.75,-12.239439010620117,-92.41504669189453
-67.57,-68.13,5.0,2013.0,-0.680773409477016,-13.3,-99.64,-12.239439010620117,-92.41504669189453
-67.57,-68.13,5.0,2013.0,-0.9587178169872964,-14.11,-108.87,-12.239439010620117,-92.41504669189453
-67.57,-68.13,5.0,2013.0,-0.9741004551724206,-14.54,-116.26,-12.239439010620117,-92.41504669189453
-67.57,-68.13,5.0,2013.0,-0.7236440382959123,-14.99,-122.65,-12.239439010620117,-92.41504669189453
-67.57,-68.13,5.0,2013.0,-0.2884824328806098,-10.23,-96.0,-12.239439010620117,-92.41504669189453
-67.57,-68.13,5.0,2014.0,0.6994583270516471,-11.39,-88.1,-10.660062789916992,-79.21826934814453
-67.57,-68.13,5.0,2014.0,0.9510565162951535,-14.25,-112.9,-10.660062789916992,-79.21826934814453
-67.57,-68.13,5.0,2014.0,0.9760105506323683,-13.1,-103.1,-10.660062789916992,-79.21826934814453
-67.57,-68.13,5.0,2014.0,0.741222010848596,-22.29,-171.8,-10.660062789916992,-79.21826934814453
-67.57,-68.13,5.0,2014.0,0.29671281927349075,-16.8,-129.6,-11.206769943237305,-83.78638458251953
-67.57,-68.13,5.0,2014.0,-0.2135209154397959,-13.92,-104.6,-12.234376907348633,-92.37274932861328
-67.57,-68.13,5.0,2014.0,-0.680773409477016,-19.54,-153.7,-12.234376907348633,-92.37274932861328
-67.57,-68.13,5.0,2014.0,-0.9587178169872964,-14.4,-112.1,-12.234376907348633,-92.37274932861328
-67.57,-68.13,5.0,2015.0,0.2386727660059501,-19.46,-154.1,-11.707918167114258,-87.97382354736328
-67.57,-68.13,5.0,2015.0,0.6994583270516471,-12.15,-96.3,-10.660062789916992,-79.21826934814453
-67.57,-68.13,5.0,2015.0,0.9510565162951535,-13.94,-107.8,-10.660062789916992,-79.21826934814453
-67.57,-68.13,5.0,2015.0,0.9760105506323683,-13.01,-102.1,-10.660062789916992,-79.21826934814453
-67.57,-68.13,5.0,2015.0,0.741222010848596,-15.11,-113.7,-10.660062789916992,-79.21826934814453
-67.57,-68.13,5.0,2015.0,0.29671281927349075,-17.59,-131.3,-11.221956253051758,-83.91327667236328
-67.57,-68.13,5.0,2015.0,-0.2135209154397959,-16.32,-126.4,-12.229314804077148,-92.33045196533203
-67.57,-68.13,5.0,2015.0,-0.680773409477016,-14.83,-112.6,-12.229314804077148,-92.33045196533203
-67.57,-68.13,5.0,2015.0,-0.9587178169872964,-16.35,-126.3,-12.229314804077148,-92.33045196533203
-67.57,-68.13,5.0,2015.0,-0.9741004551724206,-14.19,-113.4,-12.229314804077148,-92.33045196533203
-67.57,-68.13,5.0,2015.0,-0.7236440382959123,-18.37,-146.6,-12.229314804077148,-92.33045196533203
-67.57,-68.13,5.0,2016.0,0.9721181966290613,-16.35,-129.3,-10.655000686645508,-79.17597198486328
-67.57,-68.13,5.0,2016.0,0.7295575540864875,-17.26,-135.9,-10.655000686645508,-79.17597198486328
-67.57,-68.13,5.0,2016.0,0.2802306751992159,-21.41,-167.9,-11.36369514465332,-85.09760284423828
-67.57,-68.13,5.0,2016.0,-0.23030567023061196,-15.81,-123.6,-12.224252700805664,-92.28815460205078
-67.57,-68.13,5.0,2016.0,-0.6932812268869771,-15.88,-124.5,-12.224252700805664,-92.28815460205078
-67.57,-68.13,5.0,2016.0,-0.9634705485641486,-14.58,-113.8,-12.224252700805664,-92.28815460205078
-67.57,-68.13,5.0,2016.0,-0.7116566222817751,-16.52,-129.3,-12.224252700805664,-92.28815460205078
-67.57,-68.13,5.0,2020.0,0.2386727660059501,-15.77,-125.0,-11.758539199829102,-88.39679718017578
-67.57,-68.13,5.0,2020.0,-0.23030567023061196,-17.53,-135.3,-12.198942184448242,-92.07666778564453
-67.57,-68.13,5.0,1999.0,6.432490598706546e-16,-13.73,-110.9,-12.269811630249023,-92.66883087158203
-67.57,-68.13,5.0,2007.0,0.9760105506323683,-20.4,-166.77,-10.675249099731445,-79.34516143798828
-67.57,-68.13,5.0,2012.0,-0.27195815753410524,-18.02,-141.31,-12.244501113891602,-92.45734405517578
-67.57,-68.13,5.0,2017.0,0.9510565162951535,-12.24,-97.3,-10.649938583374023,-79.13367462158203
-67.57,-68.13,5.0,2017.0,0.741222010848596,-13.49,-103.0,-10.649938583374023,-79.13367462158203
-67.57,-68.13,5.0,2017.0,0.29671281927349075,-13.89,-107.1,-11.242204666137695,-84.08246612548828
-67.57,-68.13,5.0,2017.0,-0.2135209154397959,-13.02,-99.0,-12.21919059753418,-92.24585723876953
-67.57,-68.13,5.0,2017.0,-0.680773409477016,-15.62,-122.2,-12.21919059753418,-92.24585723876953
-67.57,-68.13,5.0,2017.0,-0.9587178169872964,-14.0,-106.3,-12.21919059753418,-92.24585723876953
-67.57,-68.13,5.0,2017.0,-0.9741004551724206,-17.2,-135.7,-12.21919059753418,-92.24585723876953
-67.57,-68.13,5.0,2018.0,0.9510565162951535,-12.91,-100.9,-10.649938583374023,-79.13367462158203
-67.57,-68.13,5.0,2018.0,0.9760105506323683,-9.75,-77.3,-10.649938583374023,-79.13367462158203
-67.57,-68.13,5.0,2018.0,0.741222010848596,-13.92,-107.2,-10.649938583374023,-79.13367462158203
-67.57,-68.13,5.0,2018.0,0.29671281927349075,-16.12,-126.3,-11.257390975952148,-84.20935821533203
-67.57,-68.13,5.0,2018.0,-0.2135209154397959,-15.72,-122.4,-12.214128494262695,-92.20355987548828
-67.57,-68.13,5.0,2018.0,-0.680773409477016,-18.06,-140.1,-12.214128494262695,-92.20355987548828
-67.57,-68.13,5.0,2018.0,-0.9587178169872964,-15.18,-118.3,-12.214128494262695,-92.20355987548828
-67.57,-68.13,5.0,2018.0,-0.9741004551724206,-12.74,-100.6,-12.214128494262695,-92.20355987548828
-67.57,-68.13,5.0,2019.0,0.741222010848596,-12.13,-95.0,-10.644876480102539,-79.09137725830078
-67.57,-68.13,5.0,2019.0,0.29671281927349075,-16.24,-129.0,-11.267515182495117,-84.29395294189453
-67.57,-68.13,5.0,2019.0,-0.2135209154397959,-14.2,-112.1,-12.209066390991211,-92.16126251220703
-67.57,-68.13,5.0,2019.0,-0.680773409477016,-13.66,-111.9,-12.209066390991211,-92.16126251220703
-67.57,-68.13,5.0,2019.0,-0.9587178169872964,-19.39,-153.1,-12.209066390991211,-92.16126251220703
-67.57,-68.13,5.0,2019.0,-0.9741004551724206,-14.75,-116.6,-12.209066390991211,-92.16126251220703
-67.57,-68.13,5.0,2019.0,-0.7236440382959123,-17.45,-137.2,-12.209066390991211,-92.16126251220703
-67.57,-68.13,5.0,2020.0,0.6994583270516471,-14.03,-109.0,-10.639814376831055,-79.04907989501953
-67.57,-68.13,5.0,2020.0,0.9562348265919056,-12.01,-94.5,-10.639814376831055,-79.04907989501953
-67.57,-68.13,5.0,2020.0,0.9721181966290613,-18.48,-143.9,-10.639814376831055,-79.04907989501953
-67.57,-68.13,5.0,2020.0,0.7295575540864875,-10.79,-88.1,-10.639814376831055,-79.04907989501953
-67.57,-68.13,5.0,2020.0,0.2802306751992159,-16.95,-132.6,-11.404191970825195,-85.43598175048828
-67.57,-68.13,5.0,2020.0,-0.6932812268869771,-16.53,-127.8,-12.198942184448242,-92.07666778564453
-67.57,-68.13,5.0,2020.0,-0.9634705485641486,-13.47,-106.6,-12.198942184448242,-92.07666778564453
-67.57,-68.13,5.0,2020.0,-0.970063921851507,-15.72,-124.9,-12.198942184448242,-92.07666778564453
-67.57,-68.13,5.0,2020.0,-0.7116566222817751,-13.26,-108.4,-12.198942184448242,-92.07666778564453
-67.57,-68.13,5.0,2020.0,-0.27195815753410524,-14.06,-108.3,-12.198942184448242,-92.07666778564453
-67.57,-68.13,5.0,2021.0,0.2386727660059501,-13.8,-111.1,-11.763601303100586,-88.43909454345703
-67.57,-68.13,5.0,2021.0,0.6994583270516471,-19.49,-152.2,-10.63475227355957,-79.00678253173828
-67.57,-68.13,5.0,2021.0,0.9510565162951535,-23.61,-185.4,-10.63475227355957,-79.00678253173828
-67.57,-68.13,5.0,2021.0,0.9760105506323683,-13.62,-109.4,-10.63475227355957,-79.00678253173828
-67.57,-68.13,5.0,2021.0,0.741222010848596,-15.81,-123.1,-10.63475227355957,-79.00678253173828
-67.57,-68.13,5.0,2021.0,0.29671281927349075,-15.75,-125.3,-11.28270149230957,-84.42084503173828
-67.57,-68.13,5.0,2021.0,-0.2135209154397959,-16.63,-129.7,-12.193880081176758,-92.03437042236328
-67.57,-68.13,5.0,2021.0,-0.680773409477016,-17.79,-139.7,-12.193880081176758,-92.03437042236328
-67.57,-68.13,5.0,2021.0,-0.9587178169872964,-14.28,-112.1,-12.193880081176758,-92.03437042236328
-67.57,-68.13,5.0,2021.0,-0.9741004551724206,-18.39,-145.1,-12.193880081176758,-92.03437042236328
-67.57,-68.13,5.0,2021.0,-0.7236440382959123,-11.27,-91.7,-12.193880081176758,-92.03437042236328
-67.57,-68.13,5.0,2021.0,-0.2884824328806098,-12.39,-100.9,-12.193880081176758,-92.03437042236328
49.67,-93.72,420.0,1997.0,0.6994583270516471,-24.16,-191.0,-17.1041202545166,-133.06280517578125
49.67,-93.72,420.0,1997.0,0.741222010848596,-13.34,-106.6,-17.1041202545166,-133.06280517578125
49.67,-93.72,420.0,1997.0,0.29671281927349075,-10.15,-81.1,-17.1041202545166,-133.06280517578125
49.67,-93.72,420.0,1997.0,-0.2135209154397959,-8.36,-62.4,-17.073747634887695,-132.80902099609375
49.67,-93.72,420.0,1997.0,-0.9741004551724206,-9.89,-72.4,-14.350336074829102,-110.05304718017578
49.67,-93.72,420.0,1997.0,-0.7236440382959123,-19.26,-147.1,-14.755304336547852,-113.43683624267578
49.67,-93.72,420.0,1998.0,0.2386727660059501,-27.28,-214.7,-17.1041202545166,-133.06280517578125
49.67,-93.72,420.0,1998.0,0.6994583270516471,-14.14,-106.8,-17.1041202545166,-133.06280517578125
49.67,-93.72,420.0,1998.0,0.9760105506323683,-4.42,-22.8,-17.1041202545166,-133.06280517578125
49.67,-93.72,420.0,1998.0,0.741222010848596,-5.9,-39.2,-17.1041202545166,-133.06280517578125
49.67,-93.72,420.0,1998.0,0.29671281927349075,-13.89,-103.2,-17.1041202545166,-133.06280517578125
49.67,-93.72,420.0,1998.0,-0.680773409477016,-7.15,-55.4,-14.988161087036133,-115.38251495361328
49.67,-93.72,420.0,1998.0,-0.9587178169872964,-10.67,-77.7,-14.350336074829102,-110.05304718017578
49.67,-93.72,420.0,1998.0,-0.9741004551724206,-9.46,-68.2,-14.350336074829102,-110.05304718017578
49.67,-93.72,420.0,1998.0,-0.7236440382959123,-20.19,-157.0,-14.755304336547852,-113.43683624267578
49.67,-93.72,420.0,1998.0,-0.2884824328806098,-23.8,-181.7,-17.03325080871582,-132.47064208984375
49.67,-93.72,420.0,1999.0,0.2386727660059501,-25.43,-184.6,-17.1041202545166,-133.06280517578125
49.67,-93.72,420.0,1999.0,0.6994583270516471,-16.78,-124.8,-17.1041202545166,-133.06280517578125
49.67,-93.72,420.0,1999.0,0.9510565162951535,-14.77,-104.2,-17.1041202545166,-133.06280517578125
49.67,-93.72,420.0,1999.0,0.9760105506323683,-11.53,-80.9,-17.1041202545166,-133.06280517578125
49.67,-93.72,420.0,1999.0,0.29671281927349075,-8.05,-54.5,-17.1041202545166,-133.06280517578125
49.67,-93.72,420.0,1999.0,-0.2135209154397959,-7.56,-49.3,-17.073747634887695,-132.80902099609375
49.67,-93.72,420.0,1999.0,-0.680773409477016,-12.76,-89.3,-14.988161087036133,-115.38251495361328
49.67,-93.72,420.0,1999.0,-0.9587178169872964,-12.4,-88.0,-14.350336074829102,-110.05304718017578
49.67,-93.72,420.0,1999.0,-0.9741004551724206,-16.32,-119.5,-14.350336074829102,-110.05304718017578
49.67,-93.72,420.0,1999.0,-0.7236440382959123,-21.52,-159.5,-14.755304336547852,-113.43683624267578
49.67,-93.72,420.0,1999.0,-0.2884824328806098,-12.42,-83.8,-17.03325080871582,-132.47064208984375
49.67,-93.72,420.0,2000.0,0.2386727660059501,-23.55,-175.2,-17.1041202545166,-133.06280517578125
49.67,-93.72,420.0,2000.0,0.9562348265919056,-11.76,-82.2,-17.1041202545166,-133.06280517578125
49.67,-93.72,420.0,2000.0,0.9721181966290613,-13.89,-109.0,-17.1041202545166,-133.06280517578125
49.67,-93.72,420.0,2000.0,0.7295575540864875,-10.69,-80.4,-17.1041202545166,-133.06280517578125
49.67,-93.72,420.0,2000.0,0.2802306751992159,-10.4,-74.8,-17.1041202545166,-133.06280517578125
49.67,-93.72,420.0,2000.0,-0.23030567023061196,-9.56,-68.6,-17.073747634887695,-132.80902099609375
49.67,-93.72,420.0,2000.0,-0.6932812268869771,-9.07,-60.3,-14.907167434692383,-114.70575714111328
49.67,-93.72,420.0,2000.0,-0.9634705485641486,-15.56,-117.0,-14.350336074829102,-110.05304718017578
49.67,-93.72,420.0,2000.0,-0.970063921851507,-10.52,-70.9,-14.350336074829102,-110.05304718017578
49.67,-93.72,420.0,2000.0,-0.7116566222817751,-14.04,-96.7,-14.805925369262695,-113.85980987548828
49.67,-93.72,420.0,2000.0,-0.27195815753410524,-28.29,-209.6,-17.04337501525879,-132.55523681640625
49.67,-93.72,420.0,2001.0,0.2386727660059501,-23.52,-176.5,-17.1041202545166,-133.06280517578125
49.67,-93.72,420.0,2001.0,0.6994583270516471,-19.84,-145.4,-17.1041202545166,-133.06280517578125
49.67,-93.72,420.0,2001.0,0.9510565162951535,-19.34,-143.6,-17.1041202545166,-133.06280517578125
49.67,-93.72,420.0,2001.0,0.9760105506323683,-23.75,-175.6,-17.1041202545166,-133.06280517578125
49.67,-93.72,420.0,2001.0,0.741222010848596,-14.01,-103.2,-17.1041202545166,-133.06280517578125
49.67,-93.72,420.0,2001.0,0.29671281927349075,-8.14,-55.8,-17.1041202545166,-133.06280517578125
49.67,-93.72,420.0,2001.0,-0.2135209154397959,-5.78,-38.7,-17.073747634887695,-132.80902099609375
49.67,-93.72,420.0,2001.0,-0.680773409477016,-8.75,-60.7,-14.978036880493164,-115.29792022705078
49.67,-93.72,420.0,2001.0,-0.9587178169872964,-8.54,-60.0,-14.350336074829102,-110.05304718017578
49.67,-93.72,420.0,2001.0,-0.9741004551724206,-15.64,-115.7,-14.350336074829102,-110.05304718017578
49.67,-93.72,420.0,2001.0,-0.7236440382959123,-20.62,-153.4,-14.755304336547852,-113.43683624267578
49.67,-93.72,420.0,2001.0,-0.2884824328806098,-14.63,-106.6,-17.03325080871582,-132.47064208984375
49.67,-93.72,420.0,2002.0,0.2386727660059501,-24.94,-190.3,-17.1041202545166,-133.06280517578125
49.67,-93.72,420.0,2002.0,0.6994583270516471,-24.03,-180.4,-17.1041202545166,-133.06280517578125
49.67,-93.72,420.0,2002.0,0.9510565162951535,-23.21,-175.1,-17.1041202545166,-133.06280517578125
49.67,-93.72,420.0,2002.0,0.9760105506323683,-11.61,-77.5,-17.1041202545166,-133.06280517578125
49.67,-93.72,420.0,2002.0,0.741222010848596,-12.73,-93.0,-17.1041202545166,-133.06280517578125
49.67,-93.72,420.0,2002.0,0.29671281927349075,-8.49,-59.2,-17.1041202545166,-133.06280517578125
49.67,-93.72,420.0,2002.0,-0.2135209154397959,-8.32,-64.4,-17.073747634887695,-132.80902099609375
49.67,-93.72,420.0,2002.0,-0.680773409477016,-10.36,-74.7,-14.978036880493164,-115.29792022705078
49.67,-93.72,420.0,2002.0,-0.9587178169872964,-8.2,-52.2,-14.350336074829102,-110.05304718017578
49.67,-93.72,420.0,2002.0,-0.9741004551724206,-17.84,-126.5,-14.340211868286133,-109.96845245361328
49.67,-93.72,420.0,2002.0,-0.7236440382959123,-21.79,-161.8,-14.755304336547852,-113.43683624267578
49.67,-93.72,420.0,2002.0,-0.2884824328806098,-18.29,-133.2,-17.03325080871582,-132.47064208984375
49.67,-93.72,420.0,2003.0,0.2386727660059501,-23.61,-177.7,-17.1041202545166,-133.06280517578125
49.67,-93.72,420.0,2003.0,0.6994583270516471,-26.96,-203.1,-17.1041202545166,-133.06280517578125
49.67,-93.72,420.0,2003.0,0.9510565162951535,-25.98,-198.2,-17.1041202545166,-133.06280517578125
49.67,-93.72,420.0,2003.0,0.9760105506323683,-12.27,-87.3,-17.1041202545166,-133.06280517578125
49.67,-93.72,420.0,2003.0,0.741222010848596,-9.53,-69.3,-17.1041202545166,-133.06280517578125
49.67,-93.72,420.0,2003.0,0.29671281927349075,-9.3,-69.7,-17.1041202545166,-133.06280517578125
49.67,-93.72,420.0,2003.0,-0.2135209154397959,-11.05,-84.1,-17.073747634887695,-132.80902099609375
49.67,-93.72,420.0,2003.0,-0.680773409477016,-8.21,-57.5,-14.967912673950195,-115.21332550048828
49.67,-93.72,420.0,2003.0,-0.9587178169872964,-12.25,-83.5,-14.350336074829102,-110.05304718017578
49.67,-93.72,420.0,2003.0,-0.9741004551724206,-17.62,-129.4,-14.340211868286133,-109.96845245361328
49.67,-93.72,420.0,2003.0,-0.7236440382959123,-21.39,-154.3,-14.745180130004883,-113.35224151611328
49.67,-93.72,420.0,2003.0,-0.2884824328806098,-21.07,-158.5,-17.03325080871582,-132.47064208984375
49.67,-93.72,420.0,2004.0,0.2386727660059501,-22.64,-169.2,-17.1041202545166,-133.06280517578125
49.67,-93.72,420.0,2004.0,0.6994583270516471,-23.31,-184.8,-17.1041202545166,-133.06280517578125
49.67,-93.72,420.0,2004.0,0.9562348265919056,-17.64,-129.8,-17.1041202545166,-133.06280517578125
49.67,-93.72,420.0,2004.0,0.9721181966290613,-8.95,-69.1,-17.1041202545166,-133.06280517578125
49.67,-93.72,420.0,2004.0,0.7295575540864875,-10.85,-76.4,-17.1041202545166,-133.06280517578125
49.67,-93.72,420.0,2004.0,0.2802306751992159,-9.78,-69.8,-17.1041202545166,-133.06280517578125
49.67,-93.72,420.0,2004.0,-0.23030567023061196,-13.05,-97.0,-17.063623428344727,-132.72442626953125
49.67,-93.72,420.0,2004.0,-0.6932812268869771,-9.32,-68.1,-14.886919021606445,-114.53656768798828
49.67,-93.72,420.0,2004.0,-0.9634705485641486,-10.96,-78.5,-14.350336074829102,-110.05304718017578
49.67,-93.72,420.0,2004.0,-0.970063921851507,-10.85,-75.2,-14.340211868286133,-109.96845245361328
49.67,-93.72,420.0,2004.0,-0.7116566222817751,-11.9,-85.1,-14.785676956176758,-113.69062042236328
49.67,-93.72,420.0,2004.0,-0.27195815753410524,-17.22,-132.4,-17.03325080871582,-132.47064208984375
49.67,-93.72,420.0,2005.0,0.2386727660059501,-19.89,-153.6,-17.1041202545166,-133.06280517578125
49.67,-93.72,420.0,2005.0,0.6994583270516471,-23.46,-175.0,-17.1041202545166,-133.06280517578125
49.67,-93.72,420.0,2005.0,0.9510565162951535,-23.43,-181.0,-17.1041202545166,-133.06280517578125
49.67,-93.72,420.0,2005.0,0.9760105506323683,-20.21,-155.2,-17.1041202545166,-133.06280517578125
49.67,-93.72,420.0,2005.0,0.741222010848596,-10.22,-76.9,-17.1041202545166,-133.06280517578125
49.67,-93.72,420.0,2005.0,0.29671281927349075,-11.33,-79.0,-17.1041202545166,-133.06280517578125
49.67,-93.72,420.0,2005.0,-0.2135209154397959,-7.07,-43.6,-17.073747634887695,-132.80902099609375
49.67,-93.72,420.0,2005.0,-0.680773409477016,-7.78,-60.9,-14.947664260864258,-115.04413604736328
49.67,-93.72,420.0,2005.0,-0.9587178169872964,-9.37,-65.6,-14.350336074829102,-110.05304718017578
49.67,-93.72,420.0,2005.0,-0.9741004551724206,-11.79,-79.7,-14.340211868286133,-109.96845245361328
49.67,-93.72,420.0,2005.0,-0.7236440382959123,-14.86,-110.5,-14.724931716918945,-113.18305206298828
49.67,-93.72,420.0,2005.0,-0.2884824328806098,-18.97,-139.8,-17.02312660217285,-132.38604736328125
49.67,-93.72,420.0,2006.0,0.2386727660059501,-25.5,-195.4,-17.1041202545166,-133.06280517578125
49.67,-93.72,420.0,2006.0,0.6994583270516471,-22.98,-173.8,-17.1041202545166,-133.06280517578125
49.67,-93.72,420.0,2006.0,0.9510565162951535,-23.31,-177.5,-17.1041202545166,-133.06280517578125
49.67,-93.72,420.0,2006.0,0.9760105506323683,-15.67,-112.1,-17.1041202545166,-133.06280517578125
49.67,-93.72,420.0,2006.0,0.741222010848596,-11.94,-92.7,-17.1041202545166,-133.06280517578125
49.67,-93.72,420.0,2006.0,0.29671281927349075,-11.12,-77.5,-17.1041202545166,-133.06280517578125
49.67,-93.72,420.0,2006.0,-0.2135209154397959,-8.43,-59.2,-17.073747634887695,-132.80902099609375
49.67,-93.72,420.0,2006.0,-0.680773409477016,-7.37,-57.0,-14.937540054321289,-114.95954132080078
49.67,-93.72,420.0,2006.0,-0.9587178169872964,-7.99,-52.8,-14.350336074829102,-110.05304718017578
49.67,-93.72,420.0,2006.0,-0.9741004551724206,-10.97,-74.8,-14.340211868286133,-109.96845245361328
49.67,-93.72,420.0,2006.0,-0.7236440382959123,-20.6,-150.7,-14.714807510375977,-113.09845733642578
49.67,-93.72,420.0,2006.0,-0.2884824328806098,-17.18,-121.5,-17.02312660217285,-132.38604736328125
49.67,-93.72,420.0,2007.0,0.2386727660059501,-21.58,-160.0,-17.1041202545166,-133.06280517578125
49.67,-93.72,420.0,2007.0,0.6994583270516471,-16.67,-116.7,-17.1041202545166,-133.06280517578125
49.67,-93.72,420.0,2007.0,0.9510565162951535,-15.56,-113.3,-17.1041202545166,-133.06280517578125
49.67,-93.72,420.0,2007.0,0.741222010848596,-9.3,-59.9,-17.1041202545166,-133.06280517578125
49.67,-93.72,420.0,2007.0,0.29671281927349075,-8.14,-53.5,-17.1041202545166,-133.06280517578125
49.67,-93.72,420.0,2007.0,-0.2135209154397959,-16.57,-123.6,-17.063623428344727,-132.72442626953125
49.67,-93.72,420.0,2007.0,-0.680773409477016,-10.73,-78.1,-14.917291641235352,-114.79035186767578
49.67,-93.72,420.0,2007.0,-0.9587178169872964,-9.73,-68.8,-14.350336074829102,-110.05304718017578
49.67,-93.72,420.0,2007.0,-0.9741004551724206,-12.4,-85.2,-14.340211868286133,-109.96845245361328
49.67,-93.72,420.0,2007.0,-0.7236440382959123,-22.53,-164.7,-14.704683303833008,-113.01386260986328
49.67,-93.72,420.0,2007.0,-0.2884824328806098,-24.88,-186.5,-17.013002395629883,-132.30145263671875
49.67,-93.72,420.0,2008.0,0.2386727660059501,-22.87,-171.3,-17.1041202545166,-133.06280517578125
49.67,-93.72,420.0,2008.0,0.6994583270516471,-23.97,-186.6,-17.1041202545166,-133.06280517578125
49.67,-93.72,420.0,2008.0,0.9562348265919056,-18.97,-142.0,-17.1041202545166,-133.06280517578125
49.67,-93.72,420.0,2008.0,0.9721181966290613,-12.9,-91.0,-17.1041202545166,-133.06280517578125
49.67,-93.72,420.0,2008.0,0.7295575540864875,-11.8,-82.2,-17.1041202545166,-133.06280517578125
49.67,-93.72,420.0,2008.0,0.2802306751992159,-13.24,-96.5,-17.1041202545166,-133.06280517578125
49.67,-93.72,420.0,2008.0,-0.23030567023061196,-10.85,-77.0,-17.053499221801758,-132.63983154296875
49.67,-93.72,420.0,2008.0,-0.6932812268869771,-9.24,-59.7,-14.826173782348633,-114.02899932861328
49.67,-93.72,420.0,2008.0,-0.9634705485641486,-14.16,-94.8,-14.340211868286133,-109.96845245361328
49.67,-93.72,420.0,2008.0,-0.970063921851507,-10.26,-69.6,-14.340211868286133,-109.96845245361328
49.67,-93.72,420.0,2008.0,-0.7116566222817751,-15.41,-109.4,-14.735055923461914,-113.26764678955078
49.67,-93.72,420.0,2008.0,-0.27195815753410524,-30.82,-225.8,-17.02312660217285,-132.38604736328125
49.67,-93.72,420.0,2009.0,0.2386727660059501,-24.55,-180.2,-17.1041202545166,-133.06280517578125
49.67,-93.72,420.0,2009.0,0.6994583270516471,-17.4,-128.5,-17.1041202545166,-133.06280517578125
49.67,-93.72,420.0,2009.0,0.9510565162951535,-15.75,-119.6,-17.1041202545166,-133.06280517578125
49.67,-93.72,420.0,2009.0,0.9760105506323683,-11.58,-80.4,-17.1041202545166,-133.06280517578125
49.67,-93.72,420.0,2009.0,0.741222010848596,-11.61,-82.3,-17.1041202545166,-133.06280517578125
49.67,-93.72,420.0,2009.0,0.29671281927349075,-13.52,-102.6,-17.1041202545166,-133.06280517578125
49.67,-93.72,420.0,2009.0,-0.2135209154397959,-14.45,-106.2,-17.053499221801758,-132.63983154296875
49.67,-93.72,420.0,2009.0,-0.680773409477016,-8.73,-59.6,-14.866670608520508,-114.36737823486328
49.67,-93.72,420.0,2009.0,-0.9587178169872964,-8.87,-60.8,-14.340211868286133,-109.96845245361328
49.67,-93.72,420.0,2009.0,-0.9741004551724206,-20.78,-149.7,-14.340211868286133,-109.96845245361328
49.67,-93.72,420.0,2009.0,-0.7236440382959123,-11.27,-73.4,-14.664186477661133,-112.67548370361328
49.67,-93.72,420.0,2009.0,-0.2884824328806098,-22.83,-171.5,-16.992753982543945,-132.13226318359375
49.67,-93.72,420.0,2010.0,0.2386727660059501,-16.16,-121.2,-17.1041202545166,-133.06280517578125
49.67,-93.72,420.0,2010.0,0.6994583270516471,-26.99,-199.8,-17.1041202545166,-133.06280517578125
49.67,-93.72,420.0,2010.0,0.9510565162951535,-11.52,-78.6,-17.1041202545166,-133.06280517578125
49.67,-93.72,420.0,2010.0,0.9760105506323683,-7.5,-42.8,-17.1041202545166,-133.06280517578125
49.67,-93.72,420.0,2010.0,0.741222010848596,-9.77,-68.6,-17.1041202545166,-133.06280517578125
49.67,-93.72,420.0,2010.0,0.29671281927349075,-13.29,-96.5,-17.1041202545166,-133.06280517578125
49.67,-93.72,420.0,2010.0,-0.2135209154397959,-9.18,-62.7,-17.04337501525879,-132.55523681640625
49.67,-93.72,420.0,2010.0,-0.680773409477016,-10.67,-75.3,-14.836297988891602,-114.11359405517578
49.67,-93.72,420.0,2010.0,-0.9587178169872964,-13.28,-95.2,-14.340211868286133,-109.96845245361328
49.67,-93.72,420.0,2010.0,-0.9741004551724206,-14.65,-105.9,-14.340211868286133,-109.96845245361328
49.67,-93.72,420.0,2010.0,-0.7236440382959123,-18.78,-138.9,-14.643938064575195,-112.50629425048828
49.67,-93.72,420.0,2007.0,0.9760105506323683,-9.89,-64.5,-17.1041202545166,-133.06280517578125
23.27,5.6,2726.0,1992.0,0.7295575540864875,-0.99,3.0,0.15709233283996582,9.858960151672363
23.27,5.6,2726.0,1992.0,-0.23030567023061196,3.4,20.0,-2.9252302646636963,-12.939780235290527
23.27,5.6,2726.0,1992.0,-0.6932812268869771,-0.97,-7.4,-2.5051276683807373,-9.396998405456543
23.27,5.6,2726.0,1993.0,-0.680773409477016,-5.05,-27.2,-2.5720622539520264,-9.961466789245605
23.27,5.6,2726.0,1993.0,-0.9587178169872964,-4.4,-18.7,-2.5218613147735596,-9.538115501403809
23.27,5.6,2726.0,1993.0,-0.9741004551724206,2.28,5.1,-2.5720622539520264,-9.961466789245605
23.27,5.6,2726.0,1993.0,-0.7236440382959123,-7.8,-41.9,-2.5068891048431396,-9.411852836608887
23.27,5.6,2726.0,1994.0,0.2386727660059501,-1.65,2.4,-1.2963895797729492,-0.9190913438796997
23.27,5.6,2726.0,1994.0,0.9510565162951535,-0.6,12.4,0.2864077091217041,10.70373249053955
23.27,5.6,2726.0,1994.0,-0.680773409477016,-1.13,-3.7,-2.616098165512085,-10.3328275680542
23.27,5.6,2726.0,1994.0,-0.9587178169872964,-2.99,-17.5,-2.519219160079956,-9.515833854675293
23.27,5.6,2726.0,1994.0,-0.9741004551724206,-11.16,-69.3,-2.569420099258423,-9.93918514251709
23.27,5.6,2726.0,1995.0,0.9510565162951535,-6.47,-35.6,0.27801060676574707,10.648877143859863
23.27,5.6,2726.0,1995.0,0.9760105506323683,-3.52,-15.1,0.2864077091217041,10.70373249053955
23.27,5.6,2726.0,1995.0,0.741222010848596,-3.3,-16.0,0.19236016273498535,10.08935260772705
23.27,5.6,2726.0,1995.0,0.29671281927349075,0.87,1.8,-0.8070037364959717,2.5967531204223633
23.27,5.6,2726.0,1995.0,-0.2135209154397959,0.94,7.6,-2.831874132156372,-12.152495384216309
23.27,5.6,2726.0,1995.0,-0.680773409477016,-1.17,-6.2,-2.6548497676849365,-10.659625053405762
23.27,5.6,2726.0,1995.0,-0.9587178169872964,-1.68,-10.8,-2.534191370010376,-9.642096519470215
23.27,5.6,2726.0,1995.0,-0.9741004551724206,-2.01,-7.3,-2.5835115909576416,-10.05802059173584
23.27,5.6,2726.0,1995.0,-0.2884824328806098,-5.9,-38.0,-2.8653414249420166,-12.43472957611084
23.27,5.6,2726.0,1996.0,0.9562348265919056,-5.17,-13.3,0.27465176582336426,10.626935005187988
23.27,5.6,2726.0,1996.0,0.9721181966290613,-3.93,-10.4,0.2796900272369385,10.6598482131958
23.27,5.6,2726.0,1998.0,0.741222010848596,-5.73,-36.0,0.19739842414855957,10.122265815734863
23.27,5.6,2726.0,1998.0,0.29671281927349075,-1.08,-6.9,-0.5677342414855957,4.277819633483887
23.27,5.6,2726.0,1998.0,-0.2135209154397959,-2.66,-13.4,-2.779911756515503,-11.714289665222168
23.27,5.6,2726.0,1998.0,-0.680773409477016,-4.43,-24.9,-2.580869436264038,-10.035738945007324
23.27,5.6,2726.0,1998.0,-0.9587178169872964,-3.64,-23.5,-2.3518826961517334,-8.104662895202637
23.27,5.6,2726.0,1999.0,-0.680773409477016,-1.945,-18.4,-2.5465214252471924,-9.746077537536621
23.27,5.6,2726.0,1999.0,-0.9587178169872964,-4.49,-23.75,-2.2453157901763916,-7.20596981048584
23.27,5.6,2726.0,2001.0,-0.680773409477016,0.45,9.35,-2.483990430831909,-9.218745231628418
23.27,5.6,2726.0,2002.0,0.29671281927349075,-0.62,10.1,-0.44510436058044434,5.1316423416137695
23.27,5.6,2726.0,2003.0,0.6994583270516471,-5.11,-20.3,0.2024366855621338,10.155179023742676
23.27,5.6,2726.0,1999.0,6.432490598706546e-16,-11.98,-85.3,-2.3931376934051514,-8.61854076385498
23.27,5.6,2726.0,2000.0,0.16280701293851715,-2.25,-3.5,-1.2411630153656006,-0.5491095781326294
23.27,5.6,2726.0,2000.0,-0.5307300481619331,-4.58,-26.35,-2.827470541000366,-12.11535930633545
23.27,5.6,2726.0,2000.0,-0.5452404385406507,1.53,6.9,-2.8080947399139404,-11.951960563659668
23.27,5.6,2726.0,2001.0,0.5595892624101765,-1.83,-20.2,0.17388653755187988,9.968670845031738
23.27,5.6,2726.0,2001.0,-0.7748840413670406,4.53,23.55,-2.329864740371704,-7.91898250579834
23.27,5.6,2726.0,2001.0,-0.7856498550787144,1.59,12.75,-2.313131093978882,-7.777865409851074
23.27,5.6,2726.0,2001.0,-0.8165380514459157,1.32,8.5,-2.262930154800415,-7.354514122009277
23.27,5.6,2726.0,2001.0,-0.8359254794186365,0.17,10.2,-2.2316646575927734,-7.090847969055176
23.27,5.6,2726.0,2001.0,-0.8452490573530633,0.28,12.45,-2.216252088546753,-6.960871696472168
23.27,5.6,2726.0,2001.0,-0.8631421280499115,5.32,33.95,-2.200399160385132,-6.827181816101074
23.27,5.6,2726.0,2002.0,0.5160623910158528,-2.53,-12.1,0.18648219108581543,10.05095386505127
23.27,5.6,2726.0,2002.0,-0.4862727071086902,-2.34,-3.1,-2.8486077785491943,-12.293612480163574
23.27,5.6,2726.0,2001.0,-0.9997685019798909,1.49,-2.35,-1.9335415363311768,-4.576735496520996
23.27,5.6,2726.0,2002.0,0.5595892624101765,2.31,8.8,0.18312335014343262,10.029011726379395
23.27,5.6,2726.0,2005.0,0.3294084822245304,-1.9,-8.55,-0.2927287817001343,6.27142333984375
23.27,5.6,2726.0,2005.0,-0.9033558023246842,0.52,7.08,-2.164289712905884,-6.522665977478027
23.27,5.6,2726.0,2002.0,-0.9992500112396835,-1.29,10.3,-1.864625334739685,-3.995555877685547
23.27,5.6,2726.0,2005.0,-0.5877852522924734,1.93,17.52,-2.682152032852173,-10.88986873626709
23.27,5.6,2726.0,2005.0,-0.888057322629493,-3.81,-11.44,-2.177060127258301,-6.6303606033325195
23.27,5.6,2726.0,1999.0,-0.7295575540864876,0.225,-1.05,-2.4152944087982178,-8.639422416687012
23.27,5.6,2726.0,1999.0,-0.7526668275320083,-4.425,-22.7,-2.370377779006958,-8.260634422302246
23.27,5.6,2726.0,1999.0,-0.7638886127905429,-4.0,-22.4,-2.3540844917297363,-8.123230934143066
23.27,5.6,2726.0,1999.0,-0.7748840413670406,-4.86,-23.0,-2.337350845336914,-7.982113838195801
23.27,5.6,2726.0,1999.0,-0.8359254794186365,-2.765,-12.1,-2.2444350719451904,-7.198542594909668
23.27,5.6,2726.0,1999.0,-0.9427611433904206,-4.785,-28.9,-2.2690951824188232,-7.4065046310424805
23.27,5.6,2726.0,1999.0,-0.9483615800121716,-1.295,1.75,-2.258526563644409,-7.317378044128418
23.27,5.6,2726.0,1999.0,-0.9536809966304455,-2.94,-17.2,-2.2497193813323975,-7.243105888366699
23.27,5.6,2726.0,1999.0,-0.9634705485641486,-0.645,-5.55,-2.2409121990203857,-7.1688337326049805
23.27,5.6,2726.0,1999.0,-0.9721181966290612,1.74,9.6,-2.2325453758239746,-7.098275184631348
23.27,5.6,2726.0,1999.0,-0.9760105506323682,-2.925,-16.5,-2.22902250289917,-7.06856632232666
23.27,5.6,2726.0,1999.0,-0.9796136916454901,-1.13,-7.3,-2.219334602355957,-6.9868669509887695
23.27,5.6,2726.0,1999.0,-0.9959189961471792,-2.71,-9.1,-2.160766839981079,-6.49295711517334
23.27,5.6,2726.0,1999.0,-0.9922222094179324,-3.375,-15.75,-2.1744179725646973,-6.608078956604004
23.27,5.6,2726.0,1999.0,-0.989932495087353,-2.255,-16.05,-2.182344436645508,-6.674923896789551
23.27,5.6,2726.0,2000.0,0.1882267098432442,-6.22,-27.1,-1.0750927925109863,0.6136006116867065
23.27,5.6,2726.0,2000.0,0.401487989205973,-0.36,0.45,-0.0642402172088623,8.054671287536621
23.27,5.6,2726.0,2000.0,0.8263541987239096,-4.09,-26.75,0.2309868335723877,10.341687202453613
23.27,5.6,2726.0,2000.0,0.5595892624101765,3.52,26.05,0.16213059425354004,9.891873359680176
23.27,5.6,2726.0,2000.0,0.440518784350495,-2.89,-7.75,0.04903912544250488,8.947732925415039
23.27,5.6,2726.0,2000.0,0.21352091543979612,5.51,31.7,-0.9089815616607666,1.7782524824142456
23.27,5.6,2726.0,2000.0,-0.39359027665646645,6.91,43.35,-2.8908822536468506,-12.650118827819824
23.27,5.6,2726.0,2000.0,-0.4093559588156211,5.74,37.4,-2.8917629718780518,-12.657546043395996
23.27,5.6,2726.0,2000.0,-0.42500033996955394,-1.06,-5.95,-2.8908822536468506,-12.650118827819824
23.27,5.6,2726.0,2000.0,-0.5877852522924734,-2.31,-4.7,-2.734114408493042,-11.32807445526123
23.27,5.6,2726.0,2000.0,-0.7412220108485957,0.53,8.1,-2.383148193359375,-8.368329048156738
23.27,5.6,2726.0,2000.0,-0.7526668275320083,-2.85,-6.6,-2.3655338287353516,-8.2197847366333
23.27,5.6,2726.0,2000.0,-0.8064799463209447,0.97,11.45,-2.282305955886841,-7.517912864685059
23.27,5.6,2726.0,2000.0,-0.9679377830240641,-2.42,-7.4,-2.1466753482818604,-6.37412166595459
23.27,5.6,2726.0,2000.0,-0.9721181966290612,-5.78,-28.65,-2.1361067295074463,-6.284995079040527
23.27,5.6,2726.0,2000.0,-0.9829265519799822,2.48,27.1,-2.0933918952941895,-5.924775123596191
23.27,5.6,2726.0,2000.0,-0.994217906893952,1.77,12.1,-2.0489156246185303,-5.549700736999512
23.27,5.6,2726.0,2000.0,-0.9562348265919058,-7.5,-38.4,-2.1625282764434814,-6.507811546325684
23.27,5.6,2726.0,2000.0,-0.8840675099433637,-8.14,-53.5,-2.2197749614715576,-6.9905805587768555
23.27,5.6,2726.0,2001.0,0.5877852522924732,-1.83,-20.2,0.17136740684509277,9.952214241027832
23.27,5.6,2726.0,2001.0,-0.7295575540864876,-2.16,-4.3,-2.399001121520996,-8.502018928527832
23.27,5.6,2726.0,2001.0,-0.7961828637826154,3.41,26.15,-2.2963974475860596,-7.636748313903809
23.27,5.6,2726.0,2001.0,-0.8064799463209447,3.78,27.95,-2.2796638011932373,-7.495631217956543
23.27,5.6,2726.0,2001.0,-0.8263541987239094,0.28,-0.4,-2.2475175857543945,-7.2245378494262695
23.27,5.6,2726.0,2001.0,-0.8800122039735356,2.76,19.05,-2.2008395195007324,-6.83089542388916
23.27,5.6,2726.0,2001.0,-0.9778483415056568,1.49,-2.35,-2.029099464416504,-5.3825883865356445
23.27,5.6,2726.0,2002.0,0.9988797155850336,2.21,13.8,0.26793408393859863,10.583050727844238
23.27,5.6,2726.0,2002.0,0.8452490573530633,2.21,13.8,0.24106335639953613,10.407513618469238
23.27,5.6,2726.0,2002.0,0.545240438540651,-0.88,-10.0,0.18396306037902832,10.034497261047363
23.27,5.6,2726.0,2002.0,0.5307300481619334,8.81,33.9,0.18564248085021973,10.0454683303833
23.27,5.6,2726.0,2002.0,0.5012418134457758,-1.35,-7.4,0.18648219108581543,10.05095386505127
23.27,5.6,2726.0,2002.0,0.4711595076738638,4.61,27.4,0.1494234800338745,9.736836433410645
23.27,5.6,2726.0,2002.0,0.4559066935084588,3.26,16.35,0.1239241361618042,9.520201683044434
23.27,5.6,2726.0,2002.0,0.440518784350495,-2.41,-11.95,0.08365607261657715,9.196574211120605
23.27,5.6,2726.0,2002.0,0.42500033996955416,4.21,20.5,0.033243536949157715,8.801759719848633
23.27,5.6,2726.0,2002.0,0.4093559588156213,4.98,17.5,-0.019619107246398926,8.389474868774414
23.27,5.6,2726.0,2002.0,0.39359027665646673,7.09,34.5,-0.07120168209075928,7.98638916015625
23.27,5.6,2726.0,2002.0,0.3777079652039649,1.86,1.8,-0.1245046854019165,7.570390701293945
23.27,5.6,2726.0,2002.0,0.36171373072976765,1.35,-0.8,-0.17948710918426514,7.143421173095703
23.27,5.6,2726.0,2002.0,0.3456123126707335,2.17,-1.7,-0.24542677402496338,6.643198013305664
23.27,5.6,2726.0,2002.0,0.3294084822245304,-2.16,0.5,-0.3105267286300659,6.148460388183594
23.27,5.6,2726.0,2002.0,0.3131070409358269,-4.47,-13.0,-0.37668657302856445,5.646380424499512
23.27,5.6,2726.0,2002.0,0.2802306751992159,-1.29,10.3,-0.5125335454940796,4.638008117675781
23.27,5.6,2726.0,2002.0,0.26366549272800704,-1.23,4.3,-0.5790820121765137,4.151801109313965
23.27,5.6,2726.0,2002.0,0.24702218048093552,-0.08,16.0,-0.6467313766479492,3.6563100814819336
23.27,5.6,2726.0,2002.0,0.23030567023061221,-3.82,-5.3,-0.7232182025909424,3.102250099182129
23.27,5.6,2726.0,2002.0,-0.4093559588156211,-1.35,-7.4,-2.8688642978668213,-12.464438438415527
23.27,5.6,2726.0,2002.0,-0.5012418134457756,4.61,27.4,-2.8389198780059814,-12.211913108825684
23.27,5.6,2726.0,2002.0,-0.6287628145958345,3.26,16.35,-2.596722364425659,-10.169428825378418
23.27,5.6,2726.0,2002.0,-0.7055836101071774,-2.41,-11.95,-2.4346702098846436,-8.802821159362793
23.27,5.6,2726.0,2002.0,-0.7176769136759615,4.21,20.5,-2.4174962043762207,-8.657990455627441
23.27,5.6,2726.0,2002.0,-0.7526668275320083,4.98,17.5,-2.3655338287353516,-8.2197847366333
23.27,5.6,2726.0,2002.0,-0.7748840413670406,7.09,34.5,-2.3307454586029053,-7.926409721374512
23.27,5.6,2726.0,2002.0,-0.7961828637826154,1.86,1.8,-2.29683780670166,-7.6404619216918945
23.27,5.6,2726.0,2002.0,-0.8543221697498269,1.35,-0.8,-2.1999588012695312,-6.823468208312988
23.27,5.6,2726.0,2002.0,-0.9911140639934546,2.17,-1.7,-1.9018356800079346,-4.309355735778809
23.27,5.6,2726.0,2002.0,-0.9995462806873573,-2.16,0.5,-1.8626437187194824,-3.97884464263916
23.27,5.6,2726.0,2002.0,-0.9999907397361901,-4.47,-13.0,-1.8604419231414795,-3.9602766036987305
23.27,5.6,2726.0,2002.0,-0.9997685019798909,-0.62,10.1,-1.8617630004882812,-3.9714174270629883
23.27,5.6,2726.0,2002.0,-0.9984354211555643,-1.23,4.3,-1.8685885667800903,-4.02897834777832
23.27,5.6,2726.0,2002.0,-0.9959189961471792,-0.08,16.0,-1.878937005996704,-4.11624813079834
23.27,5.6,2726.0,2002.0,-0.9922222094179324,-3.82,-5.3,-1.8967715501785278,-4.26664924621582
23.27,5.6,2726.0,2003.0,0.6680638642135335,2.21,6.3,0.19236016273498535,10.08935260772705
23.27,5.6,2726.0,2003.0,0.6551563572090853,3.72,13.4,0.18816161155700684,10.061924934387207
23.27,5.6,2726.0,2005.0,0.6680638642135335,-0.44,-8.69,0.2024366855621338,10.155179023742676
23.27,5.6,2726.0,2005.0,0.6016240632249226,4.22,9.4,0.21083378791809082,10.210034370422363
23.27,5.6,2726.0,2005.0,0.5307300481619334,6.69,38.03,0.22091031074523926,10.275860786437988
23.27,5.6,2726.0,2005.0,0.5012418134457758,-2.35,-4.43,0.22426915168762207,10.297802925109863
23.27,5.6,2726.0,2005.0,0.48627270710869,5.88,12.43,0.2102876901626587,10.179895401000977
23.27,5.6,2726.0,2005.0,0.4711595076738638,5.53,17.69,0.1653672456741333,9.823416709899902
23.27,5.6,2726.0,2005.0,0.39359027665646673,-3.11,-13.71,-0.07506561279296875,7.936249732971191
23.27,5.6,2726.0,2005.0,0.36171373072976765,3.72,12.19,-0.1829235553741455,7.092099189758301
23.27,5.6,2726.0,2005.0,0.26366549272800704,-5.3,-23.58,-0.5610424280166626,4.311910629272461
23.27,5.6,2726.0,2005.0,-0.6287628145958345,-0.53,3.88,-2.605529546737671,-10.243700981140137
23.27,5.6,2726.0,2005.0,-0.7176769136759615,3.07,16.73,-2.441715955734253,-8.862238883972168
23.27,5.6,2726.0,2005.0,-0.8064799463209447,0.36,1.91,-2.295957088470459,-7.633034706115723
23.27,5.6,2726.0,2005.0,-0.8543221697498269,4.78,17.4,-2.2144906520843506,-6.946017265319824
23.27,5.6,2726.0,2005.0,-0.8631421280499115,-1.14,-0.29,-2.1999588012695312,-6.823468208312988
23.27,5.6,2726.0,2005.0,-0.8717063187093217,0.05,-2.93,-2.1836655139923096,-6.686064720153809
23.27,5.6,2726.0,2005.0,-0.8800122039735356,-3.26,-12.12,-2.1792619228363037,-6.648928642272949
23.27,5.6,2726.0,2005.0,-0.9106046300942162,-0.56,8.06,-2.1422717571258545,-6.3369855880737305
23.27,5.6,2726.0,2005.0,-0.9242907221930934,-2.79,-5.83,-2.0995569229125977,-5.9767656326293945
23.27,5.6,2726.0,2005.0,-0.9979171608653922,4.0,34.13,-1.732187271118164,-2.878688335418701
23.27,5.6,2726.0,2005.0,-0.9988797155850335,3.61,21.1,-1.7265727519989014,-2.8313398361206055
23.27,5.6,2726.0,2005.0,-0.9997685019798909,-2.6,-2.93,-1.721068263053894,-2.7849197387695312
23.27,5.6,2726.0,2005.0,-0.9611297838723007,-2.17,-16.61,-1.9641464948654175,-4.834831237792969
0.38,6.72,8.0,1965.0,-0.680773409477016,-0.2,3.7,-4.7661895751953125,-28.81295394897461
0.38,6.72,8.0,1965.0,-0.9587178169872964,-2.0,-3.8,-3.261664628982544,-15.776976585388184
0.38,6.72,8.0,1965.0,-0.9741004551724206,0.1,6.8,-3.2299587726593018,-15.509596824645996
0.38,6.72,8.0,1966.0,0.6994583270516471,-3.2,-10.7,-2.9719083309173584,-13.333422660827637
0.38,6.72,8.0,1966.0,0.9760105506323683,-3.8,-11.8,-2.8503692150115967,-12.308466911315918
0.38,6.72,8.0,1966.0,0.741222010848596,-4.3,-18.0,-2.955174684524536,-13.192305564880371
0.38,6.72,8.0,1966.0,0.29671281927349075,-5.8,-28.7,-3.133960485458374,-14.700030326843262
0.38,6.72,8.0,1966.0,-0.9741004551724206,-4.1,-22.0,-3.112823247909546,-14.521777153015137
0.38,6.72,8.0,1966.0,-0.7236440382959123,-7.0,-38.0,-4.398941993713379,-25.656787872314453
0.38,6.72,8.0,1966.0,-0.2884824328806098,-1.2,13.2,-3.9833552837371826,-22.039127349853516
0.38,6.72,8.0,1967.0,0.2386727660059501,-0.8,10.0,-3.155097723007202,-14.878283500671387
0.38,6.72,8.0,1967.0,0.6994583270516471,-3.0,-7.1,-2.9719083309173584,-13.333422660827637
0.38,6.72,8.0,1967.0,0.9510565162951535,-6.7,-37.5,-2.871506452560425,-12.486720085144043
0.38,6.72,8.0,1967.0,0.9760105506323683,-5.4,-28.9,-2.8600571155548096,-12.390166282653809
0.38,6.72,8.0,1967.0,0.741222010848596,-4.7,-24.3,-2.9569361209869385,-13.207159996032715
0.38,6.72,8.0,1967.0,-0.2135209154397959,0.6,14.6,-3.7624666690826416,-20.12485122680664
0.38,6.72,8.0,1967.0,-0.9741004551724206,-5.07,-23.0,-3.005375623703003,-13.615656852722168
0.38,6.72,8.0,1967.0,-0.7236440382959123,-3.52,-12.5,-4.25201416015625,-24.400592803955078
0.38,6.72,8.0,1967.0,-0.2884824328806098,-2.7,-13.1,-3.932060480117798,-21.599491119384766
0.38,6.72,8.0,1969.0,0.6994583270516471,-4.56,-23.4,-2.954293966293335,-13.1848783493042
0.38,6.72,8.0,1969.0,0.9510565162951535,-6.06,-37.2,-2.867102861404419,-12.449584007263184
0.38,6.72,8.0,1969.0,0.741222010848596,-2.61,-13.1,-2.9410831928253174,-13.073470115661621
0.38,6.72,8.0,1969.0,-0.9741004551724206,-3.73,-20.1,-2.8142597675323486,-12.003951072692871
0.38,6.72,8.0,1969.0,-0.7236440382959123,-3.77,-16.2,-3.9492623805999756,-21.807910919189453
0.38,6.72,8.0,1969.0,-0.2884824328806098,-2.64,-6.4,-3.8046152591705322,-20.506465911865234
0.38,6.72,8.0,1972.0,-0.9634705485641486,0.49,11.9,-2.571181535720825,-9.954039573669434
0.38,6.72,8.0,1973.0,0.9510565162951535,-1.82,-3.0,-2.7816731929779053,-11.729144096374512
0.38,6.72,8.0,1973.0,0.9760105506323683,-1.69,0.1,-2.775508165359497,-11.677153587341309
0.38,6.72,8.0,1973.0,-0.2135209154397959,0.68,11.7,-3.335347890853882,-16.46670150756836
0.38,6.72,8.0,1973.0,-0.9587178169872964,-2.72,-14.8,-2.508650541305542,-9.42670726776123
0.38,6.72,8.0,1973.0,-0.2884824328806098,-1.49,-0.2,-3.4610841274261475,-17.56338882446289
0.38,6.72,8.0,1974.0,0.2386727660059501,-2.86,-7.1,-2.940202474594116,-13.06604290008545
0.38,6.72,8.0,1974.0,0.6994583270516471,-4.37,-20.8,-2.805452585220337,-11.929678916931152
0.38,6.72,8.0,1974.0,0.9510565162951535,-4.42,-18.8,-2.7455637454986572,-11.424628257751465
0.38,6.72,8.0,1974.0,0.9760105506323683,-3.9,-18.4,-2.74027943611145,-11.380064964294434
0.38,6.72,8.0,1974.0,0.741222010848596,-0.28,0.0,-2.795764684677124,-11.847979545593262
0.38,6.72,8.0,1974.0,-0.9587178169872964,-0.6,3.0,-2.4355509281158447,-8.810248374938965
0.38,6.72,8.0,1974.0,-0.9741004551724206,-5.45,-32.2,-2.4020836353302,-8.528014183044434
0.38,6.72,8.0,1974.0,-0.7236440382959123,-3.26,-13.2,-3.5080349445343018,-18.018543243408203
0.38,6.72,8.0,1975.0,0.2386727660059501,-0.63,4.6,-2.8917629718780518,-12.657546043395996
0.38,6.72,8.0,1975.0,0.6994583270516471,-3.9,-17.6,-2.764939546585083,-11.588027000427246
0.38,6.72,8.0,1975.0,0.9510565162951535,-1.2,-2.0,-2.708573579788208,-11.112685203552246
0.38,6.72,8.0,1975.0,0.741222010848596,-2.76,-10.5,-2.7561323642730713,-11.513754844665527
0.38,6.72,8.0,1975.0,-0.9741004551724206,-4.66,-26.1,-2.3307454586029053,-7.926409721374512
0.38,6.72,8.0,1975.0,-0.7236440382959123,-3.39,-14.6,-3.428361654281616,-17.335445404052734
0.38,6.72,8.0,1975.0,-0.2884824328806098,-3.34,-16.3,-3.2653613090515137,-15.888590812683105
0.38,6.72,8.0,1976.0,0.2386727660059501,-0.71,-10.4,-2.840681314468384,-12.226767539978027
0.38,6.72,8.0,1976.0,0.6994583270516471,-0.67,-12.1,-2.7253072261810303,-11.253802299499512
0.38,6.72,8.0,1976.0,0.9562348265919056,-4.54,-26.3,-2.6698219776153564,-10.785887718200684
0.38,6.72,8.0,1976.0,0.9721181966290613,-2.87,-8.9,-2.6654183864593506,-10.748751640319824
0.38,6.72,8.0,1976.0,-0.970063921851507,-0.81,-7.4,-2.2717373371124268,-7.428786277770996
0.38,6.72,8.0,1976.0,-0.7116566222817751,-0.6,-5.1,-3.3635270595550537,-16.77889633178711
0.38,6.72,8.0,1976.0,-0.27195815753410524,-0.85,-10.0,-3.1388680934906006,-14.801287651062012
0.38,6.72,8.0,1964.0,0.2386727660059501,-2.6,-13.7,-3.169189214706421,-14.997118949890137
0.38,6.72,8.0,1964.0,0.6994583270516471,-2.5,-14.9,-2.9525325298309326,-13.170023918151855
0.38,6.72,8.0,1964.0,0.9562348265919056,-2.9,-18.6,-2.8230669498443604,-12.07822322845459
0.38,6.72,8.0,1964.0,0.9721181966290613,-6.0,-41.0,-2.816021203994751,-12.018805503845215
0.38,6.72,8.0,1964.0,0.7295575540864875,-5.4,-26.1,-2.938441038131714,-13.051188468933105
0.38,6.72,8.0,1964.0,-0.23030567023061196,2.6,23.6,-3.910799741744995,-21.399768829345703
0.38,6.72,8.0,1964.0,-0.9634705485641486,0.2,5.6,-3.375277280807495,-16.735088348388672
0.38,6.72,8.0,1964.0,-0.970063921851507,-5.3,-31.6,-3.3611857891082764,-16.616252899169922
0.38,6.72,8.0,1964.0,-0.27195815753410524,-2.3,-5.0,-4.020683288574219,-22.353450775146484
0.38,6.72,8.0,1965.0,0.741222010848596,-0.9,-2.5,-2.9481289386749268,-13.132887840270996
0.38,6.72,8.0,1965.0,0.29671281927349075,2.6,26.7,-3.1374833583831787,-14.72973918914795
0.38,6.72,8.0,1965.0,-0.7236440382959123,-0.8,10.6,-4.558662414550781,-27.02218246459961
0.38,6.72,8.0,1965.0,-0.2884824328806098,-0.3,-6.9,-4.027141571044922,-22.414127349853516
0.38,6.72,8.0,1968.0,0.2386727660059501,-1.69,-3.4,-3.13836407661438,-14.737166404724121
0.38,6.72,8.0,1968.0,0.6994583270516471,-1.22,-1.3,-2.96574330329895,-13.281432151794434
0.38,6.72,8.0,1968.0,0.9562348265919056,-5.65,-33.1,-2.8697450160980225,-12.4718656539917
0.38,6.72,8.0,1968.0,0.9721181966290613,-4.76,-28.9,-2.862699270248413,-12.412447929382324
0.38,6.72,8.0,1968.0,0.7295575540864875,-7.89,-48.9,-2.9560554027557373,-13.199732780456543
0.38,6.72,8.0,1968.0,-0.9634705485641486,-2.46,-15.8,-2.9225881099700928,-12.917498588562012
0.38,6.72,8.0,1968.0,-0.970063921851507,-2.99,-14.4,-2.9155423641204834,-12.858080863952637
0.38,6.72,8.0,1968.0,-0.7116566222817751,-2.19,-11.0,-4.148481369018555,-23.517131805419922
0.38,6.72,8.0,1968.0,-0.27195815753410524,-2.25,-3.4,-3.8374598026275635,-20.783824920654297
0.38,6.72,8.0,1962.0,0.2386727660059501,-0.7,1.2,-3.158620595932007,-14.907992362976074
0.38,6.72,8.0,1962.0,0.6994583270516471,0.5,3.1,-2.91290020942688,-12.835799217224121
0.38,6.72,8.0,1962.0,0.9510565162951535,-0.6,-13.7,-2.7561323642730713,-11.513754844665527
0.38,6.72,8.0,1962.0,0.9760105506323683,-1.7,-20.5,-2.734995126724243,-11.335501670837402
0.38,6.72,8.0,1962.0,-0.9587178169872964,0.1,6.8,-3.6289241313934326,-18.874126434326172
0.38,6.72,8.0,1962.0,-0.9741004551724206,-0.6,1.8,-3.5989797115325928,-18.621601104736328
0.38,6.72,8.0,1962.0,-0.7236440382959123,-2.8,-23.0,-5.025084495544434,-31.009052276611328
0.38,6.72,8.0,1962.0,-0.2884824328806098,-3.8,-19.2,-4.126084327697754,-23.260852813720703
0.38,6.72,8.0,1963.0,0.2386727660059501,1.3,5.6,-3.1665470600128174,-14.974837303161621
0.38,6.72,8.0,1963.0,0.6994583270516471,-2.6,-6.2,-2.9357988834381104,-13.02890682220459
0.38,6.72,8.0,1963.0,0.9510565162951535,-3.9,-10.6,-2.794883966445923,-11.84055233001709
0.38,6.72,8.0,1963.0,0.9760105506323683,-5.5,-21.1,-2.779911756515503,-11.714289665222168
0.38,6.72,8.0,1963.0,0.741222010848596,-5.5,-32.3,-2.913780927658081,-12.843226432800293
0.38,6.72,8.0,1963.0,0.29671281927349075,-0.2,11.8,-3.1304376125335693,-14.670321464538574
0.38,6.72,8.0,1963.0,-0.9587178169872964,-3.3,-14.9,-3.5091464519500732,-17.864025115966797
0.38,6.72,8.0,1963.0,-0.9741004551724206,-4.8,-31.6,-3.4792020320892334,-17.611499786376953
0.38,6.72,8.0,1963.0,-0.7236440382959123,-2.3,-8.1,-4.879295349121094,-29.762836456298828
0.38,6.72,8.0,1963.0,-0.2884824328806098,-1.6,-1.3,-4.095605850219727,-23.00015640258789
0.38,6.72,8.0,1964.0,-0.7116566222817751,-2.9,-8.1,-4.786419868469238,-28.97452163696289
-22.66416667,-48.06,488.0,1997.0,0.29671281927349075,-8.52,-62.38,-4.939237594604492,-30.267772674560547
-22.66416667,-48.06,488.0,1997.0,-0.9587178169872964,-0.24,15.76,-1.9735524654388428,-3.771811008453369
-22.66416667,-48.06,488.0,1997.0,-0.7236440382959123,1.31,11.23,-3.8667337894439697,-21.093673706054688
-22.66416667,-48.06,488.0,1997.0,-0.2884824328806098,-6.93,-45.88,-4.557132720947266,-27.000621795654297
-22.66416667,-48.06,488.0,1998.0,0.6994583270516471,-4.23,-19.65,-5.263571739196777,-33.03154373168945
-22.66416667,-48.06,488.0,1997.0,0.440518784350495,-8.92,-65.14,-5.066184997558594,-31.349445343017578
-22.66416667,-48.06,488.0,1997.0,0.3456123126707335,-7.72,-56.46,-4.980568885803223,-30.62009048461914
-22.66416667,-48.06,488.0,1997.0,-0.3131070409358267,-2.45,0.72,-4.5414934158325195,-26.866474151611328
-22.66416667,-48.06,488.0,1997.0,-0.3294084822245302,-2.11,-2.54,-4.531085014343262,-26.77700424194336
-22.66416667,-48.06,488.0,1997.0,-0.7856498550787144,-2.84,-9.82,-3.5389039516448975,-18.290821075439453
-22.66416667,-48.06,488.0,1997.0,-0.9536809966304455,2.1,28.64,-2.0195207595825195,-4.112529277801514
-22.66416667,-48.06,488.0,1997.0,-0.9995462806873573,-2.8,-3.31,-1.6638200283050537,-1.5886870622634888
-22.66416667,-48.06,488.0,1997.0,-0.9999166586547379,-2.21,-6.89,-1.662325382232666,-1.5837093591690063
-22.66416667,-48.06,488.0,1997.0,-0.9455963874271428,-4.27,-17.58,-2.0949411392211914,-4.668180465698242
-22.66416667,-48.06,488.0,1997.0,-0.9141279881853337,-2.91,-17.93,-2.3766708374023438,-6.791755676269531
-22.66416667,-48.06,488.0,1997.0,-0.9070138128026362,-7.7,-49.54,-2.439783811569214,-7.280577659606934
-22.66416667,-48.06,488.0,1997.0,-0.8214765533024145,-0.43,6.66,-3.2582240104675293,-15.250324249267578
-22.66416667,-48.06,488.0,1997.0,-0.8115390590073611,-1.17,-6.2,-3.3627755641937256,-16.30916404724121
-22.66416667,-48.06,488.0,1997.0,-0.801361088174677,-0.77,9.55,-3.4653522968292236,-17.343158721923828
-22.66416667,-48.06,488.0,1997.0,-0.6994583270516471,-7.17,-54.27,-3.970933675765991,-21.98501968383789
-22.66416667,-48.06,488.0,1997.0,-0.5667017562911184,-6.83,-41.07,-4.303683280944824,-24.83011245727539
-22.66416667,-48.06,488.0,1997.0,-0.5524353131676203,-7.41,-44.15,-4.324606895446777,-25.00882339477539
-22.66416667,-48.06,488.0,1997.0,-0.49377555015997737,-9.57,-63.18,-4.396024703979492,-25.619571685791016
-22.66416667,-48.06,488.0,1997.0,-0.3049212246562894,-6.12,-39.38,-4.547293663024902,-26.916141510009766
-22.66416667,-48.06,488.0,1997.0,-0.05161966722325418,-2.77,-10.22,-4.6843109130859375,-28.094219207763672
-22.66416667,-48.06,488.0,1998.0,0.13727877211326478,-5.48,-31.02,-4.770905494689941,-28.83389663696289
-22.66416667,-48.06,488.0,1998.0,0.2051044998686192,-3.65,-20.75,-4.823890686035156,-29.28543472290039
-22.66416667,-48.06,488.0,1998.0,0.2719581575341055,-6.27,-40.86,-4.878637313842773,-29.751827239990234
-22.66416667,-48.06,488.0,1998.0,0.6744436188329455,-3.54,-6.04,-5.242025375366211,-32.847957611083984
-22.66416667,-48.06,488.0,1998.0,0.6870527672236669,-4.75,-23.58,-5.251348495483398,-32.92733383178711
-22.66416667,-48.06,488.0,1998.0,0.7116566222817746,-6.79,-51.38,-5.275225639343262,-33.13076400756836
-22.66416667,-48.06,488.0,1998.0,0.811539059007361,-5.26,-35.82,-5.376267433166504,-33.99472427368164
-22.66416667,-48.06,488.0,1998.0,0.8214765533024142,-13.2,-97.9,-5.38895320892334,-34.10415267944336
-22.66416667,-48.06,488.0,1998.0,0.8406184056344782,-7.94,-66.41,-5.407901763916016,-34.26846694946289
-22.66416667,-48.06,488.0,1998.0,0.9973249731081555,-4.14,-21.51,-5.555451393127441,-35.54816818237305
-22.66416667,-48.06,488.0,1998.0,0.9999907397361901,-7.41,-47.71,-5.5565900802612305,-35.55814743041992
-22.66416667,-48.06,488.0,1998.0,0.9033558023246845,-1.19,-3.26,-5.471686363220215,-34.8210563659668
-22.66416667,-48.06,488.0,1998.0,0.854322169749827,-5.78,-26.81,-5.423434257507324,-34.4028434753418
-22.66416667,-48.06,488.0,1998.0,0.8452490573530633,-7.07,-38.67,-5.413079261779785,-34.31325912475586
-22.66416667,-48.06,488.0,1998.0,0.5877852522924732,-3.24,-9.97,-5.158740043640137,-32.13844680786133
-22.66416667,-48.06,488.0,1998.0,-0.9175836260593934,-0.17,13.45,-2.2731595039367676,-6.186374664306641
-22.66416667,-48.06,488.0,1998.0,-0.9242907221930934,-3.26,-10.52,-2.2128188610076904,-5.744985103607178
-22.66416667,-48.06,488.0,1998.0,-0.9984354211555643,-2.1,5.82,-1.6205885410308838,-1.4447165727615356
-22.66416667,-48.06,488.0,1998.0,-0.9973249731081555,-1.32,8.61,-1.6234054565429688,-1.4540976285934448
-22.66416667,-48.06,488.0,1998.0,-0.994217906893952,-3.55,-8.28,-1.6280620098114014,-1.4696050882339478
-22.66416667,-48.06,488.0,1998.0,-0.9844738167520923,-1.28,10.2,-1.6715108156204224,-1.7644343376159668
-22.66416667,-48.06,488.0,1998.0,-0.965739937654855,-6.83,-39.09,-1.8336315155029297,-2.9350690841674805
-22.66416667,-48.06,488.0,1998.0,-0.9070138128026362,-3.08,-10.33,-2.365096092224121,-6.86781120300293
-22.66416667,-48.06,488.0,1998.0,-0.8758917051442433,-1.64,-1.9,-2.58583402633667,-8.820854187011719
-22.66416667,-48.06,488.0,1997.0,0.2802306751992159,-8.01,-41.8,-4.925252914428711,-30.14870834350586
-22.66416667,-48.06,488.0,1997.0,-0.9829265519799822,-1.62,-1.08,-1.745508074760437,-2.0956902503967285
-22.66416667,-48.06,488.0,1998.0,0.1202080448993527,-5.29,-30.83,-4.7586822509765625,-28.729686737060547
-22.66416667,-48.06,488.0,1998.0,0.5808002734538009,-2.99,-11.08,-5.154078483581543,-32.098758697509766
-22.66416667,-48.06,488.0,1998.0,0.6220467484408675,-3.73,-18.3,-5.1919403076171875,-32.4212532043457
-22.66416667,-48.06,488.0,1998.0,0.8498170915275278,-6.41,-39.52,-5.418256759643555,-34.35805130004883
-22.66416667,-48.06,488.0,1998.0,0.8674563547295968,-4.12,-20.03,-5.436066627502441,-34.512386322021484
-22.66416667,-48.06,488.0,1998.0,0.5737722679043246,-0.82,5.3,-5.146516799926758,-32.034236907958984
-22.66416667,-48.06,488.0,1998.0,0.545240438540651,-6.66,-41.18,-5.120308876037598,-31.810962677001953
-22.66416667,-48.06,488.0,1998.0,-0.9796136916454901,-1.55,4.97,-1.7119762897491455,-2.055227279663086
-22.66416667,-48.06,488.0,1997.0,0.21352091543979612,-4.36,-28.04,-4.869936943054199,-29.677326202392578
-22.66416667,-48.06,488.0,1997.0,-0.965739937654855,-0.73,8.09,-1.9076876640319824,-3.2861833572387695
-22.66416667,-48.06,488.0,1997.0,-0.4635502709028512,-6.78,-45.22,-4.426787376403809,-25.882762908935547
-22.66416667,-48.06,488.0,1997.0,-0.10310169744743544,-4.95,-26.14,-4.65655517578125,-27.855632781982422
-22.66416667,-48.06,488.0,1998.0,0.9997685019798909,-7.94,-55.88,-5.5565900802612305,-35.55814743041992
-22.66416667,-48.06,488.0,1998.0,0.9679377830240642,-4.42,-17.99,-5.53080940246582,-35.33395767211914
-22.66416667,-48.06,488.0,1998.0,0.23030567023061221,-0.66,11.8,-4.844867706298828,-29.464031219482422
-22.66416667,-48.06,488.0,1998.0,-0.970063921851507,-1.09,10.0,-1.7951078414916992,-2.648916721343994
-22.66416667,-48.06,488.0,1998.0,-0.7354170229639858,-4.06,-20.22,-3.7670443058013916,-20.239234924316406
-22.66416667,-48.06,488.0,1997.0,0.1457991969198751,-4.75,-21.24,-4.817521095275879,-29.230777740478516
-22.66416667,-48.06,488.0,1997.0,0.06021327736579302,-3.08,-13.12,-4.755212783813477,-28.69986343383789
-22.66416667,-48.06,488.0,1997.0,-0.9368813462954315,1.9,16.61,-2.1730799674987793,-5.250860214233398
-22.66416667,-48.06,488.0,1997.0,-0.9634705485641486,-0.65,8.4,-1.9286706447601318,-3.4420132637023926
-22.66416667,-48.06,488.0,1997.0,-0.9873494423939864,-0.27,9.8,-1.7024744749069214,-1.790867567062378
-22.66416667,-48.06,488.0,1997.0,-0.9611297838723007,-1.67,-2.43,-1.9513390064239502,-3.6079506874084473
-22.66416667,-48.06,488.0,1997.0,-0.7694148268839381,0.26,13.14,-3.6379263401031494,-19.137374877929688
-22.66416667,-48.06,488.0,1997.0,-0.38566340624360745,-7.39,-45.07,-4.492867469787598,-26.44906234741211
-22.66416667,-48.06,488.0,1997.0,-0.1882267098432439,-5.92,-40.54,-4.612644195556641,-27.477794647216797
-22.66416667,-48.06,488.0,1998.0,0.30492122465628907,-3.99,-23.85,-4.9071760177612305,-29.994945526123047
-22.66416667,-48.06,488.0,1998.0,0.3212696616923644,-3.49,-21.93,-4.919399261474609,-30.09915542602539
-22.66416667,-48.06,488.0,1998.0,0.6616346182422783,-3.48,-18.31,-5.229802131652832,-32.74374771118164
-22.66416667,-48.06,488.0,1998.0,0.8587639582758029,-9.23,-63.56,-5.425711631774902,-34.42280197143555
-22.66416667,-48.06,488.0,1998.0,0.8996308696522433,0.09,2.86,-5.467647552490234,-34.7862434387207
-22.66416667,-48.06,488.0,1998.0,0.9070138128026359,0.23,9.03,-5.475725173950195,-34.85586929321289
-22.66416667,-48.06,488.0,1998.0,0.9455963874271426,-4.77,-27.86,-5.5107221603393555,-35.159664154052734
-22.66416667,-48.06,488.0,1998.0,0.9611297838723007,-7.9,-50.37,-5.524493217468262,-35.2791862487793
-22.66416667,-48.06,488.0,1998.0,-0.07738647923346322,-0.9,7.29,-4.629777908325195,-27.627368927001953
-22.66416667,-48.06,488.0,1998.0,-0.3131070409358267,4.89,43.16,-4.497991561889648,-26.493968963623047
-22.66416667,-48.06,488.0,1998.0,-0.5160623910158526,0.28,16.37,-4.325852394104004,-25.018573760986328
-22.66416667,-48.06,488.0,1998.0,-0.5452404385406507,2.22,29.72,-4.289289474487305,-24.70571517944336
-22.66416667,-48.06,488.0,1998.0,-0.6152845999633277,-2.47,-6.3,-4.179440498352051,-23.76748275756836
-22.66416667,-48.06,488.0,1998.0,-0.6680638642135333,-3.35,-9.54,-4.051052093505859,-22.670269012451172
-22.66416667,-48.06,488.0,1998.0,-0.9106046300942162,1.25,19.99,-2.3337671756744385,-6.637640953063965
-22.66416667,-48.06,488.0,1998.0,-0.99665890175417,-1.15,4.01,-1.6236354112625122,-1.454863429069519
-22.66416667,-48.06,488.0,1998.0,-0.9611297838723007,-6.92,-41.64,-1.8764927387237549,-3.2525196075439453
-22.66416667,-48.06,488.0,1998.0,-0.9209712877166346,-2.31,-3.95,-2.2427115440368652,-5.963631629943848
-22.66416667,-48.06,488.0,1998.0,-0.8996308696522434,-3.21,-12.57,-2.425870180130005,-7.353339195251465
-22.66416667,-48.06,488.0,1998.0,-0.7909456567567774,-0.21,23.31,-3.4578073024749756,-17.59524917602539
29.7,91.13333333,3649.0,1986.0,0.29671281927349075,-19.26,-151.3,-10.819021224975586,-80.162109375
29.7,91.13333333,3649.0,1986.0,-0.2135209154397959,-15.28,-118.7,-14.772001266479492,-114.2647705078125
29.7,91.13333333,3649.0,1986.0,-0.680773409477016,-18.79,-142.0,-16.56666374206543,-129.59445190429688
29.7,91.13333333,3649.0,1986.0,-0.9587178169872964,-15.55,-111.9,-16.862085342407227,-132.11590576171875
29.7,91.13333333,3649.0,1986.0,-0.9741004551724206,-25.48,-184.8,-16.86457633972168,-132.13540649414062
29.7,91.13333333,3649.0,1987.0,0.2386727660059501,-4.5,-30.0,-11.088180541992188,-82.47903442382812
29.7,91.13333333,3649.0,1987.0,0.9510565162951535,-13.11,-90.9,-6.477049827575684,-43.09891128540039
29.7,91.13333333,3649.0,1987.0,0.9760105506323683,-12.63,-84.1,-6.327773094177246,-41.82912063598633
29.7,91.13333333,3649.0,1987.0,0.741222010848596,-20.93,-144.5,-7.942416191101074,-55.58230972290039
29.7,91.13333333,3649.0,1987.0,0.29671281927349075,-8.85,-63.2,-10.774896621704102,-79.78472900390625
29.7,91.13333333,3649.0,1987.0,-0.2135209154397959,-9.06,-62.3,-14.858186721801758,-114.99911499023438
29.7,91.13333333,3649.0,1988.0,0.9721181966290613,-5.43,-19.3,-6.273470878601074,-41.3648796081543
29.7,91.13333333,3649.0,1988.0,0.7295575540864875,0.94,35.7,-7.91419792175293,-55.338504791259766
29.7,91.13333333,3649.0,1988.0,0.2802306751992159,-10.75,-80.4,-10.805854797363281,-80.0537109375
29.7,91.13333333,3649.0,1988.0,-0.23030567023061196,-7.09,-48.1,-15.051267623901367,-116.64697265625
29.7,91.13333333,3649.0,1988.0,-0.9634705485641486,-12.76,-92.8,-16.793336868286133,-131.51806640625
29.7,91.13333333,3649.0,1988.0,-0.7116566222817751,-11.05,-61.2,-16.62053871154785,-130.05029296875
29.7,91.13333333,3649.0,1989.0,0.9760105506323683,-7.07,-40.4,-6.130990982055664,-40.14883041381836
29.7,91.13333333,3649.0,1989.0,0.741222010848596,-2.48,-2.8,-7.686422348022461,-53.39241409301758
29.7,91.13333333,3649.0,1989.0,0.29671281927349075,-6.4,-55.0,-10.626972198486328,-78.52445983886719
29.7,91.13333333,3649.0,1989.0,-0.2135209154397959,-15.34,-115.7,-14.963018417358398,-115.8922119140625
29.7,91.13333333,3649.0,1989.0,-0.680773409477016,-24.28,-182.1,-16.57413673400879,-129.6529541015625
29.7,91.13333333,3649.0,1989.0,-0.9587178169872964,-21.03,-160.9,-16.76102638244629,-131.23956298828125
29.7,91.13333333,3649.0,1990.0,0.741222010848596,-8.82,-59.8,-7.509247779846191,-51.87813186645508
29.7,91.13333333,3649.0,1990.0,0.29671281927349075,-3.33,-7.7,-10.515201568603516,-77.57171630859375
29.7,91.13333333,3649.0,1990.0,-0.2135209154397959,-19.59,-147.4,-14.981664657592773,-116.05096435546875
29.7,91.13333333,3649.0,1990.0,-0.680773409477016,-25.17,-188.2,-16.569581985473633,-129.613037109375
29.7,91.13333333,3649.0,1990.0,-0.9587178169872964,-21.08,-154.8,-16.735761642456055,-131.02047729492188
29.7,91.13333333,3649.0,1991.0,0.741222010848596,-2.27,-4.6,-7.301826477050781,-50.10576248168945
29.7,91.13333333,3649.0,1991.0,0.29671281927349075,-9.5,-69.5,-10.387168884277344,-76.47994995117188
29.7,91.13333333,3649.0,1991.0,-0.2135209154397959,-13.66,-97.2,-14.988710403442383,-116.11038208007812
29.7,91.13333333,3649.0,1991.0,-0.680773409477016,-21.64,-161.3,-16.565027236938477,-129.5731201171875
29.7,91.13333333,3649.0,1991.0,-0.9587178169872964,-15.86,-113.8,-16.708005905151367,-130.78189086914062
29.7,91.13333333,3649.0,1992.0,0.2386727660059501,-16.39,-123.6,-10.607755661010742,-78.37934875488281
29.7,91.13333333,3649.0,1992.0,0.9562348265919056,-20.54,-151.1,-5.654339790344238,-36.056583404541016
29.7,91.13333333,3649.0,1992.0,0.7295575540864875,-5.5,-26.6,-7.154329299926758,-48.84457778930664
29.7,91.13333333,3649.0,1992.0,0.2802306751992159,-6.26,-39.0,-10.341371536254883,-76.09373474121094
29.7,91.13333333,3649.0,1992.0,-0.23030567023061196,-17.7,-134.1,-15.100374221801758,-117.0633544921875
29.7,91.13333333,3649.0,1992.0,-0.6932812268869771,-17.89,-136.9,-16.565027236938477,-129.5731201171875
29.7,91.13333333,3649.0,1992.0,-0.9634705485641486,-8.91,-96.8,-16.68025016784668,-130.54330444335938
29.7,91.13333333,3649.0,1992.0,-0.970063921851507,-19.26,-144.6,-16.68025016784668,-130.54330444335938
29.7,91.13333333,3649.0,1992.0,-0.27195815753410524,-14.52,-94.6,-15.372381210327148,-119.3865966796875
12.54194444,39.76972222,1832.0,2002.0,0.29671281927349075,6.08,40.85,1.2419979572296143,16.946269989013672
12.54194444,39.76972222,1832.0,2002.0,-0.2135209154397959,-0.97,6.62,-1.5240075588226318,-1.1230803728103638
12.54194444,39.76972222,1832.0,2002.0,-0.680773409477016,-1.66,0.9,-1.5240075588226318,-1.1230803728103638
12.54194444,39.76972222,1832.0,2002.0,-0.9587178169872964,-3.88,-15.72,-1.5240075588226318,-1.1230803728103638
12.54194444,39.76972222,1832.0,2002.0,-0.9741004551724206,-0.74,4.02,-1.5240075588226318,-1.1230803728103638
18.9,72.82,10.0,1965.0,-0.2135209154397959,-3.4,-3.2,-2.0999972820281982,-5.9804792404174805
18.9,72.82,10.0,1965.0,-0.680773409477016,-2.9,-9.1,-2.3100485801696777,-7.751870155334473
18.9,72.82,10.0,1966.0,0.29671281927349075,0.3,7.3,-1.5240075588226318,-1.1230803728103638
18.9,72.82,10.0,1966.0,-0.2135209154397959,-2.1,-9.2,-2.2497193813323975,-7.243105888366699
18.9,72.82,10.0,1966.0,-0.680773409477016,0.0,8.6,-2.5253841876983643,-9.567824363708496
18.9,72.82,10.0,1966.0,-0.9587178169872964,-1.0,2.7,-2.943725347518921,-13.095751762390137
18.9,72.82,10.0,1966.0,-0.9741004551724206,0.8,17.3,-2.949009656906128,-13.140315055847168
18.9,72.82,10.0,1973.0,0.29671281927349075,-2.73,-10.8,-1.8851020336151123,-4.168238639831543
18.9,72.82,10.0,1973.0,-0.680773409477016,-0.46,5.4,-3.6693801879882812,-19.28575897216797
18.9,72.82,10.0,1973.0,-0.9587178169872964,-0.41,4.3,-4.896702766418457,-29.781421661376953
18.9,72.82,10.0,1973.0,-0.9741004551724206,-7.74,-52.6,-4.961021423339844,-30.332866668701172
18.9,72.82,10.0,1974.0,0.29671281927349075,-0.98,1.8,-1.9236334562301636,-4.4931793212890625
18.9,72.82,10.0,1974.0,-0.2135209154397959,-2.55,-13.2,-2.6345932483673096,-10.488799095153809
18.9,72.82,10.0,1974.0,-0.680773409477016,0.06,8.0,-3.694929361343384,-19.51199722290039
18.9,72.82,10.0,1974.0,-0.9587178169872964,-1.89,-8.5,-4.944011688232422,-30.195446014404297
18.9,72.82,10.0,1975.0,-0.2135209154397959,-1.24,1.7,-2.620501756668091,-10.369963645935059
18.9,72.82,10.0,1975.0,-0.9587178169872964,-5.52,-40.6,-4.956056594848633,-30.30624771118164
18.9,72.82,10.0,1975.0,-0.9741004551724206,-5.39,-31.5,-5.026851654052734,-30.912120819091797
18.9,72.82,10.0,1976.0,0.2802306751992159,-3.58,-18.5,-2.0128061771392822,-5.245184898376465
18.9,72.82,10.0,1976.0,-0.23030567023061196,-0.49,5.2,-2.6143367290496826,-10.317973136901855
18.9,72.82,10.0,1976.0,-0.6932812268869771,-0.23,3.9,-3.7530734539031982,-20.02389144897461
18.9,72.82,10.0,1976.0,-0.9634705485641486,-0.32,6.5,-4.966446876525879,-30.401966094970703
18.9,72.82,10.0,1976.0,-0.7116566222817751,-5.43,-29.6,-3.8331916332244873,-20.70914077758789
18.9,72.82,10.0,1977.0,0.29671281927349075,-1.37,-1.2,-2.0392277240753174,-5.468001365661621
18.9,72.82,10.0,1977.0,-0.2135209154397959,-0.88,3.7,-2.5976030826568604,-10.17685604095459
18.9,72.82,10.0,1977.0,-0.9587178169872964,-1.81,-5.4,-4.954205513000488,-30.304004669189453
18.9,72.82,10.0,1964.0,0.2802306751992159,-2.0,-6.2,-1.5240075588226318,-1.1230803728103638
18.9,72.82,10.0,1964.0,-0.23030567023061196,-1.1,1.8,-1.9548989534378052,-4.756845474243164
18.9,72.82,10.0,1964.0,-0.6932812268869771,-2.0,-6.9,-2.132143497467041,-6.251572608947754
18.9,72.82,10.0,1964.0,-0.9634705485641486,-2.5,-11.2,-2.4174962043762207,-8.657990455627441
18.9,72.82,10.0,1965.0,0.29671281927349075,-0.5,8.0,-1.5240075588226318,-1.1230803728103638
18.9,72.82,10.0,1975.0,0.29671281927349075,-1.62,-6.2,-1.9641464948654175,-4.834831237792969
18.9,72.82,10.0,1975.0,-0.680773409477016,-2.66,-13.7,-3.7029354572296143,-19.58798599243164
18.9,72.82,10.0,1962.0,0.29671281927349075,0.2,11.2,-1.5240075588226318,-1.1230803728103638
18.9,72.82,10.0,1962.0,-0.2135209154397959,-1.2,-6.9,-1.7081878185272217,-2.6762967109680176
18.9,72.82,10.0,1962.0,-0.680773409477016,-0.7,4.4,-1.7829387187957764,-3.3066816329956055
18.9,72.82,10.0,1962.0,-0.9587178169872964,-2.2,-8.1,-2.0026779174804688,-5.159771919250488
18.9,72.82,10.0,1962.0,-0.2884824328806098,-0.2,6.2,-1.691784381866455,-2.5379648208618164
18.9,72.82,10.0,1963.0,0.29671281927349075,-0.3,1.8,-1.5240075588226318,-1.1230803728103638
18.9,72.82,10.0,1963.0,-0.2135209154397959,-0.9,1.2,-1.8258737325668335,-3.6687583923339844
18.9,72.82,10.0,1963.0,-0.680773409477016,-1.0,1.8,-1.9355231523513794,-4.593446731567383
18.9,72.82,10.0,1963.0,-0.9587178169872964,-0.2,1.8,-2.1933534145355225,-6.767764091491699
18.9,72.82,10.0,1963.0,-0.9741004551724206,-7.8,-63.2,-2.193793773651123,-6.771477699279785
18.9,72.82,10.0,1961.0,0.29671281927349075,-1.5,-10.0,-1.5240075588226318,-1.1230803728103638
18.9,72.82,10.0,1961.0,-0.2135209154397959,-2.1,-11.8,-1.6055290699005127,-1.810562014579773
18.9,72.82,10.0,1961.0,-0.680773409477016,-0.2,3.7,-1.6612894535064697,-2.2807974815368652
18.9,72.82,10.0,1961.0,-0.9587178169872964,-1.2,-3.1,-1.8384239673614502,-3.7745962142944336
18.9,72.82,10.0,1961.0,-0.9741004551724206,-2.4,-11.8,-1.8366625308990479,-3.75974178314209
