Lat,Lon,Alt,Year,JulianDay_Sin,Precip,O18 A,H2 A,O18 P,H2 P
11.12,124.62,231.36719,1998.0,0.29671281927349075,7.127512799343094e-05,-7.15,-47.6,-5.517950534820557,-32.557106018066406
37.1644591,-5.611393166,86.394531,2013.0,0.9510565162951535,0.0,-3.87,-22.8,-4.832563877105713,-26.142921447753906
29.35541116,34.96028149,7.939209,1969.0,0.2386727660059501,0.0,-1.05,1.2,-3.404776096343994,-12.780982971191406
42.033333,43.483333,1077.1875,2017.0,-0.2135209154397959,4.415451621753164e-05,-3.27,-22.2,-4.619062900543213,-24.144874572753906
64.69939722,-148.2525028,121.98047,2004.0,0.36171373072976765,0.0,-16.63,-130.9,-18.499555587768555,-142.61447143554688
-16.49888889,-68.12305556,3582.75,2000.0,0.6994583270516471,6.722265243297443e-05,-15.47,-110.65,-11.448770523071289,-110.5512466430664
48.22,11.59,494.59375,1995.0,-0.2135209154397959,0.0,-4.96,-28.3,-7.461416244506836,-50.15248107910156
-34.05,115.0249,77.78125,2007.0,-0.47115950767386394,4.889923002338037e-05,-2.04,-1.0,-3.2713379859924316,-11.532203674316406
52.1,5.18,1.7967529,1981.0,-0.2884824328806098,0.0,-11.09,-69.2,-8.350385665893555,-57.606666564941406
46.22030867,7.33848445,481.70312,2001.0,0.29671281927349075,0.0,-5.2,-40.9,-7.23200798034668,-48.23931121826172
51.83,6.25,9.5,1993.0,0.9510565162951535,6.891664270369802e-06,-6.74,-49.7,-7.7445068359375,-53.305992126464844
18.47,-70.02,1.0,1996.0,0.2802306751992159,0.0,-2.44,-11.35,-3.7274537086486816,-15.800758361816406
-0.37,-78.55,3064.0,2018.0,0.2386727660059501,4.760956289828755e-05,-12.43,-90.2,-7.446958065032959,-57.17948913574219
48.24861111,16.35638889,200.63281,1979.0,0.2386727660059501,0.0,-19.18,-140.6,-11.956819534301758,-87.8135757446289
51.1622,14.9506,238.80469,2012.0,-0.23030567023061196,1.950140540429857e-05,-5.75,-37.8,-6.67355489730835,-43.37181854248047
22.31666667,114.1666667,34.056641,2004.0,-0.6932812268869771,0.0001875762100098,-7.26,-48.5,-7.991499423980713,-61.226051330566406
32.63333333,-16.9,0.0,2004.0,-0.970063921851507,0.0,-1.98,-10.6,-3.3101563453674316,-11.895484924316406
48.8281,9.2,313.79688,1983.0,-0.2884824328806098,4.063042069901712e-05,-7.92,-64.0,-11.007892608642578,-79.86551666259766
33.96666667,-4.983333333,500.04688,2017.0,0.2386727660059501,0.0002190735831391,-5.95,-26.4,-5.780580997467041,-35.014930725097656
4.036666667,9.734166667,39.230469,2010.0,-0.680773409477016,0.0,-1.265224179,-1.106035282,-2.8346314430236816,-7.445289611816406
43.73238889,7.423583333,8.8959961,2014.0,0.9510565162951535,0.0,-7.43,-52.5,-5.934641361236572,-36.456703186035156
39.46666667,-6.333333333,410.0,2021.0,0.9760105506323683,0.0,-4.4,-26.4,-5.37844705581665,-31.251564025878906
76.76666667,-18.66666667,0.0,2010.0,0.9510565162951535,0.0,-23.37,-177.3,-21.036848068237305,-163.86642456054688
-33.11011944,-64.24918333,408.09375,2020.0,-0.970063921851507,0.0,-2.38,-2.1,-4.358252048492432,-21.704078674316406
46.95222563,7.439320571,542.53125,1986.0,-0.2884824328806098,4.848729804507457e-05,-11.0,-77.2,-12.918535232543945,-95.8687515258789
51.93,-10.25,33.068359,1980.0,-0.970063921851507,0.000149682367919,-5.57,-36.2,-5.767237186431885,-34.890052795410156
36.83,10.23,0.0,1977.0,0.741222010848596,0.0,0.3,-4.5,-4.152029514312744,-19.774147033691406
45.46666667,13.61666667,0.5645752,2003.0,0.03442161162274574,0.0,-3.57,-23.78,-7.07349157333374,-46.629539489746094
-22.399288,-47.543743,626.78125,2017.0,0.9760105506323683,0.0,-7.11,-45.5,-5.179502964019775,-29.389747619628906
45.37,-63.27,12.535156,1982.0,0.6994583270516471,4.434667062014341e-05,-12.3,-86.0,-13.486356735229492,-100.6247329711914
22.32555556,-81.18527778,4.9055176,1984.0,-0.23030567023061196,9.13260446395725e-05,-1.12,0.6,-3.2422242164611816,-11.259742736816406
22.31666667,114.1666667,34.056641,2013.0,-0.9587178169872964,7.102370000211522e-05,-7.49,-47.2,-7.284989833831787,-51.146217346191406
46.65772518,8.292706832,1061.3125,2006.0,-0.9587178169872964,0.0002205022174166,-12.25,-90.04,-8.989824295043945,-62.962501525878906
-15.6,-56.1,177.79688,1968.0,-0.9634705485641486,2.175461304432247e-05,-0.55,11.0,-1.5875916481018066,4.225120544433594
50.06166667,19.84861111,356.8125,1991.0,0.741222010848596,0.0001755660341586,-9.07,-58.4,-8.26725959777832,-56.91040802001953
6.906666667,79.87,14.911133,1985.0,0.29671281927349075,2.813183527905494e-05,-1.12,-12.3,-3.4751343727111816,-13.439430236816406
-5.22,145.8,2.7424316,1974.0,0.9510565162951535,7.698417903156951e-05,-9.79,-66.6,-6.182714939117432,-38.778297424316406
15.65944444,0.5,248.89844,2000.0,-0.23030567023061196,0.0,-3.16,-17.0,-4.040426731109619,-18.729713439941406
28.276976,84.30961,2101.5,2017.0,-0.8165380514459157,0.0004860494227614,-12.78528588,-89.9301422,-9.259407043457031,-79.3154067993164
9.357072,-75.289167,200.4375,2015.0,0.29671281927349075,0.0,-5.09,-35.8,-6.9081315994262695,-48.16474151611328
14.97219444,-87.97477778,926.03125,2009.0,-0.2884824328806098,1.2004803465970326e-05,-4.94,-24.2,-4.426184177398682,-22.339820861816406
-18.9,47.53,1259.9375,1974.0,0.9510565162951535,3.520583049976267e-05,-9.75,-64.8,-5.8217973709106445,-36.32941436767578
-33.95833333,18.46111111,109.49609,2001.0,0.6807734094770161,0.0,-1.22,1.0,-3.298025608062744,-11.781959533691406
33.21722222,-87.54305556,64.535156,2007.0,-0.3697245428906732,0.0,-2.5,-11.5,-3.2179627418518066,-11.032691955566406
23.95277778,90.27916667,23.626953,2021.0,0.9760105506323683,0.0,1.23,18.7,-2.1844239234924316,-1.3603286743164062
-46.42,168.32,-0.90939331,2014.0,-0.2884824328806098,0.0,-5.82,-40.7,-6.866888523101807,-45.181129455566406
49.19472222,-123.0172222,1.3475342,2018.0,-0.2884824328806098,0.0002342849911656,-11.59,-81.8,-9.630186080932617,-68.60273742675781
-15.6,-56.1,177.79688,1965.0,0.9760105506323683,0.0,-10.8,-71.9,-4.324285984039307,-21.386207580566406
28.58,77.2,222.79688,1982.0,-0.2884824328806098,0.0004706389736384,2.65,20.1,-3.016592502593994,-9.148170471191406
-16.49888889,-68.12305556,3582.75,1999.0,0.9760105506323683,3.0398457965929992e-05,-14.06,-99.35,-11.485048294067383,-111.0688247680664
1.685556,33.616389,1096.9375,2019.0,-0.7236440382959123,0.0,-7.89,-54.2,-3.181570529937744,-10.692115783691406
68.78666667,-81.25,7.5170898,1989.0,0.9760105506323683,0.0,-30.74,-227.8,-27.75862693786621,-220.16696166992188
58.38277778,21.81416667,5.9343262,2016.0,-0.9634705485641486,0.0,-6.35,-45.7,-8.977572441101074,-62.870574951171875
51.93,-10.25,33.068359,1963.0,0.2386727660059501,7.680254930164665e-05,-7.6,-47.7,-6.223352909088135,-39.158607482910156
44.42,8.85,5.4519043,1985.0,0.9760105506323683,1.6009556929930113e-05,-2.38,-8.6,-5.7569260597229,-34.793556213378906
45.80666667,15.97,120.36328,1984.0,-0.6932812268869771,0.0,-5.84,-37.5,-5.798170566558838,-35.179542541503906
36.78,3.052222222,139.10156,2002.0,-0.2884824328806098,2.1980049496050924e-05,-7.19,-47.6,-5.75268030166626,-34.753822326660156
43.49111613,-3.800555816,50.095703,2016.0,-0.7116566222817751,3.733546327566728e-05,-8.13,-46.2,-5.958902835845947,-36.683753967285156
-21.2,-159.8,7.8220215,1981.0,-0.680773409477016,1.2776366929756476e-05,-1.9,-3.1,-3.603720188140869,-14.642799377441406
47.4828,11.0622,716.1875,2006.0,0.9760105506323683,4.671974238590337e-05,-10.01,-79.3,-11.429922103881836,-83.4003677368164
-17.83,31.02,1473.25,1975.0,0.2386727660059501,0.0001082303933799,-4.61,-21.5,-5.28140115737915,-30.343360900878906
-16.00555556,-69.7,3830.0,2000.0,0.2386727660059501,0.0,-15.66,-112.2,-10.741353988647461,-100.4584732055664
50.4972,9.9428,920.40625,1995.0,-0.680773409477016,0.0,-7.16,-46.5,-6.866888523101807,-45.181129455566406
46.72738634,8.186782163,600.90625,2023.0,-0.680773409477016,0.0,-7.55,-53.64,-6.424723148345947,-41.043128967285156
40.80638889,-104.7547222,1641.75,1996.0,0.9992500112396835,5.563271770370193e-05,-9.3,-66.0,-16.38173484802246,-124.8759536743164
42.85,-80.27,228.9375,1982.0,0.6994583270516471,0.0,-14.7,-104.0,-13.015729904174805,-96.6828384399414
50.7311,13.7514,876.875,2012.0,-0.27195815753410524,2.2445115973823704e-05,-14.06,-101.6,-11.122991561889648,-80.8295669555664
-27.43,153.08,5.7802734,2004.0,0.7295575540864875,3.387355536688119e-05,-6.52,-43.5,-2.555624485015869,-4.834205627441406
52.8911,11.7294,21.530273,2010.0,0.2386727660059501,0.0,-12.15,-86.8,-10.033388137817383,-71.7032241821289
25.21916667,91.66277778,913.15625,2007.0,0.9999166586547379,0.0,-0.65,5.5,-1.5293641090393066,4.770042419433594
45.81666667,15.98333333,156.41406,2000.0,-0.23030567023061196,0.0,-9.0,-71.1,-6.556493282318115,-42.27629852294922
47.81666667,13.71777778,1616.0625,2001.0,-0.7526668275320083,5.529612462851219e-05,-8.23,-50.5,-12.606489181518555,-93.2551040649414
-21.02823729,55.47161911,1175.3125,2019.0,-0.7295575540864876,8.436033567704726e-06,-1.819,1.92,-3.749289035797119,-16.005104064941406
7.208333333,-72.93805556,2527.5,2006.0,0.29671281927349075,0.0,-6.68,-44.03,-9.199548721313477,-78.4614028930664
35.68,139.77,22.099609,1968.0,-0.23030567023061196,2.6855585019802675e-05,-11.43,-81.6,-7.092944145202637,-48.406288146972656
51.6,-1.1,55.042969,2019.0,-0.9587178169872964,0.0,-5.68,-36.9,-6.181501865386963,-38.766944885253906
18.37583333,-65.73277778,2.0092773,2005.0,0.3294084822245304,1.812059235817287e-05,-5.75,-36.7,-3.909414768218994,-17.503639221191406
-3.12,-60.02,49.394531,1989.0,-0.9999166586547379,8.293616701848805e-05,-2.8,-5.1,-3.045706272125244,-9.420631408691406
-65.07944444,-63.9775,286.6875,1970.0,0.9760105506323683,2.920443541319805e-08,-8.22,-58.1,-8.876676559448242,-73.8549575805664
36.83,10.23,0.0,1969.0,0.2386727660059501,2.0502675397438e-05,-4.94,-22.5,-5.511885166168213,-32.500343322753906
49.82,-74.97,386.4375,2002.0,-0.680773409477016,5.01388349221088e-05,-10.12,-70.5,-9.611770629882812,-72.61188507080078
-0.743055556,-90.30222222,1.7120972,2014.0,-0.888057322629493,4.313652425480541e-06,0.410057079,5.869160397,-1.8981385231018066,1.3188705444335938
37.77,-25.65,137.14062,1994.0,-0.680773409477016,4.340076884545852e-06,-1.71,-5.1,-3.0529847145080566,-9.488746643066406
-0.743055556,-90.30222222,1.7120972,2015.0,0.705583610107178,4.11608425565646e-06,-1.712047478,-2.093139327,-2.769125461578369,-6.832252502441406
41.05916667,-100.7463889,918.34375,1992.0,0.051619667223253764,0.0,-17.6,-134.0,-6.691447734832764,-43.539268493652344
-12.43,130.87,16.515625,2012.0,0.6994583270516471,0.0001237406686414,-6.23,-39.5,-5.0776047706604,-28.436134338378906
51.6,-1.1,55.042969,1993.0,0.6994583270516471,0.0,-6.4,-39.0,-7.968048095703125,-57.090476989746094
28.22,-177.37,0.0,1987.0,-0.680773409477016,0.0001809507957659,-1.63,-4.0,-3.608572483062744,-14.688209533691406
13.52,2.09,210.4375,1999.0,0.29671281927349075,0.0,-1.1,3.0,-2.7230286598205566,-6.400856018066406
47.81666667,13.71777778,1616.0625,2002.0,0.39359027665646673,1.4676576938654762e-05,-11.98,-86.5,-11.442710876464844,-83.50748443603516
37.77,-25.65,137.14062,1962.0,0.6994583270516471,6.162403587950394e-05,-4.2,-14.3,-3.9555115699768066,-17.935035705566406
47.7,27.88333333,177.36719,2013.0,-0.2884824328806098,0.0,-9.8,-71.49,-12.872495651245117,-95.4831314086914
49.38,-82.12,243.30469,2009.0,-0.2884824328806098,3.415035826037638e-05,-25.79,-187.9,-14.286977767944336,-137.37142944335938
38.98916547,-3.920273851,626.8125,2010.0,0.29671281927349075,1.1043927770515438e-05,-7.55,-53.72,-4.974493503570557,-27.471168518066406
6.166666667,102.2833333,3.2288818,2015.0,-0.2135209154397959,0.0001286749902646,-5.5,-32.3,-6.074751377105713,-37.767921447753906
36.15,-5.35,1.5737915,2017.0,0.6994583270516471,2.252761623822153e-05,-5.74,-31.5,-4.501394748687744,-23.043678283691406
47.98,-55.82,119.36328,2007.0,-0.680773409477016,0.0,-6.94,-47.9,-6.866888523101807,-45.181129455566406
-40.68,144.69,82.167969,1985.0,0.741222010848596,0.0001324855256825,-5.62,-28.3,-4.688208103179932,-24.791969299316406
69.4075,86.18055556,33.941406,1990.0,-0.680773409477016,0.0,-14.8,-112.0,-12.944112777709961,-96.0829849243164
10.10808333,-84.12208333,2250.25,1990.0,-0.680773409477016,0.0,-7.83,-54.1,-7.13809061050415,-50.425880432128906
-34.05,115.0249,77.78125,2009.0,0.23030567023061221,8.115943637676537e-05,-4.3,-22.3,-3.7420105934143066,-15.936988830566406
47.8008,11.0108,974.96875,1996.0,-0.9634705485641486,8.150879148161039e-05,-9.19,-60.3,-9.642051696777344,-68.42545318603516
41.818399,46.266606,0.0,2014.0,0.29671281927349075,0.0,-1.85,-7.4,-5.638044834136963,-33.681007385253906
51.6,-1.1,55.042969,2015.0,0.6994583270516471,0.0,-9.78,-66.8,-7.340948581695557,-49.54682922363281
-75.58333333,-20.56666667,105.53516,1993.0,0.29671281927349075,0.0,-25.94,-205.8,-20.50077247619629,-165.68112182617188
-4.37,15.25,422.4375,1964.0,-0.6932812268869771,0.0,-1.8,-0.6,-2.861319065093994,-7.695045471191406
50.7,5.47,141.75781,1968.0,0.2386727660059501,2.546218820498325e-05,-6.94,-49.1,-9.24943733215332,-65.13697052001953
-27.43,153.08,5.7802734,2003.0,-0.2135209154397959,0.0003231975424569,-2.56,-0.7,-3.011740207672119,-9.102760314941406
50.3119,11.8758,564.53125,1983.0,-0.9741004551724206,0.0,-4.59,-30.5,-8.677778244018555,-60.348854064941406
-31.48388889,145.8294444,259.60938,2010.0,-0.680773409477016,7.778665349178482e-06,-1.74,0.4,-2.361532688140869,-3.0177993774414062
-19.54333333,-68.60416667,3823.75,1986.0,0.2386727660059501,0.0,-12.5,-90.0,-7.88992166519165,-59.776832580566406
4.427,117.9086111,399.76562,2008.0,0.9562348265919056,0.0,-7.21,-47.75,-6.483654975891113,-43.211769104003906
22.31666667,114.1666667,34.056641,1982.0,0.2386727660059501,0.0,-2.09,-1.3,-2.9656434059143066,-8.671363830566406
37.1644591,-5.611393166,86.394531,2010.0,-0.9587178169872964,0.0,-4.44,-28.45,-4.406774997711182,-22.158180236816406
40.37,-81.8,372.875,1968.0,0.2386727660059501,0.0,-12.62,-81.5,-12.07996940612793,-87.3323745727539
43.91281944,4.888775,30.959961,2005.0,0.741222010848596,0.0001333131658611,-4.83,-29.51,-5.635012149810791,-33.652626037597656
47.42692898,9.400776879,758.46875,2006.0,-0.2884824328806098,0.0,-14.13,-101.1064643,-12.918535232543945,-95.8687515258789
51.3,3.75,9.4589844,2006.0,-0.7526668275320083,1.5902793165878393e-05,-6.96,-44.28,-5.893396854400635,-36.070716857910156
41.64083945,-4.754446679,735.625,2008.0,0.6994583270516471,0.0,-9.91,-71.7,-8.695682525634766,-60.498817443847656
49.7703,9.9578,265.90625,1987.0,-0.2884824328806098,0.0001087016644305,-7.05,-53.0,-10.639575958251953,-76.78055572509766
2.883333333,101.7833306,55.289062,2013.0,0.29671281927349075,0.0,-4.88,-32.0,-6.329800128936768,-40.15479278564453
58.65,49.61666667,162.28906,1981.0,-0.2135209154397959,0.0,-8.1,-60.0,-8.928438186645508,-62.448341369628906
51.93,-10.25,33.068359,1992.0,0.6994583270516471,5.9691637943615206e-06,-4.91,-28.2,-6.163912296295166,-38.602333068847656
25.62,88.66,39.710938,2016.0,-0.23030567023061196,0.0,-7.14,-46.7,-6.388330936431885,-40.702552795410156
-0.37,35.35,2186.5,1969.0,-0.2135209154397959,0.0,-0.7,17.5,-2.5483460426330566,-4.766090393066406
13.52,2.09,210.4375,2016.0,-0.23030567023061196,5.678681191056967e-05,-3.54,-19.5,-4.386152744293213,-21.965187072753906
44.42,8.85,5.4519043,1984.0,-0.27195815753410524,5.570234861806966e-06,-7.1,-44.0,-6.655813694000244,-43.205787658691406
0.453055556,33.195,1174.25,2013.0,-0.9741004551724206,8.749846165301278e-05,-1.32,-0.39,-2.8685975074768066,-7.763160705566406
78.91666667,11.93333333,38.650391,2011.0,-0.2884824328806098,0.0,-10.52,-73.3,-11.263668060302734,-82.00785064697266
-32.88,-68.85,762.84375,1983.0,0.6994583270516471,0.0,-7.0,-49.0,-6.3473896980285645,-40.31940460205078
43.03916667,16.09055556,0.0,2001.0,0.6994583270516471,4.114679541089572e-06,-4.2,-20.63,-6.1226677894592285,-38.216346740722656
13.07,123.91,325.17188,1997.0,-0.2884824328806098,0.0003272218746133,-2.56,-11.9,-2.890432834625244,-7.967506408691406
36.62,127.46,80.589844,2003.0,-0.7236440382959123,5.472515840665437e-05,-5.56,-25.4,-6.866888523101807,-45.181129455566406
58.65,49.61666667,162.28906,1981.0,0.9510565162951535,0.0,-10.4,-89.0,-14.545267105102539,-109.4939956665039
-1.55085,29.26785,2256.25,2014.0,-0.9741004551724206,0.0,-3.3,-9.74,-2.579885959625244,-5.061256408691406
-37.82,144.97,6.1674805,1986.0,0.29671281927349075,2.726997990976088e-05,-6.95,-36.4,-4.968428134918213,-27.414405822753906
36.03,129.38,4.7189941,1963.0,0.6994583270516471,0.0,-2.2,-22.9,-6.230631351470947,-39.226722717285156
10.00036389,-84.10913333,1157.3125,2013.0,-0.9813064702716093,0.0002469344181008,-7.249,-42.183,-8.409414291381836,-68.18660736083984
44.81666667,14.98333333,1534.5,2002.0,-0.2135209154397959,0.0,-7.1,-33.0,-6.866888523101807,-45.181129455566406
28.22,-177.37,0.0,1969.0,0.6994583270516471,0.0,-3.49,-19.0,-3.283468723297119,-11.645729064941406
13.17,100.8,23.824219,1991.0,0.9510565162951535,0.0,-3.89,-23.1,-4.455297946929932,-22.612281799316406
64.13,-21.93,12.141602,2020.0,0.7295575540864875,0.0,-6.81,-48.4,-6.908571720123291,-45.5302619934082
-6.88,39.2,52.724609,1964.0,0.9562348265919056,0.0,-2.9,-18.6,-3.2034058570861816,-10.896461486816406
51.93,-10.25,33.068359,1984.0,0.7295575540864875,0.0,-4.94,-32.8,-5.2911057472229,-30.434181213378906
-0.009227778,-78.43991111,2340.625,1972.0,-0.9829265519799822,0.0002634782285895,-6.8,-44.0,-7.7584147453308105,-57.900611877441406
40.8203002,0.493333172,52.294922,2012.0,0.9562348265919056,0.0,-5.64,-33.3,-5.393003940582275,-31.387794494628906
-6.289166667,106.6714167,33.568359,1998.0,-0.9587178169872964,0.0,-3.71,-18.2,-4.205404758453369,-20.273658752441406
68.68333333,21.53,459.29688,1990.0,0.6994583270516471,0.0,-19.61,-149.8,-19.27711296081543,-149.12716674804688
51.387367,-0.325697,10.34082,2021.0,-0.10310169744743544,0.0,-8.744136724,-59.00054799,-5.963755130767822,-36.729164123535156
50.92,5.78,111.17188,1999.0,-0.9760105506323682,0.0,-5.48,-33.1,-7.251532077789307,-50.083370208740234
46.78,23.61,336.76562,2015.0,0.6994583270516471,0.0,-14.37,-105.0,-12.519525527954102,-92.5267105102539
23.64,88.85,18.375977,2019.0,-0.9741004551724206,0.0,-9.42,-65.8,-7.662732124328613,-56.535499572753906
46.05,-74.28,363.76562,1982.0,0.9760105506323683,0.0,-11.1,-72.0,-11.905664443969727,-87.3851089477539
23.64,88.85,18.375977,2019.0,0.741222010848596,0.0,-1.51,-2.3,-2.2572083473205566,-2.0414810180664062
48.545,13.3528,478.40625,2005.0,0.9510565162951535,9.955049608834088e-05,-10.27,-74.9,-10.690731048583984,-77.20902252197266
47.67,-124.48,0.0,1964.0,0.2386727660059501,0.0001618673704797,-5.8,-34.1,-8.263299942016602,-59.253562927246094
-13.0,28.65,1260.6875,2004.0,-0.7116566222817751,0.0,-1.96,-3.72,-3.729879856109619,-15.823463439941406
46.89,7.49,659.34375,2013.0,-0.9741004551724206,0.0,-9.55,-68.42,-9.854345321655273,-70.2035903930664
52.8911,11.7294,21.530273,2003.0,-0.2884824328806098,5.935387889621779e-05,-12.32,-90.2,-10.312183380126953,-74.03836822509766
30.08,31.28,25.551758,2002.0,0.6994583270516471,0.0,1.29,34.6,-2.6065735816955566,-5.311012268066406
49.7478,6.6581,259.26562,1987.0,0.2386727660059501,0.0,-4.54,-27.3,-9.723899841308594,-69.11100006103516
49.82,-74.97,386.4375,2003.0,-0.9587178169872964,6.0648344515357167e-05,-12.5,-83.9,-11.153684616088867,-81.0866470336914
37.15805556,15.02694444,444.70312,1999.0,-0.9741004551724206,1.7164251403301023e-05,-6.1,-27.0,-4.531721591949463,-23.327491760253906
64.13,-21.93,12.141602,2003.0,-0.2884824328806098,0.0001140367094194,-10.08,-72.1,-9.708553314208984,-68.98246002197266
-33.56237778,-62.88506389,123.51562,2020.0,-0.7116566222817751,0.0,-3.44,-16.0,-3.608572483062744,-14.688209533691406
51.67,-110.2,697.40625,1998.0,0.9760105506323683,1.3377578397921752e-05,-13.28,-93.1,-18.94972038269043,-146.38497924804688
41.13333333,-8.6,59.621094,2001.0,-0.9587178169872964,5.15002066094894e-05,-4.17,-23.6,-4.412840366363525,-22.214942932128906
37.97,23.72,100.17578,2009.0,0.6994583270516471,0.0,-5.04,-21.85,-5.374807834625244,-31.217506408691406
51.35,12.43,125.46484,1987.0,0.9760105506323683,5.890414104214869e-05,-11.0,-77.2,-9.172704696655273,-64.49427032470703
33.65694444,73.26611111,580.9375,2006.0,-0.2135209154397959,0.0,-2.75,-12.93,-3.0851831436157227,-9.852851867675781
36.62,127.46,80.589844,2002.0,-0.7236440382959123,1.4962206478230655e-05,-7.46,-32.5,-6.866888523101807,-45.181129455566406
46.20239,7.84117,1546.1875,2021.0,-0.7236440382959123,3.4567406146379653e-06,-16.92,-124.28,-13.13850212097168,-97.7111587524414
46.37222222,6.470833333,387.75,2002.0,-0.2135209154397959,4.465679739951156e-05,-6.04,-40.5,-6.2730889320373535,-39.624061584472656
41.15305556,-96.49277778,352.0625,1992.0,-0.99665890175417,0.0,-4.9,-19.0,-8.113154411315918,-55.619651794433594
47.4828,11.0622,716.1875,1998.0,-0.680773409477016,1.2099902960471807e-05,-8.49,-61.6,-6.764750003814697,-44.21954345703125
39.66666667,43.85833333,1775.9375,1991.0,-0.2135209154397959,0.0,-1.65,-17.2,-4.137472629547119,-19.637916564941406
46.52639678,9.878949582,1706.875,2023.0,0.29671281927349075,3.808602559729479e-05,-7.32,-54.87,-10.672826766967773,-77.0590591430664
5.383333333,103.1,10.330566,1994.0,0.741222010848596,1.1308545253996272e-05,-7.75,-59.1,-5.379660129547119,-31.262916564941406
-22.94916667,-46.54916667,855.53125,1998.0,0.5380051715382996,0.000187741665286,-2.88,-12.45,-4.848333835601807,-26.290504455566406
47.4828,11.0622,716.1875,2001.0,0.6994583270516471,6.861592555651441e-05,-14.42,-108.0,-12.560449600219727,-92.8694839477539
18.30388889,-65.74583333,553.1875,2007.0,-0.9999166586547379,2.4340262825717215e-05,-2.48,-6.9,-3.676504611968994,-15.323951721191406
46.57248471,8.332719621,1924.0,2004.0,-0.7116566222817751,0.0,-14.07,-98.98,-14.898237228393555,-112.4504165649414
46.095,14.597,283.89062,2004.0,-0.9634705485641486,0.0,-8.51,-56.0,-7.256361961364746,-49.51103973388672
50.06166667,19.84861111,356.8125,1992.0,-0.9634705485641486,0.0,-9.13,-63.1,-8.535823822021484,-59.15985870361328
55.7,37.51666667,199.46875,2017.0,-0.680773409477016,7.352391548920423e-05,-5.48,-42.4,-7.752852439880371,-54.279354095458984
-6.88,39.2,52.724609,1967.0,0.741222010848596,0.0,-1.99,-7.8,-2.6356873512268066,-5.583473205566406
82.5,-62.33333333,62.875,1991.0,0.9510565162951535,0.0,-36.54,-287.3,-31.42133140563965,-250.84518432617188
41.66056063,-1.004162565,244.98438,2019.0,-0.9741004551724206,0.0,-9.67,-70.5,-6.095373630523682,-37.960914611816406
50.92,5.78,111.17188,1997.0,-0.622046748440868,0.0,-10.27,-70.3,-7.682812213897705,-52.015174865722656
-40.35,-9.88,37.345703,1970.0,-0.680773409477016,7.757613275316544e-06,-3.66,-17.0,-4.363104343414307,-21.749488830566406
13.73,100.5,5.7392578,2006.0,0.2386727660059501,0.0,-5.02,-32.22,-3.7323060035705566,-15.846168518066406
56.97,24.07,4.2321777,1981.0,-0.2884824328806098,1.0595839739835355e-05,-17.6,-128.0,-11.811027526855469,-86.59244537353516
22.31666667,114.1666667,34.056641,1982.0,-0.7236440382959123,0.0001633161737117,-3.56,-20.2,-5.664125919342041,-33.925086975097656
32.37,-64.68,1.0638428,1962.0,-0.9741004551724206,9.329688509751575e-06,-2.5,-4.4,-5.437887668609619,-31.807838439941406
49.82,-74.97,386.4375,2004.0,-0.970063921851507,0.0,-12.47,-88.1,-13.491472244262695,-100.6675796508789
31.08,33.83,31.658203,2002.0,0.6994583270516471,5.542125563806621e-06,1.78,28.7,-2.890432834625244,-7.967506408691406
52.8,5.05,-4.4990234,2008.0,0.6016240632249226,9.79211927187862e-06,-6.42,-44.17,-7.537020206451416,-50.794044494628906
39.91055556,41.27555556,1890.5625,2019.0,0.29671281927349075,0.0,-9.92,-64.3,-6.044424533843994,-37.484107971191406
-51.7,-57.87,50.568359,1964.0,0.6994583270516471,3.984817794844275e-06,-6.7,-54.5,-7.373667240142822,-55.087928771972656
41.78,-87.75,186.0,1977.0,-0.7236440382959123,4.012390854768455e-05,-2.28,-24.7,-9.347909927368164,-65.9617691040039
23.64,88.85,18.375977,2019.0,-0.2135209154397959,0.0,-4.16,-24.3,-6.67461633682251,-43.381752014160156
31.2,35.75,989.09375,1966.0,0.6994583270516471,0.0,-4.04,-13.4,-3.467855930328369,-13.371315002441406
18.29888889,-65.695,59.626953,2007.0,0.42500033996955416,2.3449965738109316e-05,-1.69,-3.6,-3.084524631500244,-9.783912658691406
46.57248471,8.332719621,1924.0,2006.0,-0.680773409477016,0.000113555623102,-11.98,-84.62,-9.383718490600586,-66.2616958618164
37.05,29.65,1426.5,1988.0,0.7295575540864875,9.95408627204597e-05,-6.74,-38.4,-5.030294895172119,-27.993385314941406
35.68,51.32,1161.1875,1985.0,-0.2884824328806098,0.0,-9.68,-67.9,-6.866888523101807,-45.181129455566406
43.97455,10.27266,661.0,2016.0,0.6994583270516471,0.00015659906785,-6.54,-39.96,-6.866888523101807,-45.181129455566406
13.07176111,-59.48972222,45.302734,1974.0,-0.2884824328806098,1.2209259693918284e-05,-0.94,-3.3,-1.9539399147033691,0.7966537475585938
48.22,11.59,494.59375,1988.0,-0.9634705485641486,8.792318112682551e-05,-7.05,-46.0,-9.158636093139648,-64.3764419555664
4.365694444,18.58725,381.14062,2013.0,-0.9741004551724206,8.545040327589959e-05,-0.95,-7.36,-3.3489747047424316,-12.258766174316406
51.93,-10.25,33.068359,1981.0,0.29671281927349075,0.0001537466887384,-4.72,-33.7,-5.036360263824463,-28.050148010253906
10.10808333,-84.12208333,2250.25,2004.0,0.6994583270516471,0.0001207422465085,-1.79,-1.0,-8.851282119750977,-73.4926528930664
47.4,28.49166667,94.726562,2011.0,-0.2884824328806098,9.661730473453645e-06,-9.732538192,-67.54467186,-12.857149124145508,-95.3545913696289
47.6772,9.19,442.90625,1983.0,-0.7236440382959123,0.0,-9.82,-76.4,-12.054014205932617,-88.6276626586914
39.48056611,-0.366386255,14.827637,2021.0,0.29671281927349075,0.0,-0.79,-2.9,-4.215109348297119,-20.364479064941406
38.93,100.43,1490.125,1987.0,0.29671281927349075,8.253497799159959e-05,-5.21,-23.9,-5.616209506988525,-33.476661682128906
46.22030867,7.33848445,481.70312,2014.0,0.6994583270516471,0.0,-15.27,-116.0,-13.128271102905273,-97.6254653930664
22.31666667,114.1666667,34.056641,2013.0,-0.7236440382959123,0.0,-3.55,-14.5,-4.85439920425415,-26.347267150878906
28.276976,84.30961,2101.5,2017.0,-0.5452404385406507,9.93885041680187e-05,-16.06869604,-115.8043764,-9.281173706054688,-79.6259536743164
43.70555556,-72.28833333,168.71094,1999.0,0.9997685019798909,0.0,-9.2,-61.0,-9.690649032592773,-68.8324966430664
-65.07944444,-63.9775,286.6875,1964.0,-0.9634705485641486,5.7029133678817604e-08,-12.2,-95.9,-9.138143539428711,-90.94027709960938
50.06166667,19.84861111,356.8125,1977.0,0.6994583270516471,0.0,-14.71,-111.0,-13.609128952026367,-101.6530532836914
-0.37,-78.55,3064.0,2017.0,0.9760105506323683,0.0001935414184117,-16.37,-121.0,-10.179048538208008,-92.4360122680664
43.365884,-8.421399,56.794922,2013.0,-0.9587178169872964,0.0,-4.68,-33.2,-4.358252048492432,-21.704078674316406
45.32,-75.67,112.08594,2012.0,0.7295575540864875,0.0,-5.7,-35.7,-9.41313362121582,-66.50806427001953
32.37,-64.68,1.0638428,1962.0,-0.2135209154397959,1.7769920304999687e-05,-4.0,-21.1,-4.333990573883057,-21.477027893066406
25.46411667,-80.33465278,4.0249023,2003.0,-0.4787338401157883,0.0,-0.82,8.2,-2.773977756500244,-6.877662658691406
48.24861111,16.35638889,200.63281,2003.0,0.9510565162951535,8.47083720145747e-06,-2.05,-38.6,-9.705995559692383,-68.9610366821289
-2.53,140.72,68.566406,1961.0,0.741222010848596,0.0,-8.9,-63.2,-5.832136631011963,-35.497413635253906
47.81666667,13.71777778,1616.0625,2022.0,0.8359254794186372,0.0,-9.509,-62.6,-9.621589660644531,-68.25406646728516
41.15305556,-96.49277778,352.0625,1994.0,-0.6744436188329457,0.0,-17.2,-119.0,-7.482250213623047,-53.960548400878906
-11.40438889,-76.32505556,4444.0,2012.0,0.9562348265919056,0.0,-15.9,-113.13,-12.167070388793945,-120.7992935180664
41.66056063,-1.004162565,244.98438,2006.0,0.9510565162951535,0.0,-2.79,-22.08,-6.4962944984436035,-41.712928771972656
22.31666667,114.1666667,34.056641,2000.0,-0.9634705485641486,0.0,-9.23,-65.65,-6.866888523101807,-45.181129455566406
47.7,27.88333333,177.36719,2011.0,-0.2135209154397959,0.0,-9.706991069,-69.24688034,-6.738378524780273,-43.97846984863281
43.91281944,4.888775,30.959961,2010.0,0.741222010848596,1.2104613233532293e-05,-6.85,-49.07,-5.452444553375244,-31.944068908691406
43.92,7.13,584.375,1997.0,-0.7236440382959123,0.0,-6.6,-39.9,-8.400262832641602,-58.02442169189453
47.81666667,13.71777778,1616.0625,2019.0,0.2802306751992159,0.0,-4.857,-25.25,-11.591060638427734,-84.75003814697266
-25.45590833,-54.83871667,245.49219,2021.0,0.9562348265919056,7.754590478725731e-05,-7.004,-45.85,-5.263205051422119,-30.173072814941406
-75.58333333,-20.56666667,105.53516,1976.0,0.9721181966290613,1.6096934484932243e-09,-30.18,-223.1,-16.53047752380371,-133.11581420898438
51.93,-10.25,33.068359,1983.0,-0.7236440382959123,5.176268132345285e-06,-6.29,-42.6,-6.125093936920166,-38.239051818847656
54.5283,11.0603,1.9006348,2010.0,-0.9587178169872964,0.0,-6.71,-42.8,-7.2495927810668945,-48.3865966796875
-21.43846,-65.71519,2957.125,2008.0,-0.7116566222817751,3.4560158383101225e-05,-1.26,11.9,-5.9916558265686035,-36.990272521972656
-37.82,144.97,6.1674805,1983.0,0.9760105506323683,0.0,-6.49,-43.1,-5.167372226715088,-29.276222229003906
46.72738634,8.186782163,600.90625,2009.0,0.2386727660059501,0.0,-15.12,-121.9334293,-13.189657211303711,-98.1396255493164
44.23,-79.77,234.99219,2000.0,-0.7116566222817751,2.3841152142267678e-05,-12.21,-82.4,-11.836605072021484,-86.80667877197266
41.91172742,2.763346411,139.71094,2007.0,0.29671281927349075,0.0,-3.25,-21.16,-4.633619785308838,-24.281105041503906
-45.35,-72.07,583.1875,1996.0,0.9721181966290613,0.0,-9.97,-81.0,-9.163270950317383,-77.9438247680664
3.783333333,103.3333333,8.0805664,2020.0,0.2802306751992159,0.0001301040319958,-8.02,-52.4,-6.693570613861084,-43.55913543701172
-34.05,115.0249,77.78125,2015.0,-0.2802306751992161,1.3647933883476073e-05,-1.97,0.0,-3.3441224098205566,-12.213356018066406
14.64,121.04,42.933594,2001.0,0.9510565162951535,0.0,-4.08,-26.4,-5.118849277496338,-28.822120666503906
78.91666667,11.93333333,38.650391,2013.0,0.741222010848596,0.0,-11.02,-82.3,-10.734212875366211,-77.5732192993164
48.8281,9.2,313.79688,1979.0,-0.7236440382959123,4.706142499344424e-05,-7.33,-50.4,-9.954097747802734,-71.03910064697266
4.036666667,9.734166667,39.230469,2010.0,0.2386727660059501,0.0,-2.927739714,-13.73643863,-2.7666993141174316,-6.809547424316406
45.80666667,15.97,120.36328,1986.0,-0.7236440382959123,0.0,-9.65,-70.0,-9.780170440673828,-69.58231353759766
36.83,10.23,0.0,1992.0,0.6994583270516471,0.0,-2.4,-5.3,-5.115210056304932,-28.788063049316406
9.49,138.09,7.6940918,1969.0,-0.9587178169872964,5.800715734949336e-05,-8.22,-55.1,-5.078817844390869,-28.447486877441406
-14.67,17.7,1367.125,1974.0,0.9760105506323683,2.80390644036288e-08,-10.4,-72.3,-6.137770652770996,-39.985939025878906
36.88,30.7,0.0,1988.0,-0.23030567023061196,0.0,-8.89,-57.4,-3.361105442047119,-12.372291564941406
-15.85,-47.93,1012.8125,1965.0,0.9510565162951535,0.0001988208096008,-8.53,-51.2,-5.613783359527588,-33.453956604003906
19.28,166.65,4.0,1973.0,0.741222010848596,0.0,0.33,7.4,-1.9539399147033691,0.7966537475585938
28.22,-177.37,0.0,1968.0,0.9562348265919056,1.857200550148264e-05,-0.03,19.2,-3.2761902809143066,-11.577613830566406
47.6772,9.19,442.90625,1995.0,0.6994583270516471,5.954807420494035e-06,-13.57,-102.5,-12.872495651245117,-95.4831314086914
-0.166666667,-78.48333333,2781.625,2008.0,0.6994583270516471,0.0,-16.23,-122.18,-9.876129150390625,-88.1142349243164
42.85,-80.27,228.9375,1981.0,0.741222010848596,0.0,-6.1,-43.0,-6.866888523101807,-45.181129455566406
13.73,100.5,5.7392578,2006.0,0.9760105506323683,0.0,-3.58,-18.66,-4.205404758453369,-20.273658752441406
-35.07,173.28,71.449219,1979.0,-0.9741004551724206,0.0,-4.53,-29.7,-3.6158509254455566,-14.756324768066406
49.93333333,36.28333333,149.28125,2020.0,0.6994583270516471,0.0,-13.47,-97.5,-11.915895462036133,-87.4708023071289
58.1,6.57,0.0,1963.0,-0.2135209154397959,0.0001110954981413,-5.3,-39.1,-6.794672966003418,-44.50529861450195
22.31666667,114.1666667,34.056641,1962.0,-0.9741004551724206,0.0,-9.1,-66.4,-6.866888523101807,-45.181129455566406
40.67,109.85,1068.9375,1986.0,0.9510565162951535,0.0,-9.85,-56.6,-9.613916397094727,-68.1897964477539
49.82,-74.97,386.4375,2004.0,0.6994583270516471,0.0,-24.29,-185.8,-19.3896541595459,-150.06979370117188
49.0422,12.1019,370.21875,1979.0,-0.680773409477016,2.5019002350745723e-05,-8.14,-58.1,-6.866888523101807,-45.181129455566406
32.18,118.18,39.578125,1991.0,-0.2135209154397959,4.95237109134905e-05,-11.83,-83.5,-7.409694671630859,-52.925392150878906
36.15,-5.35,1.5737915,1966.0,0.2386727660059501,0.0,-1.6,-9.4,-5.0193772315979,-27.891212463378906
43.68333333,-1.066666667,17.238281,1999.0,-0.9741004551724206,3.5244474929641e-06,-4.9,-30.9,-5.57253885269165,-33.067970275878906
50.7311,13.7514,876.875,2003.0,-0.2135209154397959,0.0001108445358113,-6.55,-43.5,-7.386636734008789,-49.48659133911133
18.37583333,-65.73277778,2.0092773,2005.0,-0.9033558023246842,4.566881216305774e-06,-2.14,-6.6,-3.933676242828369,-17.730690002441406
47.833185,1.940433,113.78516,1999.0,0.29671281927349075,0.0,-3.5,-20.1,-6.391363620758057,-40.730934143066406
50.92,5.78,111.17188,1983.0,0.29671281927349075,0.0,-6.85,-46.7,-7.195559978485107,-47.93402862548828
-22.94916667,-46.54916667,855.53125,1997.0,-0.6354323008901775,0.0001275984832318,-6.86,-49.43,-3.9749207496643066,-18.116676330566406
49.0422,12.1019,370.21875,1998.0,0.6994583270516471,0.0,-8.7,-63.4,-12.036109924316406,-88.47769927978516
31.18333333,29.95,-4.0114746,1963.0,-0.2884824328806098,4.873758825851837e-06,-1.8,-2.5,-5.04849100112915,-28.163673400878906
39.91055556,41.27555556,1890.5625,2010.0,-0.2135209154397959,1.585644895385485e-05,-3.711917271,-19.25849697,-4.421331882476807,-22.294410705566406
36.03,129.38,4.7189941,1963.0,0.9760105506323683,0.0,-4.96,-30.9,-6.41259241104126,-40.929603576660156
43.49111613,-3.800555816,50.095703,2011.0,-0.2135209154397959,0.0,-4.23,-24.2,-3.4654297828674316,-13.348609924316406
45.8,28.2,40.330078,2021.0,-0.2135209154397959,0.0,-4.66,-34.1,-6.5157036781311035,-41.894569396972656
-46.88,37.87,0.0,2012.0,0.9562348265919056,1.836593401094433e-05,-3.889297666,-20.37434284,-5.360250949859619,-31.081275939941406
22.31666667,114.1666667,34.056641,2018.0,0.9760105506323683,0.0,-2.96,-12.3,-3.3198609352111816,-11.986305236816406
-29.89805556,-71.2425,14.506836,2004.0,-0.6932812268869771,0.0,-4.85,-19.2,-5.579817295074463,-33.136085510253906
47.81666667,13.71777778,1616.0625,2019.0,-0.9951053111006974,5.700045221601613e-05,-6.697,-42.42,-9.746919631958008,-69.3038101196289
53.32,-60.42,46.541016,2008.0,-0.27195815753410524,0.0,-18.79,-134.6,-14.262248039245605,-136.2896728515625
40.2778,-111.7148,1406.625,2016.0,-0.23030567023061196,0.0,-1.36,-22.1,-6.991479873657227,-46.95868682861328
48.24861111,16.35638889,200.63281,1984.0,0.9721181966290613,1.7550493794260547e-05,-9.46,-68.7,-10.51936149597168,-75.7736587524414
46.57248471,8.332719621,1924.0,1983.0,-0.7236440382959123,0.0,-13.88,-99.0,-15.338171005249023,-116.1352310180664
43.587,13.51533333,153.78906,2015.0,0.741222010848596,4.37729840996326e-06,-5.22,-25.5,-5.841841220855713,-35.588233947753906
-17.97472,-67.08,3703.375,2011.0,-0.7236440382959123,0.0,-10.62,-68.7,-6.866888523101807,-45.181129455566406
50.9,14.8,240.94531,2013.0,0.2386727660059501,0.0,-7.81,-58.0,-10.777694702148438,-77.93741607666016
38.03333333,114.4166667,86.800781,2000.0,0.7295575540864875,0.0,-8.6,-56.4,-6.290735244750977,-40.70349884033203
48.22,11.59,494.59375,1995.0,0.29671281927349075,1.6934083760133944e-05,-9.16,-63.5,-7.795353412628174,-52.957801818847656
4.05,114.81,27.053711,2010.0,0.9844738167520922,7.081268995534629e-05,-1.97,-2.97,-6.866888523101807,-45.181129455566406
28.58,77.2,222.79688,2006.0,-0.2135209154397959,0.0001218061661347,-3.45,-20.1,-6.354061603546143,-40.38184356689453
7.17,2.07,154.96875,2014.0,0.9760105506323683,0.0,-2.96,-8.6,-1.8835816383361816,1.4551010131835938
42.58834633,-5.651107617,911.78125,2004.0,0.9721181966290613,0.0,-7.53,-52.08,-9.021797180175781,-63.23029327392578
-16.49888889,-68.12305556,3582.75,2002.0,-0.2135209154397959,0.0,-10.89,-73.3,-9.448051452636719,-82.0068130493164
50.92,5.78,111.17188,2008.0,0.08596479873744647,0.0,-8.0,-55.72,-7.410531044006348,-49.69260787963867
4.466666667,101.3833333,1451.4375,1998.0,-0.2884824328806098,2.1649484551744536e-05,-8.8,-58.9,-9.137876510620117,-77.5815200805664
28.50444444,-16.30333333,570.6875,2011.0,0.9483615800121715,0.0,-1.87,0.86,-2.8831543922424316,-7.899391174316406
45.3738,-75.6862,78.394531,2019.0,0.9510565162951535,0.0,-12.96,-87.0,-10.708635330200195,-77.3589859008789
36.88,30.7,0.0,2010.0,0.741222010848596,0.0,-0.18124668,10.26764012,-3.7711243629455566,-16.209449768066406
4.05,114.81,27.053711,2007.0,-0.9275416835791965,0.0001214270450873,-12.3,-83.09,-7.954314708709717,-60.695533752441406
14.64,121.04,42.933594,2001.0,-0.9741004551724206,0.0001208547546411,-5.37,-30.5,-6.1566338539123535,-38.534217834472656
35.13,-111.67,2151.0,1967.0,0.741222010848596,0.0,-9.8,-71.3,-8.68984603881836,-71.1894302368164
-27.43,153.08,5.7802734,1975.0,0.9510565162951535,2.8486474548117258e-05,-2.68,-8.2,-3.880300998687744,-17.231178283691406
46.57248471,8.332719621,1924.0,2007.0,0.9760105506323683,9.834915545070544e-05,-14.12,-99.46,-12.514410018920898,-92.4838638305664
46.49143367,9.898180888,1767.6875,2015.0,-0.9741004551724206,0.0002738494658842,-16.4,-121.2,-10.665153503417969,-76.99478912353516
47.07777778,15.44888889,370.03125,2001.0,-0.2135209154397959,0.0001554202608531,-4.61,-32.0,-6.6579365730285645,-43.22565460205078
39.66666667,43.85833333,1775.9375,1990.0,-0.7236440382959123,6.447682153520873e-06,-10.07,-71.7,-10.304510116577148,-73.9740982055664
32.97,35.5,816.46875,1964.0,0.9562348265919056,0.0,-5.93,-36.1,-4.520803928375244,-23.225318908691406
-1.43,-48.48,4.737793,1990.0,0.9760105506323683,0.0001860546472016,-3.01,-12.1,-5.5434250831604,-32.795509338378906
16.77,96.17,10.356445,1962.0,0.741222010848596,0.0006146503728814,-4.4,-25.5,-4.285467624664307,-21.022926330566406
51.77,-104.2,553.34375,1980.0,-0.6932812268869771,0.0,-14.1,-104.0,-12.935924530029297,-96.26752471923828
-35.15833333,147.4572222,211.74219,2011.0,-0.9587178169872964,0.0,-3.23,-10.8,-3.4993958473205566,-13.666481018066406
-34.05,115.0249,77.78125,2005.0,-0.8587639582758031,0.0,-4.33,-11.7,-2.9753479957580566,-8.762184143066406
21.04534722,105.7986667,12.334473,2005.0,0.29671281927349075,0.0,-8.11,-53.39,-5.755712985992432,-34.782203674316406
23.05,-82.21666667,123.02734,2008.0,0.2386727660059501,0.0,-2.09,-0.91,-1.9248261451721191,1.0691146850585938
-7.315277778,72.42805556,2.3126221,1999.0,-0.9741004551724206,7.149484008550644e-05,-7.48,-50.0,-4.079245090484619,-19.092994689941406
-51.7012,-57.7858,5.8200684,2016.0,0.9721181966290613,0.0,-8.381231281,-54.739432,-7.4089035987854,-54.14891815185547
54.5283,11.0603,1.9006348,2000.0,-0.9634705485641486,1.972533209482208e-05,-6.83,-40.4,-7.166625499725342,-47.69167709350586
18.47,-70.02,1.0,2002.0,0.9760105506323683,0.0,-1.21,-0.6,-2.1795716285705566,-1.3149185180664062
45.80666667,15.97,120.36328,1980.0,-0.27195815753410524,5.575709110416938e-06,-12.73,-92.7,-12.197248458862305,-89.8273696899414
43.45,5.45,224.92188,1997.0,0.9760105506323683,4.312236706027761e-05,-5.87,-34.0,-5.829103946685791,-35.469032287597656
-16.49888889,-68.12305556,3582.75,2006.0,0.9510565162951535,0.0,-15.09,-109.33,-11.575742721557617,-112.3627700805664
46.72738634,8.186782163,600.90625,2015.0,-0.2135209154397959,0.0001180013568955,-5.21,-34.4,-6.571959972381592,-42.421043395996094
-34.05,115.0249,77.78125,2010.0,-0.19667288979357622,9.1092791990377e-05,-3.63,-11.1,-3.380514621734619,-12.553932189941406
46.095,14.597,283.89062,1997.0,-0.9741004551724206,0.0,-7.29,-46.4,-8.354837417602539,-59.04515838623047
36.83,10.23,0.0,1968.0,-0.970063921851507,0.0,-3.48,-10.6,-4.324285984039307,-21.386207580566406
50.06166667,19.84861111,356.8125,1975.0,-0.680773409477016,0.0,-7.1,-47.3,-6.9026970863342285,-45.481056213378906
-42.48,-65.05,98.636719,1999.0,-0.7236440382959123,0.0,-3.7,-29.0,-6.798419952392578,-44.31604766845703
49.0975,19.59,572.9375,1992.0,0.2386727660059501,4.535538391792216e-05,-12.83,-96.3,-12.81110954284668,-94.9689712524414
51.35,12.43,125.46484,2008.0,-0.23030567023061196,0.0,-6.47,-44.8,-6.575902462005615,-42.45793914794922
23.05,-82.21666667,123.02734,2018.0,-0.7236440382959123,2.177502892664052e-06,-1.77,-1.4,-2.8443360328674316,-7.536109924316406
-0.1968,-78.436,2400.75,2018.0,0.29671281927349075,0.0,-14.81,-116.1,-7.971546649932861,-60.941383361816406
-16.49888889,-68.12305556,3582.75,2003.0,-0.2135209154397959,0.0,-5.24,-27.2,-9.457120895385742,-82.1362075805664
4.05,114.81,27.053711,2007.0,0.5595892624101765,0.0,-8.71,-54.03,-6.105078220367432,-38.051734924316406
17.45,78.47,527.28125,1998.0,-0.9741004551724206,0.0001871727290563,-10.18,-69.6,-4.329138278961182,-21.431617736816406
7.533333333,80.45,131.14062,1994.0,0.6994583270516471,0.0,-7.8,-52.0,-3.7614197731018066,-16.118629455566406
-34.05,115.0249,77.78125,2017.0,0.9510565162951535,0.0,-2.79,-9.1,-4.006460666656494,-18.411842346191406
50.92,5.78,111.17188,2006.0,-0.970063921851507,2.2556943804374896e-05,-6.75,-43.23,-7.544118404388428,-51.6624641418457
50.3381,7.6,86.441406,1991.0,-0.680773409477016,9.72330817603506e-05,-3.59,-26.1,-6.651719570159912,-43.16747283935547
-6.18,106.83,5.1230469,1964.0,-0.6932812268869771,4.02076038881205e-05,-3.2,-14.3,-5.3493332862854,-30.979103088378906
36.83,10.23,0.0,1991.0,-0.2884824328806098,0.0,-6.1,-35.3,-5.49490213394165,-32.341407775878906
49.0392,8.365,112.44141,1999.0,-0.2884824328806098,0.0,-11.97,-88.0,-10.406820297241211,-74.8310317993164
48.545,13.3528,478.40625,2006.0,-0.9741004551724206,2.5410941816517152e-05,-8.38,-61.0,-9.301870346069336,-65.5761489868164
50.06166667,19.84861111,356.8125,1982.0,-0.680773409477016,0.0,-5.58,-35.5,-6.892306327819824,-45.39402389526367
-2.53,140.72,68.566406,1989.0,0.9510565162951535,0.0003133441205136,-5.38,-31.3,-5.941919803619385,-36.524818420410156
32.36666667,-6.4,467.60938,2001.0,0.4171936026123168,0.0,-0.41,6.47,-4.609358310699463,-24.054054260253906
45.80666667,15.97,120.36328,2003.0,0.3536761221763716,0.0,-13.04,-98.8,-8.113154411315918,-55.619651794433594
51.35,12.43,125.46484,1988.0,-0.9634705485641486,2.842486537701916e-05,-7.2,-51.8,-7.279885768890381,-49.87085723876953
49.1823,-119.559,334.40625,2008.0,0.741222010848596,0.0,-14.41,-130.4,-14.560613632202148,-109.6225357055664
25.7325,-80.16323611,3.5220947,2001.0,-0.3617137307297674,5.668170342687517e-05,-1.28,-3.2,-2.5434937477111816,-4.720680236816406
-27.17,-109.43,140.28906,2002.0,-0.9587178169872964,1.6403134850406786e-06,-2.9,-10.2,-2.817648410797119,-7.286354064941406
39.46666667,-6.333333333,410.0,2003.0,-0.9587178169872964,0.0,-5.61,-39.85,-5.007246494293213,-27.777687072753906
8.116666667,80.46666667,114.40234,1993.0,-0.7236440382959123,0.0001787521759979,-6.4,-39.0,-6.866888523101807,-45.181129455566406
23.95277778,90.27916667,23.626953,2012.0,0.2802306751992159,9.53846174525097e-05,-1.47,-1.03,-4.176290988922119,-20.001197814941406
43.70555556,-72.28833333,168.71094,1998.0,0.29671281927349075,0.0,-7.1,-46.0,-7.167264938354492,-47.6970329284668
28.50444444,-16.30333333,570.6875,2008.0,0.6616346182422783,4.894287485512905e-05,-2.86,-8.39,-3.7080445289611816,-15.619117736816406
47.12,9.49,459.84375,2014.0,-0.680773409477016,0.0,-6.27,-44.9,-6.4153218269348145,-40.95514678955078
44.52361111,11.33888889,38.84375,1998.0,0.2386727660059501,0.0,-8.91,-64.2,-8.01851749420166,-54.826988220214844
-40.35,-9.88,37.345703,1970.0,-0.2135209154397959,1.8358106217419845e-06,-5.02,-29.0,-4.152029514312744,-19.774147033691406
54.6789,13.4342,38.980469,2008.0,0.9562348265919056,7.505017856601626e-05,-9.68,-65.6,-9.057605743408203,-63.53022003173828
4.466666667,101.3833333,1451.4375,2002.0,0.9510565162951535,0.0003095036954618,-6.49,-25.42,-6.611839771270752,-42.79425811767578
-33.95833333,18.46111111,109.49609,1997.0,-0.680773409477016,1.3397525435721036e-05,-2.24,-6.0,-3.0141663551330566,-9.125465393066406
-2.53,140.72,68.566406,1982.0,0.9760105506323683,0.0,-4.31,-39.8,-5.904921054840088,-36.178565979003906
32.2361,-110.9439,753.21875,1997.0,0.9760105506323683,0.0,-8.4,-50.0,-6.866888523101807,-45.181129455566406
47.6772,9.19,442.90625,1987.0,-0.2135209154397959,0.0,-7.23,-52.8,-7.264972686767578,-48.422142028808594
17.46,106.62,2.4233398,2014.0,-0.2135209154397959,1.8856026144931093e-05,-7.97,-58.2,-6.8519182205200195,-46.864051818847656
-34.38,-58.28,0.0,1989.0,0.2386727660059501,0.0007759833242744,-3.6,-26.0,-5.6210618019104,-33.522071838378906
78.07,13.63,0.0,1963.0,0.29671281927349075,3.427295268920716e-06,-8.8,-58.3,-10.83140754699707,-78.3873062133789
52.4672,13.4019,47.5625,2003.0,0.29671281927349075,0.0,-5.34,-40.85,-7.399221420288086,-49.639862060546875
46.89,7.49,659.34375,2021.0,0.29671281927349075,0.0,-7.38,-48.65,-7.604161262512207,-51.356407165527344
52.98,158.65,0.0,1999.0,0.9510565162951535,0.0,-15.6,-114.2,-13.752363204956055,-102.8527603149414
54.5275,9.5486,43.292969,2010.0,-0.9741004551724206,5.220535513217328e-06,-8.89,-52.4,-8.045780181884766,-56.383750915527344
50.06166667,19.84861111,356.8125,2001.0,-0.680773409477016,0.0,-6.06,-40.3,-6.612294673919678,-42.79851531982422
46.57248471,8.332719621,1924.0,2022.0,0.6994583270516471,0.0,-10.46,-75.4,-14.540151596069336,-109.4511489868164
37.30268,-2.90198,1735.125,2013.0,0.6994583270516471,0.0,-7.47,-42.7,-6.9986371994018555,-45.531272888183594
-0.841111111,29.94194444,1574.5,2003.0,-0.2884824328806098,0.0,-3.68,-14.3,-2.977774143218994,-8.784889221191406
2.883333333,101.7833306,55.289062,2011.0,0.29671281927349075,0.0,-4.3,-22.66,-6.277637958526611,-39.66663360595703
-19.87086111,-43.96733333,844.875,2016.0,-0.7116566222817751,5.0222151912748814e-05,-6.14,-37.8,-3.9652161598205566,-18.025856018066406
48.545,13.3528,478.40625,2005.0,-0.9587178169872964,4.159795571467839e-05,-7.58,-49.8,-7.8586578369140625,-53.48802947998047
6.9506,79.8795,3.7172852,2015.0,0.2386727660059501,7.77741297497414e-05,-2.31,-5.7,-3.661947727203369,-15.187721252441406
32.55,35.85,570.125,1993.0,0.6994583270516471,0.0,-7.69,-32.8,-4.210257053375244,-20.319068908691406
-34.05,115.0249,77.78125,2018.0,-0.7638886127905429,1.2492573659983464e-06,-0.43,10.0,-3.1888489723205566,-10.760231018066406
35.82305556,-106.305,2189.625,1991.0,-0.4862727071086902,0.0,-8.44,-57.5,-7.725311279296875,-57.428321838378906
49.0975,19.59,572.9375,2021.0,-0.680773409477016,0.0,-9.55,-66.3,-6.601831912994385,-42.700599670410156
37.77,-25.65,137.14062,2005.0,0.9510565162951535,1.0938092600554228e-05,-5.34,-30.1,-3.395071506500244,-12.690162658691406
-18.9,47.53,1259.9375,1964.0,0.9562348265919056,5.8129793615080416e-05,-6.6,-47.1,-5.422117710113525,-31.660255432128906
23.05,-82.21666667,123.02734,2018.0,0.9760105506323683,0.0,-0.64,2.9,-2.2620606422424316,-2.0868911743164062
18.37583333,-65.73277778,2.0092773,2005.0,-0.6152845999633277,2.4646335077704865e-05,-1.83,-4.8,-2.807943820953369,-7.195533752441406
49.7478,6.6581,259.26562,2008.0,-0.9634705485641486,0.0,-6.49,-37.7,-6.761964797973633,-45.36780548095703
46.49722222,28.3,150.79688,2011.0,-0.9741004551724206,0.0,-9.93,-64.7,-8.858765602111816,-62.757728576660156
-34.05,115.0249,77.78125,2018.0,0.9307239310379795,6.273471171880374e-06,-3.16,-13.1,-3.996756076812744,-18.321022033691406
51.93,-10.25,33.068359,1994.0,0.2386727660059501,8.403872197959572e-05,-7.11,-46.5,-6.620179653167725,-42.87230682373047
-16.49888889,-68.12305556,3582.75,2006.0,-0.2884824328806098,8.687459194334224e-05,-19.38,-142.62,-9.638509750366211,-84.7240982055664
46.98141401,6.607999655,1046.0625,2017.0,0.2386727660059501,4.014686055597849e-05,-9.43,-61.5,-12.867380142211914,-95.4402847290039
4.05,114.81,27.053711,2006.0,-0.008606996888688009,0.0,-7.68,-47.55,-7.366161346435547,-52.304298400878906
46.29,-64.15,0.0,1998.0,-0.2884824328806098,2.5301338610006496e-05,-14.64,-104.1,-10.370719909667969,-95.63654327392578
49.0975,19.59,572.9375,2015.0,0.9510565162951535,0.0,-11.49,-84.9,-10.81350326538086,-78.23734283447266
46.49143367,9.898180888,1767.6875,2017.0,0.9510565162951535,0.0,-13.18,-97.5,-13.020845413208008,-96.7256851196289
48.951944,14.469722,396.5625,2017.0,0.9760105506323683,0.0,-11.66,-82.9,-10.50401496887207,-75.6451187133789
4.05,114.81,27.053711,2010.0,-0.9209712877166346,8.010205056052655e-05,-3.55,-18.67,-8.049543380737305,-62.054176330566406
39.28333333,-7.416666667,492.75,1997.0,0.6994583270516471,4.655514203477651e-06,-2.7,-16.0,-5.851545810699463,-35.679054260253906
-65.07944444,-63.9775,286.6875,1990.0,0.2386727660059501,5.288992223608215e-08,-11.01,-93.3,-9.660440444946289,-85.8607177734375
50.92,5.78,111.17188,2006.0,-0.5667017562911184,2.320026942470577e-05,-8.51,-58.06,-6.866888523101807,-45.181129455566406
-3.823991667,-73.377425,90.707031,2007.0,0.741222010848596,0.0001683842856436,-10.06,-69.44,-6.373167514801025,-40.560646057128906
52.2914,10.4464,80.6875,1979.0,-0.9587178169872964,1.4468600966210944e-05,-5.79,-38.4,-6.641603946685791,-43.02418518066406
-41.47,-72.93,43.574219,2010.0,0.29671281927349075,0.0001713950041448,-5.76,-40.5,-6.3701348304748535,-40.532264709472656
-34.05,115.0249,77.78125,2018.0,-0.39359027665646645,4.1082017560256645e-05,-2.7,-2.0,-3.2955994606018066,-11.759254455566406
-29.89805556,-71.2425,14.506836,2007.0,0.29671281927349075,0.0,-5.32,-34.4,-6.368618488311768,-40.51807403564453
46.20239,7.84117,1546.1875,2016.0,-0.970063921851507,0.0,-10.21,-69.1,-10.908140182495117,-79.0300064086914
36.72,3.18,19.595703,2003.0,0.7354170229639855,0.0,-6.56,-25.0,-4.207830905914307,-20.296363830566406
-2.6,-78.56666667,1992.375,1994.0,0.741222010848596,0.0,-16.8,-123.87,-8.663545608520508,-70.8141860961914
-34.05,115.0249,77.78125,2017.0,-0.680773409477016,9.38020457397215e-06,-3.25,-12.2,-3.210684299468994,-10.964576721191406
64.68972778,-148.38,298.15625,2004.0,-0.4405187843504952,0.0,-16.44,-129.7,-16.750051498413086,-127.9609146118164
52.16666667,0.25,32.667969,1982.0,-0.2135209154397959,0.0,-6.0,-40.0,-6.216681003570557,-39.096168518066406
-15.85,-47.93,1012.8125,1983.0,-0.9587178169872964,0.0,-1.2,4.0,-2.313009738922119,-2.5636978149414062
54.5283,11.0603,1.9006348,2012.0,0.2802306751992159,2.680107354535721e-05,-7.01,-47.0,-7.703274250030518,-52.186561584472656
-3.12,-60.02,49.394531,1983.0,-0.9587178169872964,0.0,-1.29,5.3,-2.3202881813049316,-2.6318130493164062
-19.87086111,-43.96733333,844.875,2017.0,-0.2884824328806098,1.4360585737449584e-05,-7.73,-49.8,-4.969641208648682,-27.425758361816406
49.0975,19.59,572.9375,2006.0,0.2386727660059501,0.0001014110239339,-16.09,-121.22,-11.688255310058594,-85.56412506103516
41.02444444,40.52,10.936523,2010.0,-0.2135209154397959,7.094037573551759e-05,-6.629041568,-36.46905518,-5.00967264175415,-27.800392150878906
47.47051111,21.49041944,105.30859,2002.0,-0.6152845999633277,0.0,-7.91,-60.1,-8.301126480102539,-59.01752471923828
4.070876167,9.036344848,42.232422,1972.0,0.008606996888688698,0.0,-2.41,-12.4,-2.6502442359924316,-5.719703674316406
38.56666667,-7.9,267.98438,2017.0,0.741222010848596,0.0,-4.77,-22.8,-4.4176926612854,-22.260353088378906
12.13,15.03,294.5,1969.0,-0.680773409477016,0.0001292611123062,-7.5,-47.0,-5.357824802398682,-31.058570861816406
45.80666667,15.97,120.36328,1992.0,-0.9634705485641486,0.0,-6.54,-41.4,-7.030782222747803,-47.368682861328125
50.4972,9.9428,920.40625,2010.0,0.2386727660059501,0.0,-13.41,-94.03,-10.78281021118164,-77.98026275634766
47.47051111,21.49041944,105.30859,2009.0,-0.2802306751992161,0.0,-2.28,-18.33,-12.672990798950195,-93.8121109008789
40.50691,-1.65147,1713.75,2021.0,0.6994583270516471,8.185402111848816e-05,-10.64,-74.2,-10.181737899780273,-72.9457778930664
-0.166666667,-78.48333333,2781.625,2017.0,0.9760105506323683,0.0001077055931091,-17.36,-127.7,-10.05207633972168,-90.6244888305664
47.59583333,7.594444444,248.26562,1999.0,-0.2135209154397959,0.0,-5.77,-39.0,-6.262474536895752,-39.52472686767578
49.7703,9.9578,265.90625,1992.0,0.9721181966290613,8.206658822018653e-05,-9.1,-65.0,-8.927160263061523,-62.43762969970703
31.28333333,34.23333333,41.878906,2002.0,0.2386727660059501,1.1413375432312025e-05,-4.85,-13.5,-3.540640354156494,-14.052467346191406
37.77,-25.65,137.14062,1963.0,0.9510565162951535,0.0,-3.7,-15.5,-4.268484592437744,-20.863990783691406
47.8008,11.0108,974.96875,2002.0,-0.9741004551724206,0.0,-11.22,-77.26,-9.777612686157227,-69.5608901977539
44.42,8.85,5.4519043,1992.0,0.9562348265919056,0.0,-4.57,-30.5,-5.886118412017822,-36.002601623535156
1.53,110.34,7.5837402,2013.0,-0.2135209154397959,4.445584636414424e-05,-8.02,-52.6,-7.073558330535889,-48.12970733642578
46.60305556,13.67138889,2148.125,1986.0,-0.9587178169872964,0.0002330366842215,-10.95,-78.6,-9.196270942687988,-66.81952667236328
66.49686111,25.75518056,108.88672,2005.0,0.9760105506323683,0.0,-15.15,-116.4,-15.829259872436523,-120.2485122680664
46.60305556,13.67138889,2148.125,2018.0,-0.8919813464595487,0.0001557486102683,-6.742,-36.38,-7.715188980102539,-56.95616912841797
-15.6,-56.1,177.79688,1979.0,0.9510565162951535,0.0,-3.64,-34.6,-5.76663064956665,-34.884376525878906
-46.42,168.32,-0.90939331,1986.0,-0.2884824328806098,0.0001015550806187,-6.74,-46.2,-6.866888523101807,-45.181129455566406
-33.11011944,-64.24918333,408.09375,2017.0,0.6994583270516471,0.0,-7.04,-44.7,-6.361643314361572,-40.452796936035156
34.9,-120.45,72.417969,1964.0,0.6994583270516471,0.0001004141013254,-2.8,-14.9,-5.16494607925415,-29.253517150878906
-34.38,-58.28,0.0,1992.0,0.9562348265919056,6.65404149913229e-05,-9.9,-66.0,-5.974066257476807,-36.825660705566406
-30.08,-51.18,244.72656,1976.0,-0.9634705485641486,1.609121568435512e-06,-3.04,-8.2,-3.6061463356018066,-14.665504455566406
19.2,-96.13,0.0,1967.0,-0.7236440382959123,0.0,-2.28,2.1,-3.5673279762268066,-14.302223205566406
36.15,-5.35,1.5737915,2002.0,0.9510565162951535,0.0,-3.59,-16.3,-4.619062900543213,-24.144874572753906
46.72738634,8.186782163,600.90625,1986.0,0.741222010848596,0.0,-8.79,-57.9,-9.923404693603516,-70.78202056884766
13.73,100.5,5.7392578,2018.0,0.29671281927349075,6.363169086398557e-05,-2.8,-15.3,-5.268057346343994,-30.218482971191406
-22.94916667,-46.54916667,855.53125,1998.0,0.545240438540651,0.0,-8.5,-53.89,-4.75735330581665,-25.439064025878906
43.34305556,13.06111111,947.03125,2000.0,-0.7116566222817751,0.0,-7.02,-38.0,-8.205873489379883,-56.39624786376953
52.1042,8.7519,134.42188,1986.0,0.9510565162951535,0.0,-7.84,-58.0,-8.766021728515625,-61.08795928955078
-25.73,28.18,1326.75,2000.0,0.2386727660059501,0.0,-5.4,-23.9,-3.5770325660705566,-14.393043518066406
48.8281,9.2,313.79688,1975.0,-0.9587178169872964,0.0,-7.39,-41.9,-6.968642234802246,-45.87262725830078
13.07176111,-59.48972222,45.302734,1962.0,-0.2135209154397959,9.96325834421441e-05,-4.0,-18.6,-2.6308350563049316,-5.538063049316406
48.22,11.59,494.59375,1988.0,0.6994583270516471,5.240401605988154e-06,-15.64,-113.2,-13.435201644897461,-100.1962661743164
76.76666667,-18.66666667,0.0,2008.0,-0.9634705485641486,0.0,-14.16,-112.06,-16.028764724731445,-121.9195327758789
19.28,166.65,4.0,1975.0,-0.7236440382959123,0.0,-1.83,-0.7,-2.9753479957580566,-8.762184143066406
-23.0,-47.13333333,635.21875,1998.0,0.7236440382959124,8.825954864732921e-05,-14.19,-113.38,-4.733091831207275,-25.212013244628906
52.8911,11.7294,21.530273,2001.0,0.2386727660059501,0.0,-14.01,-105.0,-9.984790802001953,-71.29618072509766
-25.23582483,-57.51472879,81.433594,2021.0,0.255353295116187,0.0,-9.22,-63.4,-5.039999485015869,-28.084205627441406
53.8713,8.7058,4.7202148,2006.0,0.9510565162951535,0.0,-7.03,-52.8,-7.9226274490356445,-54.152061462402344
51.83,6.25,9.5,1994.0,0.9760105506323683,0.0,-10.69,-75.9,-7.559305191040039,-51.76746368408203
37.01,-7.96,0.0,1985.0,-0.2884824328806098,0.0,-4.05,-21.3,-5.323858737945557,-30.740699768066406
0.05,32.45,1135.4375,1999.0,-0.2884824328806098,0.0,-1.07,7.4,-3.1354737281799316,-10.260719299316406
22.06538333,-80.48231667,32.125,2019.0,-0.2135209154397959,0.0,-1.35,-0.6,-3.3392701148986816,-12.167945861816406
43.68333333,-1.066666667,17.238281,2003.0,-0.2884824328806098,1.6733545635361224e-05,-6.3,-36.6,-6.05352258682251,-37.569252014160156
34.72,113.65,108.5625,1987.0,-0.680773409477016,0.0,-5.73,-42.4,-7.47952938079834,-53.921730041503906
37.1644591,-5.611393166,86.394531,2000.0,-0.27195815753410524,4.271779835107736e-05,-6.12,-31.8,-4.890791416168213,-26.687843322753906
9.49,138.09,7.6940918,1973.0,-0.7236440382959123,2.3537724700872783e-05,-6.99,-43.1,-5.536146640777588,-32.727394104003906
53.57,-113.52,665.5,1964.0,0.7295575540864875,0.0,-13.1,-92.3,-17.517377853393555,-134.38790893554688
-15.58006389,-67.25855278,415.78125,1983.0,0.2386727660059501,0.0,-6.04,-38.8,-5.613783359527588,-33.453956604003906
74.72,-94.98,67.636719,1989.0,0.741222010848596,0.0,-33.02,-246.3,-26.275129318237305,-207.74142456054688
2.883333333,101.7833306,55.289062,2000.0,0.7295575540864875,0.0002207550278399,-6.65,-49.2,-6.2391228675842285,-39.306190490722656
46.28916667,-63.11916667,35.291016,2017.0,-0.2884824328806098,2.475287146808114e-05,-10.69,-70.9,-9.12336540222168,-77.3744888305664
47.4,28.49166667,94.726562,2017.0,0.9760105506323683,0.0,-12.84,-94.3,-9.419527053833008,-66.5616226196289
49.0975,19.59,572.9375,2013.0,0.29671281927349075,6.254754407564178e-05,-8.26,-58.62,-7.720539093017578,-52.33116912841797
42.58834633,-5.651107617,911.78125,2018.0,-0.2884824328806098,9.341966688225511e-06,-7.16,-44.3,-9.657398223876953,-68.55399322509766
50.3381,7.6,86.441406,2005.0,0.29671281927349075,0.0,-2.66,-21.75,-6.866888523101807,-45.181129455566406
48.36,-4.57,68.214844,1998.0,0.6994583270516471,2.1401658159447837e-05,-4.7,-29.5,-7.434273719787598,-53.29564666748047
53.8713,8.7058,4.7202148,1989.0,-0.9587178169872964,1.5277171769412234e-05,-4.5,-25.2,-6.642924785614014,-43.085166931152344
53.23,6.55,7.7121582,1977.0,0.29671281927349075,0.0,-5.94,-39.7,-6.797402381896973,-44.53084182739258
48.24861111,16.35638889,200.63281,2013.0,0.29671281927349075,2.5194734917022288e-05,-8.77,-62.5,-7.37044620513916,-49.39884948730469
39.95,32.88,920.125,2011.0,-0.7236440382959123,0.0,-11.30224593,-72.15641882,-8.668827056884766,-60.27387237548828
39.55339029,2.625298143,5.3820801,2019.0,-0.7236440382959123,0.0,-7.97,-50.1,-6.0110650062561035,-37.171913146972656
47.85166667,16.84305556,119.17969,1965.0,-0.2135209154397959,0.0,-5.66,-39.6,-6.566652774810791,-42.371376037597656
47.37233597,8.083138245,397.48438,2002.0,-0.2135209154397959,9.235768084181473e-05,-6.3,-40.30873987,-6.468393802642822,-41.451820373535156
-33.97,18.6,41.798828,1974.0,0.29671281927349075,1.9865467049129393e-09,-4.27,-12.9,-3.302877902984619,-11.827369689941406
46.49143367,9.898180888,1767.6875,2012.0,0.2386727660059501,0.0001233445073012,-19.97,-150.94,-15.056818008422852,-113.7786636352539
38.00194982,-1.170837424,61.660156,2017.0,-0.9741004551724206,0.0,-4.19,-24.4,-5.173437595367432,-29.332984924316406
19.2,-96.13,0.0,1975.0,0.6994583270516471,0.0,-1.49,-2.3,-2.2280945777893066,-1.7690200805664062
41.78,-87.75,186.0,1974.0,-0.9587178169872964,1.059596570485155e-06,-7.47,-39.0,-6.060801029205322,-37.637367248535156
19.2,-96.13,0.0,1985.0,0.29671281927349075,0.0003191299911122,-5.02,-30.4,-4.372808933258057,-21.840309143066406
13.52,2.09,210.4375,2010.0,-0.9741004551724206,0.0,-1.748204803,-7.364265942,-1.8253540992736816,2.0000228881835938
-0.743055556,-90.30222222,1.7120972,2013.0,-0.7236440382959123,0.0,-1.033351337,1.139651226,-1.9393830299377441,0.9328842163085938
47.81666667,13.71777778,1616.0625,2002.0,-0.6152845999633277,1.595796311448794e-05,-10.34,-73.1,-11.961935043334961,-87.8564224243164
47.4828,11.0622,716.1875,1989.0,0.9760105506323683,0.0,-13.29,-97.0,-12.642297744750977,-93.5550308227539
48.8281,9.2,313.79688,1981.0,-0.9741004551724206,2.4794922865112312e-05,-8.56,-66.9,-8.143935203552246,-55.964622497558594
56.93604,24.09549,1.7421875,2017.0,0.9510565162951535,9.36472770263208e-06,-12.92,-95.7,-10.048734664916992,-71.8317642211914
28.58,77.2,222.79688,1966.0,0.29671281927349075,0.0,0.01,7.0,-0.7238831520080566,12.308128356933594
40.41195035,-3.67806112,671.09375,2021.0,-0.9587178169872964,0.0,-5.86,-35.9,-5.639257907867432,-33.692359924316406
46.49143367,9.898180888,1767.6875,2018.0,0.29671281927349075,0.0,-6.32,-45.0,-11.565483093261719,-84.53580474853516
11.82444444,39.585,1872.25,2002.0,0.29671281927349075,0.0,-1.3,5.35,-0.16586923599243164,17.530296325683594
35.27,-75.55,0.0,1962.0,0.9760105506323683,0.0,-2.8,-23.0,-3.8244996070861816,-16.708961486816406
-54.78,-68.28,104.83984,2000.0,0.9562348265919056,0.0,-9.7,-69.0,-8.189212799072266,-64.0468521118164
43.91281944,4.888775,30.959961,1999.0,-0.680773409477016,0.0,-4.16,-25.1,-4.540213108062744,-23.406959533691406
31.99730278,34.81616111,44.347656,1972.0,-0.27195815753410524,0.0,-5.32,-25.1,-4.779188632965088,-25.643409729003906
-0.743055556,-90.30222222,1.7120972,2013.0,-0.3131070409358267,4.392501068650745e-06,-0.770528694,1.631878132,-1.5875916481018066,4.225120544433594
38.05011111,23.8675,438.375,2001.0,-0.2553532951161881,0.0,-6.82,-40.4,-6.866888523101807,-45.181129455566406
28.50444444,-16.30333333,570.6875,2011.0,-0.7354170229639858,1.3273385775391944e-05,-1.53,7.04,-2.6939148902893066,-6.128395080566406
-19.85,-68.6,3948.0,1986.0,0.2386727660059501,0.0,-11.3,-75.0,-8.002382278442383,-61.381324768066406
-8.587013889,-38.57735833,323.625,1974.0,-0.2884824328806098,1.0434850992169231e-05,2.2,8.0,-2.6793580055236816,-5.992164611816406
49.0392,8.365,112.44141,1995.0,0.6994583270516471,0.0,-7.85,-54.3,-9.910615921020508,-70.6749038696289
13.07176111,-59.48972222,45.302734,1961.0,-0.9741004551724206,2.1346588255255483e-05,-2.3,-16.2,-3.841482639312744,-16.867897033691406
48.36,-4.57,68.214844,2002.0,-0.680773409477016,3.086391870965599e-06,-6.69,-48.6,-5.225599765777588,-29.821144104003906
7.102222222,-73.06944444,1429.5,2006.0,0.29671281927349075,0.0,-13.93,-101.37,-8.383298873901367,-66.8158950805664
47.81666667,13.71777778,1616.0625,2020.0,0.8263541987239096,0.0,-6.025,-41.09,-9.474519729614258,-67.02222442626953
10.00036389,-84.10913333,1157.3125,2016.0,-0.4327755925504317,0.000207062868867,-6.132295,-43.8634,-5.881613731384277,-37.543067932128906
-26.41388889,146.2558333,302.09375,2011.0,0.9510565162951535,0.0,-11.03,-77.2,-5.333563327789307,-30.831520080566406
37.90111111,40.20361111,674.46875,2018.0,0.6994583270516471,0.0,-7.93,-47.6,-6.410772800445557,-40.912574768066406
31.2025,29.87666667,-7.1420898,2002.0,0.9922222094179323,0.0,-4.31,-21.4,-3.0772461891174316,-9.715797424316406
45.8,28.2,40.330078,2009.0,-0.2135209154397959,0.0,-4.82,-35.46,-6.509031772613525,-41.832130432128906
41.91595556,13.08333333,499.48438,2002.0,0.5737722679043246,0.0,-3.23,-13.56,-6.866888523101807,-45.181129455566406
46.57248471,8.332719621,1924.0,2007.0,-0.9741004551724206,0.0,-11.92,-82.36,-12.064245223999023,-88.7133560180664
50.06166667,19.84861111,356.8125,2009.0,0.6994583270516471,3.7738307582912967e-05,-16.71,-124.9,-12.335367202758789,-90.9842300415039
24.9,67.13,23.870117,1965.0,-0.680773409477016,0.0,-3.5,-21.2,-3.768698215484619,-16.186744689941406
-34.93,138.58,24.027344,1973.0,-0.680773409477016,0.0,-3.9,-18.0,-3.3586792945861816,-12.349586486816406
41.91172742,2.763346411,139.71094,2013.0,0.6994583270516471,0.0,-7.01,-38.1,-6.123880863189697,-38.227699279785156
49.0422,12.1019,370.21875,2001.0,-0.2884824328806098,0.0,-8.38,-69.5,-11.670351028442383,-85.4141616821289
43.92,7.13,584.375,1997.0,0.29671281927349075,0.0,-5.23,-25.1,-5.5434250831604,-32.795509338378906
62.89179444,27.62542222,94.585938,2011.0,-0.7236440382959123,0.0,-13.54,-98.4,-14.018369674682617,-105.0807876586914
52.98,158.65,0.0,1997.0,0.9760105506323683,4.410154360812157e-06,-12.6,-98.2,-13.737016677856445,-102.7242202758789
54.5283,11.0603,1.9006348,2001.0,0.2386727660059501,0.0,-12.93,-97.5,-9.836441040039062,-70.05362701416016
52.1,5.18,1.7967529,2005.0,0.38566340624360707,5.815543045173399e-05,-2.7,-13.35,-6.866888523101807,-45.181129455566406
41.733333,43.516667,0.0,2012.0,0.6994583270516471,0.0,-20.25,-149.6,-10.406820297241211,-74.8310317993164
-6.18,106.83,5.1230469,1962.0,-0.9741004551724206,2.839694934664294e-05,-4.8,-29.2,-4.872595310211182,-26.517555236816406
-33.45,-70.7,507.65625,1996.0,-0.6932812268869771,0.0,-5.44,-28.0,-5.6811089515686035,-34.084022521972656
34.71666667,10.68333333,23.232422,1998.0,0.2386727660059501,0.0001981842069653,-0.995,3.5,-5.372381687164307,-31.194801330566406
50.11622222,14.39291667,182.82031,2019.0,-0.2884824328806098,0.0,-9.86,-74.4,-11.069278717041016,-80.37967681884766
28.2,113.0666667,44.691406,1989.0,0.9510565162951535,0.0001189712347695,-3.78,-11.7,-3.7953858375549316,-16.436500549316406
45.8,28.2,40.330078,2015.0,0.2386727660059501,0.0,-10.94,-78.5,-13.716554641723633,-102.5528335571289
44.038,10.18,783.40625,2021.0,0.995918996147179,0.0,-2.36,-4.04,-8.146405220031738,-55.898155212402344
17.45,78.47,527.28125,1999.0,0.6994583270516471,0.0,0.315,3.6,-1.3498291969299316,6.450218200683594
14.64,121.04,42.933594,2005.0,-0.2135209154397959,0.0,-8.6,-57.19,-7.002476692199707,-47.115577697753906
46.98141401,6.607999655,1046.0625,2007.0,0.6994583270516471,5.868327934877016e-05,-11.17,-79.26258799,-12.882726669311523,-95.5688247680664
47.98,-55.82,119.36328,2009.0,0.29671281927349075,0.0,-9.14,-61.6,-8.63685417175293,-60.006080627441406
-1.68421,29.01794,1465.6875,2014.0,0.2386727660059501,2.542293259466533e-05,-0.15,19.0,-0.44730234146118164,14.896507263183594
47.833185,1.940433,113.78516,1997.0,0.2386727660059501,6.828905043221312e-06,-10.6,-76.6,-8.01723861694336,-54.81627655029297
51.116535,17.029468,118.94141,2005.0,-0.2135209154397959,0.0,-6.17,-33.0,-6.677042484283447,-43.404457092285156
36.98,35.3,22.958008,2016.0,-0.7116566222817751,0.0,-3.26,-18.7,-4.722174167633057,-25.109840393066406
43.78,87.62,900.71875,1996.0,0.9721181966290613,0.0,-11.8,-75.2,-13.04130744934082,-96.8970718383789
23.13,113.32,6.8730469,1988.0,0.9721181966290613,0.0,-3.54,-19.9,-3.564901828765869,-14.279518127441406
-3.12,-60.02,49.394531,1986.0,0.6994583270516471,0.0001076214393833,-3.4,-21.0,-6.271572589874268,-39.60987091064453
51.93,-10.25,33.068359,1973.0,-0.680773409477016,6.040444986865623e-06,-4.92,-30.6,-5.278975009918213,-30.320655822753906
55.677,12.56,17.620117,2017.0,-0.9741004551724206,1.4268721315602306e-05,-7.23,-46.6,-8.301593780517578,-57.95403289794922
50.8325,15.14777778,828.84375,2008.0,0.2802306751992159,8.885963325155899e-05,-4.75,-27.46,-8.080543518066406,-55.34650421142578
-53.0,-70.833333,32.589844,2002.0,-0.2884824328806098,0.0,-6.29,-55.1,-8.510271072387695,-68.6274185180664
40.40725278,-3.686133333,653.5,2001.0,-0.9611297838723007,0.0,-7.53,-42.5,-5.596800327301025,-33.295021057128906
13.07176111,-59.48972222,45.302734,1985.0,-0.7236440382959123,2.056084485957399e-05,-2.5,-7.0,-3.191275119781494,-10.782936096191406
37.77,-25.65,137.14062,1997.0,0.9760105506323683,2.131186192855239e-05,-3.44,-18.2,-3.4217591285705566,-12.939918518066406
46.39864119,6.233803787,434.125,2004.0,-0.27195815753410524,9.115715329244267e-06,-10.75,-77.60258398,-12.181901931762695,-89.6988296508789
-27.43,153.08,5.7802734,1966.0,-0.680773409477016,0.0,-3.3,-10.5,-1.7719788551330566,2.4995346069335938
-51.7,-57.87,50.568359,1965.0,0.9510565162951535,3.976192238042131e-05,-7.6,-50.8,-7.366992473602295,-55.02991485595703
48.18427778,16.389575,201.11719,2001.0,-0.6152845999633277,0.0,-8.86,-63.4,-8.774972915649414,-61.162940979003906
46.78,23.61,336.76562,2020.0,0.6994583270516471,0.0,-12.02,-92.7,-12.580911636352539,-93.0408706665039
46.60305556,13.67138889,2148.125,1977.0,-0.680773409477016,0.0,-9.95,-65.3,-8.620229721069336,-59.86682891845703
47.37233597,8.083138245,397.48438,2020.0,-0.6932812268869771,0.0,-8.02,-53.73,-6.265203952789307,-39.550270080566406
37.77,-25.65,137.14062,2010.0,-0.2135209154397959,2.422415263936273e-06,0.27,6.1,-2.672079563140869,-5.924049377441406
47.59583333,7.594444444,248.26562,1995.0,-0.2884824328806098,0.0,-12.92,-98.8,-11.268783569335938,-82.05069732666016
2.016666667,103.2483333,23.109375,2004.0,0.2386727660059501,8.711674308869988e-05,-6.81,-44.19,-6.866888523101807,-45.181129455566406
9.0,38.73,2329.125,2014.0,0.29671281927349075,0.0,1.33,27.7,-0.5055298805236816,14.351585388183594
-6.18,106.83,5.1230469,1980.0,-0.6932812268869771,7.128046127036214e-05,-1.46,-0.5,-5.229238986968994,-29.855201721191406
40.88333333,15.66666667,505.07812,2002.0,0.29671281927349075,0.0,-5.3,-38.0,-5.431822299957275,-31.751075744628906
14.64,121.04,42.933594,2017.0,0.741222010848596,0.0001495143515057,-6.95,-45.3,-5.309301853179932,-30.604469299316406
50.3119,11.8758,564.53125,1990.0,0.9510565162951535,0.0,-6.71,-49.5,-10.542381286621094,-75.96646881103516
-54.78,-68.28,104.83984,1987.0,0.741222010848596,2.0473540644161403e-05,-10.0,-81.0,-8.564687728881836,-69.4037857055664
-0.743055556,-90.30222222,1.7120972,2016.0,0.6994583270516471,1.9647564840852283e-05,-0.977093526,3.378927186,-2.618704319000244,-5.424537658691406
52.141,-106.6244,507.71875,1999.0,0.2386727660059501,0.0,-26.41,-206.5,-24.034536361694336,-188.97457885742188
-16.23433889,-67.78571667,2239.0,1983.0,-0.7236440382959123,0.0,-7.0,-39.9,-3.3344178199768066,-12.122535705566406
45.8,28.2,40.330078,2010.0,0.29671281927349075,0.0,-6.37167,-39.2839,-6.866888523101807,-45.181129455566406
22.71916667,-80.90583333,53.804688,1984.0,0.2386727660059501,0.0,-0.79,4.2,-1.9830536842346191,0.5241928100585938
13.07,123.91,325.17188,1998.0,0.2386727660059501,7.193426426965743e-05,-1.8,0.6,-2.2280945777893066,-1.7690200805664062
19.28,166.65,4.0,1965.0,-0.680773409477016,2.3360291379503902e-05,-1.1,0.6,-3.943380832672119,-17.821510314941406
36.98,35.3,22.958008,1993.0,-0.7236440382959123,0.0002234832936665,-5.89,-32.4,-4.957510471343994,-27.312232971191406
53.23,6.55,7.7121582,1976.0,0.2802306751992159,5.753366167482454e-06,-4.98,-30.4,-6.781670093536377,-44.38361358642578
47.81666667,13.71777778,1616.0625,2002.0,-0.8311706263658079,5.738798790844157e-05,-15.06,-106.4,-11.146011352539062,-81.02237701416016
32.18333333,35.88333333,664.3125,1991.0,0.6994583270516471,0.0001522696838947,-5.19,-29.7,-3.642538547515869,-15.006080627441406
39.46666667,-6.333333333,410.0,2010.0,0.2386727660059501,0.0,-8.24,-52.49,-6.581664562225342,-42.511863708496094
-2.53,140.72,68.566406,1979.0,0.6994583270516471,0.0001804332860046,-3.99,-25.0,-5.955263614654541,-36.649696350097656
33.65694444,73.26611111,580.9375,1993.0,-0.9741004551724206,0.0,-0.87,-0.93,-3.642538547515869,-15.006080627441406
47.81666667,13.71777778,1616.0625,2001.0,-0.5877852522924734,0.0005167566123418,-6.32,-40.1,-10.532150268554688,-75.88077545166016
45.46666667,13.61666667,0.5645752,2002.0,-0.32126966169236515,0.0,-7.02,-37.56,-7.540856838226318,-50.82617950439453
49.7478,6.6581,259.26562,1989.0,-0.2135209154397959,1.0190541615884284e-05,-6.47,-42.3,-6.1614861488342285,-38.579627990722656
36.846389,-2.356942,16.541016,2004.0,0.9721181966290613,0.0,-4.01,-12.82,-4.816793918609619,-25.995338439941406
58.1,6.57,0.0,1974.0,0.6994583270516471,0.0001451312127755,-6.8,-49.6,-9.344074249267578,-65.92963409423828
51.35,12.43,125.46484,2004.0,0.9721181966290613,6.90132801537402e-05,-9.06,-65.6,-8.959131240844727,-62.705421447753906
-34.38,-58.28,0.0,1983.0,-0.7236440382959123,0.0,-5.4,-34.4,-3.0820984840393066,-9.761207580566406
4.93,-52.32,5.0107422,2022.0,-0.2135209154397959,9.089599188882858e-05,-4.3,-21.4,-4.219961643218994,-20.409889221191406
46.39864119,6.233803787,434.125,2019.0,0.9760105506323683,0.0,-12.35,-87.81,-10.168949127197266,-72.83866119384766
-7.315277778,72.42805556,2.3126221,1981.0,-0.7236440382959123,5.231716568232514e-05,-3.13,-11.3,-3.9215455055236816,-17.617164611816406
47.81666667,13.71777778,1616.0625,2021.0,0.5380051715382996,0.0,-9.997,-75.14,-9.312101364135742,-65.6618423461914
4.05,114.81,27.053711,2010.0,-0.8359254794186365,6.0453145124483854e-05,-5.88,-38.27,-8.121192932128906,-63.076393127441406
31.99730278,34.81616111,44.347656,1989.0,0.9510565162951535,3.204493259545416e-05,-5.3,-24.2,-3.5818848609924316,-14.438453674316406
51.88,-176.65,1.6268311,1962.0,-0.680773409477016,8.377131962333806e-06,-6.8,-57.6,-7.866186141967773,-55.056617736816406
37.90111111,40.20361111,674.46875,2013.0,0.6994583270516471,0.0,-5.39,-36.25,-6.408043384552002,-40.88703155517578
49.7478,6.6581,259.26562,1978.0,-0.9587178169872964,0.0,-5.69,-34.3,-6.594059467315674,-42.60435485839844
32.53,35.85,648.125,1966.0,-0.7236440382959123,0.0,-1.96,9.0,-3.084524631500244,-9.783912658691406
28.276976,84.30961,2101.5,2016.0,-0.9951053111006974,0.0,-13.44974463,-101.5756828,-8.671707153320312,-70.9306411743164
52.4672,13.4019,47.5625,2010.0,0.29671281927349075,1.1805052963609342e-05,-3.45,-21.14,-7.291542053222656,-48.94520568847656
22.31666667,114.1666667,34.056641,1999.0,0.29671281927349075,0.0001792970724636,-7.34,-49.2,-6.733526229858398,-43.93305969238281
47.12,9.49,459.84375,2019.0,0.6994583270516471,2.165435034839902e-05,-18.25,-141.55,-13.281736373901367,-98.9108657836914
49.0422,12.1019,370.21875,1986.0,0.2386727660059501,2.338251579203643e-05,-10.77,-83.7,-12.197248458862305,-89.8273696899414
10.86,0.2,372.54688,2019.0,-0.11165900712169444,0.0,-6.09,-34.31,-4.028295993804932,-18.616188049316406
4.05,114.81,27.053711,2010.0,0.9813064702716093,0.0,-1.09,1.1,-6.828126907348633,-44.818382263183594
48.75,-91.62,405.375,1981.0,-0.2135209154397959,5.015499118599109e-05,-10.0,-79.0,-10.197957992553711,-76.1004409790039
9.8,-84.05,1513.3125,1990.0,-0.9741004551724206,0.0002207028592238,-8.43,-55.3,-7.466736316680908,-53.75971221923828
40.008,-105.2682583,1647.3125,2009.0,0.741222010848596,0.0,-10.43,-78.24,-15.133550643920898,-114.4213638305664
51.3744,11.2919,162.88281,2003.0,-0.680773409477016,6.140277946542483e-06,-4.48,-26.7,-6.7016072273254395,-43.63434600830078
41.91172742,2.763346411,139.71094,2018.0,-0.680773409477016,0.0,-5.16,-34.7,-4.484411716461182,-22.884742736816406
50.3119,11.8758,564.53125,1993.0,-0.9587178169872964,0.0,-9.7,-67.7,-7.998055458068848,-54.655601501464844
46.49143367,9.898180888,1767.6875,1997.0,-0.9587178169872964,0.0,-5.78,-44.6,-10.56795883178711,-76.18070220947266
50.92,5.78,111.17188,1991.0,0.2386727660059501,6.789740382373566e-06,-7.57,-48.9,-9.01284408569336,-63.155311584472656
28.276976,84.30961,2101.5,2017.0,-0.5877852522924734,0.0003832764050457,-13.80885656,-101.1636754,-9.136062622070312,-77.5556411743164
6.417169444,2.329255556,12.735352,2019.0,0.9510565162951535,0.0,0.21,11.6,-3.1791443824768066,-10.669410705566406
41.93333333,45.48333333,0.0,2015.0,0.2386727660059501,6.083672815293539e-06,-18.94,-134.9,-12.591142654418945,-93.1265640258789
49.7703,9.9578,265.90625,1992.0,0.2802306751992159,0.0,-7.24,-48.0,-7.942424297332764,-54.18964385986328
37.01,-7.96,0.0,1984.0,0.9721181966290613,9.315332135884093e-05,-3.9,-19.3,-4.554769992828369,-23.543190002441406
39.95,32.88,920.125,1985.0,-0.2884824328806098,0.0,-11.99,-87.3,-9.846672058105469,-70.13932037353516
13.7,-89.12,612.5,1970.0,-0.680773409477016,0.0003690797311719,-10.07,-67.3,-6.163912296295166,-38.602333068847656
58.26388889,26.46138889,70.085938,2017.0,0.29671281927349075,0.0,-6.85,-45.6,-8.312019348144531,-57.285316467285156
47.07777778,15.44888889,370.03125,1993.0,-0.9587178169872964,8.113950752886012e-05,-9.64,-68.5,-7.632521152496338,-52.97779083251953
48.15,15.15,264.90625,1969.0,-0.7236440382959123,0.0,-12.85,-89.2,-11.189493179321289,-81.3865737915039
-54.78,-68.28,104.83984,1989.0,-0.2135209154397959,0.0,-10.0,-71.0,-9.072576522827148,-76.6498794555664
44.13333333,6.333333333,881.625,2014.0,-0.2884824328806098,5.967895776848309e-05,-14.72,-105.3,-9.552530288696289,-67.6756362915039
13.55,144.83,113.0,1962.0,-0.9587178169872964,0.0,-6.5,-31.6,-6.5123677253723145,-41.86334991455078
54.5283,11.0603,1.9006348,1999.0,-0.7236440382959123,0.0,-6.43,-40.4,-8.5614013671875,-59.37409210205078
72.58,-38.4799,3202.0,2012.0,0.9778483415056568,0.0,-41.8094941,-328.5798377,-32.178428649902344,-257.1864929199219
41.02444444,40.52,10.936523,2022.0,-0.7236440382959123,0.0001102349197026,-7.34,-43.1,-8.537101745605469,-59.170570373535156
47.59583333,7.594444444,248.26562,1983.0,-0.2884824328806098,6.673228926956654e-05,-11.53,-90.6,-11.296918869018555,-82.2863540649414
16.77,96.17,10.356445,1963.0,-0.2135209154397959,0.0,-2.7,-18.6,-4.263632297515869,-20.818580627441406
19.53,-96.91,1381.3125,2021.0,0.741222010848596,0.0,-4.0,-18.9,-2.1504578590393066,-1.0424575805664062
47.81666667,13.71777778,1616.0625,2019.0,0.16280701293851715,0.0009300453821197,-8.7,-58.13,-8.804388046264648,-61.40930938720703
47.47051111,21.49041944,105.30859,2001.0,-0.16280701293851646,4.9855359975481406e-05,-4.32,-28.86,-6.866888523101807,-45.181129455566406
38.93,100.43,1490.125,2001.0,-0.2135209154397959,3.2892396120587364e-05,0.87,-17.8,-5.112783908843994,-28.765357971191406
50.3119,11.8758,564.53125,1996.0,-0.9634705485641486,0.000103481055703,-10.21,-70.1,-8.540939331054688,-59.20270538330078
41.78,-87.75,186.0,1976.0,-0.23030567023061196,0.0,-2.2,-14.6,-5.487623691558838,-32.273292541503906
22.31666667,114.1666667,34.056641,2003.0,0.9760105506323683,1.4663193724118171e-05,-2.3,-6.4,-3.555197238922119,-14.188697814941406
-5.333333333,-49.13472222,76.5,1989.0,0.9510565162951535,0.0001097033164114,-6.14,-36.1,-6.140257358551025,-38.380958557128906
-30.08,-51.18,244.72656,1981.0,0.741222010848596,0.0,-3.88,-28.6,-5.963148593902588,-36.723487854003906
2.883333333,101.7833306,55.289062,2019.0,-0.2884824328806098,0.0001514303148724,-6.27,-43.6,-6.866888523101807,-45.181129455566406
52.8,5.05,-4.4990234,1999.0,-0.7354170229639858,1.515171788923908e-06,-8.71,-53.5,-7.0901923179626465,-46.999000549316406
44.73805556,-0.774722222,59.488281,2016.0,0.2802306751992159,0.0001680382119957,-4.23,-26.7,-4.758566379547119,-25.450416564941406
50.3381,7.6,86.441406,1986.0,0.9760105506323683,0.0,-9.18,-68.4,-8.208431243896484,-56.41767120361328
36.98,35.3,22.958008,2020.0,-0.6932812268869771,0.0,-7.05,-46.6,-3.429037570953369,-13.008033752441406
-0.25,-79.16666667,558.65625,1993.0,-0.8674563547295971,0.0,-2.05,-4.67,-3.351400852203369,-12.281471252441406
48.24861111,16.35638889,200.63281,2023.0,-0.7236440382959123,0.0,-10.412,-78.01,-10.414493560791016,-74.89530181884766
43.49111613,-3.800555816,50.095703,2002.0,-0.9741004551724206,7.944233220769092e-05,-5.89,-35.52,-5.454870700836182,-31.966773986816406
10.00036389,-84.10913333,1157.3125,2018.0,0.288482432880609,0.0,-1.427182586,-5.149090889,-7.7735724449157715,-61.826515197753906
51.3,3.75,9.4589844,1996.0,0.3375228995941133,8.400093065574765e-06,-10.01,-74.2,-6.8425703048706055,-44.95354461669922
9.357072,-75.289167,200.4375,2011.0,-0.9741004551724206,0.0,-6.266263773,-38.74039108,-5.5434250831604,-32.795509338378906
47.81666667,13.71777778,1616.0625,2020.0,0.717676913675962,0.0001000111224129,-8.907,-62.56,-11.821258544921875,-86.67813873291016
31.99730278,34.81616111,44.347656,1966.0,0.9510565162951535,7.572646427433938e-05,-5.4,-25.8,-3.919119358062744,-17.594459533691406
13.52,2.09,210.4375,1994.0,0.741222010848596,1.6157078789547086e-05,-0.5,-6.8,-1.9757752418518066,0.5923080444335938
13.995364,-91.200961,12.702637,2020.0,0.9721181966290613,1.5080605408002157e-05,1.83,3.1,-2.055838108062744,-0.15695953369140625
82.5,-62.33333333,62.875,1993.0,0.29671281927349075,5.735550985264126e-06,-24.99,-189.3,-21.476781845092773,-167.55123901367188
47.37233597,8.083138245,397.48438,2019.0,0.29671281927349075,8.492296183248982e-05,-5.51,-32.74,-6.926276206970215,-45.678550720214844
32.2361,-110.9439,753.21875,1992.0,0.9721181966290613,0.0,-6.1,-31.0,-6.866888523101807,-45.181129455566406
36.15,-5.35,1.5737915,1995.0,0.29671281927349075,0.0,-1.65,-11.3,-3.5042481422424316,-13.711891174316406
50.3119,11.8758,564.53125,1988.0,-0.6932812268869771,8.830190381559078e-06,-5.72,-40.8,-6.866888523101807,-45.181129455566406
68.96666667,33.05,0.059604645,1982.0,-0.9741004551724206,0.0,-13.1,-90.0,-13.992792129516602,-104.8665542602539
47.85166667,16.84305556,119.17969,1967.0,-0.7236440382959123,0.0,-9.8,-60.6,-11.2073974609375,-81.53653717041016
30.92611111,78.94027778,4989.5,2006.0,-0.680773409477016,0.0,-15.3,-107.1,-10.575151443481445,-80.2161636352539
-22.94916667,-46.54916667,855.53125,1997.0,-0.9587178169872964,0.0,0.85,12.7,-2.7764039039611816,-6.900367736816406
42.58834633,-5.651107617,911.78125,2013.0,0.6994583270516471,3.613522130763158e-05,-10.8,-75.9,-9.48858642578125,-67.14005279541016
45.06767778,22.79993889,366.15625,2021.0,-0.680773409477016,0.0,-2.89,-27.6,-5.803629398345947,-35.230628967285156
52.1042,8.7519,134.42188,1988.0,-0.7116566222817751,2.8556543838931248e-05,-8.38,-60.2,-9.170146942138672,-64.47284698486328
-41.47,-72.93,43.574219,1989.0,0.29671281927349075,0.0,-8.1,-46.0,-6.400461673736572,-40.816078186035156
-0.743055556,-90.30222222,1.7120972,2015.0,0.717676913675962,7.980364102877502e-07,-2.631044022,-9.227898447,-3.1209168434143066,-10.124488830566406
78.07,13.63,0.0,1974.0,0.2386727660059501,1.7071604816010222e-05,-8.72,-59.2,-10.186853408813477,-72.9886245727539
-2.883333333,-78.98333333,2530.0,1993.0,0.2386727660059501,0.0,-4.45,-24.5,-5.046156406402588,-33.54531478881836
6.2,100.4,3.8469238,2002.0,0.6994583270516471,0.0,-3.61,-9.35,-5.059408664703369,-28.265846252441406
28.276976,84.30961,2101.5,2017.0,0.42500033996955416,0.0003460859297774,1.410165829,31.64507705,-0.6025757789611816,13.443382263183594
40.40725278,-3.686133333,653.5,2002.0,0.9886775902323405,0.0,-11.43,-82.4,-7.540856838226318,-50.82617950439453
52.1042,8.7519,134.42188,1992.0,0.2386727660059501,7.496260877815075e-06,-6.24,-41.8,-9.662513732910156,-68.59683990478516
49.0392,8.365,112.44141,1991.0,0.9510565162951535,1.144592351920437e-05,-7.46,-55.5,-8.829965591430664,-61.62354278564453
39.95,32.88,920.125,2002.0,0.9634705485641488,0.0,-10.23,-70.7,-8.72509765625,-60.74518585205078
-0.331666667,31.76111111,1281.8125,2021.0,-0.2884824328806098,5.9432557463878766e-05,-3.37,-13.1,-1.5390686988830566,4.679222106933594
-4.38,-69.98,65.0,1990.0,0.9510565162951535,0.0001586696016602,-5.91,-33.8,-6.866888523101807,-45.181129455566406
43.9,125.2166667,230.54688,2000.0,-0.970063921851507,0.0,-8.3,-57.5,-9.513132095336914,-68.04022979736328
36.78,3.052222222,139.10156,2002.0,0.9760105506323683,2.4889259293559007e-06,-4.66,-32.9,-4.944166660308838,-27.187355041503906
36.55530278,126.635925,59.384766,2022.0,0.9760105506323683,6.557398592121899e-05,-3.83,-17.5,-6.866888523101807,-45.181129455566406
22.31666667,114.1666667,34.056641,2022.0,0.6994583270516471,7.458067102561472e-06,-6.23,-31.6,-4.110785007476807,-19.388160705566406
-26.61361111,118.5372222,517.78125,2009.0,0.6994583270516471,0.0,0.21,-5.8,-4.85439920425415,-26.347267150878906
-53.0,-70.833333,32.589844,1992.0,0.6994583270516471,0.0,-11.24,-85.2,-8.500295639038086,-68.4850845336914
10.00036389,-84.10913333,1157.3125,2014.0,-0.8996308696522434,0.0,-9.901507288,-67.67354463,-6.598440170288086,-44.879188537597656
51.83,6.25,9.5,1993.0,-0.7236440382959123,8.675298886373639e-05,-10.82,-80.0,-7.884235382080078,-53.70226287841797
72.58,-38.4799,3202.0,2013.0,0.9700639218515071,0.0,-27.0354714,-207.0841057,-32.178428649902344,-257.1864929199219
-34.05,115.0249,77.78125,2011.0,0.4635502709028509,0.0,-0.1,-5.1,-3.6983399391174316,-15.528297424316406
49.0392,8.365,112.44141,1987.0,-0.2135209154397959,0.0,-6.08,-41.8,-6.160879611968994,-38.573951721191406
-15.6,-56.1,177.79688,1962.0,0.741222010848596,0.0,-2.5,-13.7,-3.928823947906494,-17.685279846191406
60.18008889,24.83286111,14.698242,2002.0,0.29671281927349075,1.6232037523877807e-05,-10.66,-79.8,-9.084461212158203,-63.755165100097656
38.01666667,-7.866666667,279.60938,1991.0,0.2386727660059501,2.263393253087997e-05,-5.33,-31.5,-5.75268030166626,-34.753822326660156
36.88,30.7,0.0,2015.0,0.9760105506323683,0.0,-4.64,-25.7,-4.576605319976807,-23.747535705566406
45.6,13.93333333,486.53125,2000.0,-0.780295851070776,0.0,-7.58,-40.6,-9.74947738647461,-69.32523345947266
34.01937778,-6.838286111,18.375977,2002.0,-0.9922222094179324,0.0,-4.69,-13.1,-4.147177219390869,-19.728736877441406
9.966666667,-85.66666667,13.122559,1991.0,0.29671281927349075,2.038532329606824e-05,-9.54,-71.8,-5.980956077575684,-37.43604278564453
52.2914,10.4464,80.6875,1984.0,-0.27195815753410524,1.641502240090631e-05,-7.93,-60.3,-10.255912780761719,-73.56705474853516
-30.92,-62.67,73.972656,1996.0,-0.970063921851507,0.0001084331306628,-4.0,-17.0,-4.443167209625244,-22.498756408691406
-25.73,28.18,1326.75,1962.0,0.2386727660059501,3.447910421527922e-05,-3.1,-15.5,-3.443594455718994,-13.144264221191406
3.783333333,103.3333333,8.0805664,2021.0,0.6994583270516471,0.0,-6.86,-45.0,-5.674437046051025,-34.021583557128906
34.71666667,10.68333333,23.232422,1996.0,0.6994583270516471,0.0,-3.6,-26.4,-4.609358310699463,-24.054054260253906
-65.07944444,-63.9775,286.6875,1978.0,-0.2135209154397959,2.0098169712852082e-07,-11.67,-84.9,-9.221891403198242,-83.71615600585938
64.58,40.5,0.0,1982.0,0.2386727660059501,7.782995453453623e-06,-16.2,-122.0,-17.619688034057617,-135.24484252929688
52.141,-106.6244,507.71875,1994.0,-0.680773409477016,6.204793317010626e-05,-13.3,-106.6,-13.005498886108398,-96.5971450805664
-34.35,-56.71,37.4375,2004.0,0.6994583270516471,0.0,-3.15,-7.1,-6.017130374908447,-37.228675842285156
41.38,2.12,59.777344,1990.0,-0.2884824328806098,0.0,-6.17,-38.1,-5.707190036773682,-34.328102111816406
39.95,32.88,920.125,2001.0,-0.06880242680232064,5.2361327107064426e-05,-10.21,-62.9,-6.985935688018799,-45.97351837158203
43.68333333,-1.066666667,17.238281,2002.0,-0.2135209154397959,1.753550577632268e-06,-1.7,-9.7,-3.506674289703369,-13.734596252441406
46.65772518,8.292706832,1061.3125,2014.0,0.741222010848596,0.0,-11.37,-80.8,-9.34663200378418,-65.95105743408203
-20.299175,57.47873889,391.1875,2020.0,-0.7116566222817751,2.57625947597262e-06,-0.53,7.0,-2.080099582672119,-0.38401031494140625
-41.15,-71.33,951.28125,2002.0,0.29671281927349075,0.0001542106183478,-13.1,-93.0,-8.53294563293457,-68.9509048461914
40.50691,-1.65147,1713.75,2021.0,-0.9741004551724206,0.0,-9.14,-63.1,-9.223859786987305,-64.92273712158203
-6.88,39.2,52.724609,1973.0,-0.9587178169872964,0.0,-1.26,3.2,-2.2863221168518066,-2.3139419555664062
32.65878,-16.92395,156.85938,2016.0,0.9562348265919056,1.579744457558263e-05,-2.6,-5.7,-3.380514621734619,-12.553932189941406
13.73,100.5,5.7392578,1997.0,-0.2135209154397959,6.526536162709817e-05,-4.67,-32.8,-5.555555820465088,-32.909034729003906
47.42692898,9.400776879,758.46875,2019.0,-0.2135209154397959,0.0,-5.61,-34.61,-6.714723587036133,-43.75709533691406
33.65694444,73.26611111,580.9375,2003.0,0.9510565162951535,0.0001124642731156,-2.72,-2.82,-2.6405396461486816,-5.628883361816406
39.95,32.88,920.125,1996.0,0.2802306751992159,7.962835297803394e-06,-4.66,-32.2,-6.139650821685791,-38.375282287597656
8.92,-79.6,11.163086,1974.0,0.2386727660059501,1.2349468079264625e-06,0.34,7.9,-2.521658420562744,-4.516334533691406
40.96666667,13.05,44.912109,2002.0,0.2386727660059501,3.000365268235328e-06,-5.71,-26.16,-6.318579196929932,-40.049781799316406
39.95,32.88,920.125,1998.0,0.29671281927349075,0.0,-7.78,-53.9,-5.505819797515869,-32.443580627441406
6.2,100.4,3.8469238,2019.0,-0.9741004551724206,0.0001828513777581,-3.98,-26.4,-6.2820725440979,-41.773780822753906
78.91666667,11.93333333,38.650391,2000.0,0.6994583270516471,3.506584107526578e-05,-10.09,-69.3,-12.862264633178711,-95.3974380493164
66.49686111,25.75518056,108.88672,2011.0,0.741222010848596,0.0,-11.66,-87.2,-11.831489562988281,-86.76383209228516
2.883333333,101.7833306,55.289062,2018.0,-0.680773409477016,0.0,-6.04,-34.6,-5.663519382476807,-33.919410705566406
-33.97,18.6,41.798828,1996.0,0.6994583270516471,0.0,-5.94,-32.5,-3.239798069000244,-11.237037658691406
-34.05,115.0249,77.78125,2018.0,0.16280701293851715,7.293333328561857e-05,-2.49,-4.9,-3.4508728981018066,-13.212379455566406
-0.92,-75.4,176.47656,2018.0,0.9760105506323683,0.0,-10.58,-74.0,-5.487623691558838,-32.273292541503906
41.733333,43.516667,0.0,2010.0,-0.9741004551724206,0.0,-17.1,-118.3,-6.732995510101318,-43.92809295654297
49.7703,9.9578,265.90625,2013.0,0.2386727660059501,0.0,-10.54,-83.59,-10.232892990112305,-73.3742446899414
47.7,27.88333333,177.36719,2016.0,-0.6932812268869771,5.819830039399676e-05,-4.9,-35.9,-6.320765018463135,-40.318763732910156
45.32,-75.67,112.08594,2008.0,-0.27195815753410524,0.0,-15.36778033,-110.73,-10.582521438598633,-100.7349624633789
49.7478,6.6581,259.26562,1996.0,-0.27195815753410524,8.245993740274571e-06,-10.0,-71.6,-10.12802505493164,-72.49588775634766
46.095,14.597,283.89062,2007.0,0.9510565162951535,0.0,-11.45,-87.2,-9.851787567138672,-70.18216705322266
24.35,109.4,101.74609,1988.0,-0.6932812268869771,0.0,-10.14,-78.2,-8.30076789855957,-65.6384048461914
31.18333333,29.95,-4.0114746,1997.0,0.6994583270516471,0.0,-0.47,-0.2,-3.244650363922119,-11.282447814941406
49.5971,11.0055,285.1875,2011.0,-0.2884824328806098,4.587092189467512e-05,-13.4,-96.99,-10.918371200561523,-79.1156997680664
-14.67,17.7,1367.125,1980.0,-0.9634705485641486,0.0,2.17,12.1,-2.502249240875244,-4.334693908691406
37.75,30.55,1113.25,1992.0,0.2802306751992159,2.496110028005205e-05,-9.86,-63.9,-5.70415735244751,-34.299720764160156
45.6,13.93333333,486.53125,2003.0,-0.7236440382959123,0.0,-7.2,-40.26,-11.360862731933594,-82.82193756103516
47.6772,9.19,442.90625,1984.0,-0.6932812268869771,4.336681377026253e-05,-9.32,-63.0,-6.4298787117004395,-41.09137725830078
-13.0,-38.52,39.933594,1967.0,-0.2884824328806098,0.0,-1.99,-15.1,-1.9369568824768066,0.9555892944335938
-17.83,31.02,1473.25,1992.0,0.9562348265919056,0.0,-1.5,-2.1,-5.257139682769775,-30.116310119628906
4.377083333,18.56247222,359.875,2021.0,0.9760105506323683,0.0,-1.73,0.0,-1.3789429664611816,6.177757263183594
62.28,-114.27,159.84375,1991.0,0.2386727660059501,0.0,-25.31,-206.1,-28.08601951599121,-222.90914916992188
45.32,-75.67,112.08594,1984.0,-0.23030567023061196,2.5518813345115632e-05,-8.25,-60.3,-7.530318260192871,-54.646339416503906
1.35,172.92,0.0,1990.0,-0.9741004551724206,7.890918641351163e-05,-3.47,-17.5,-5.396643161773682,-31.421852111816406
32.18333333,35.88333333,664.3125,1993.0,0.2386727660059501,0.0,-3.69,-11.1,-5.033934116363525,-28.027442932128906
43.91281944,4.888775,30.959961,1998.0,-0.2884824328806098,0.0,-7.56,-48.2,-6.3425374031066895,-40.27399444580078
-26.41388889,146.2558333,302.09375,2011.0,-0.2135209154397959,0.0,-9.11,-64.7,-4.001608371734619,-18.366432189941406
46.60305556,13.67138889,2148.125,1980.0,0.9721181966290613,0.0,-16.91,-130.3,-11.60129165649414,-84.83573150634766
42.58834633,-5.651107617,911.78125,2000.0,-0.970063921851507,3.649590144050308e-05,-11.74,-85.7,-8.140010833740234,-55.84459686279297
48.8281,9.2,313.79688,1987.0,-0.2135209154397959,9.327312909590546e-06,-5.82,-42.0,-6.3361687660217285,-40.214393615722656
35.68,51.32,1161.1875,1965.0,0.741222010848596,2.6392017389298417e-05,3.1,19.9,-3.8584656715393066,-17.026832580566406
-34.05,115.0249,77.78125,2017.0,-0.3294084822245302,2.049717977570253e-06,-2.54,-9.0,-3.3635315895080566,-12.394996643066406
25.01666667,102.6833333,1907.8125,1999.0,0.8800122039735357,0.0,-7.6,-46.0,-3.4411683082580566,-13.121559143066406
-21.02823729,55.47161911,1175.3125,2011.0,0.9995462806873573,4.548968263407005e-06,-5.648612911,-34.3378194,-4.871382236480713,-26.506202697753906
-46.88,37.87,0.0,2013.0,0.6994583270516471,3.858678610413335e-06,-5.2222308,-32.27140139,-5.55312967300415,-32.886329650878906
-40.68,144.69,82.167969,1983.0,-0.2884824328806098,0.0,-2.65,-16.3,-4.253927707672119,-20.727760314941406
43.365884,-8.421399,56.794922,2009.0,-0.9587178169872964,0.0,-5.79,-38.78,-4.360678195953369,-21.726783752441406
31.62,25.95,0.0,1992.0,-0.7116566222817751,1.05027547760983e-05,-5.97,-27.9,-3.526083469390869,-13.916236877441406
52.09444444,23.70583333,142.89844,1983.0,-0.7236440382959123,0.0,-12.3,-87.0,-10.593536376953125,-76.39493560791016
48.24861111,16.35638889,200.63281,2008.0,0.2386727660059501,2.8854283300461248e-05,-6.22,-42.94,-10.74955940246582,-77.7017593383789
-38.006017,-57.5714306,22.926758,2011.0,0.9760105506323683,0.0,-6.19,-32.3,-6.037752628326416,-37.421669006347656
63.52,-116.0,238.64844,2005.0,0.29671281927349075,0.0,-17.9,-139.1,-18.387014389038086,-141.67184448242188
44.42,8.85,5.4519043,1977.0,0.2386727660059501,6.649081115028821e-06,-6.06,-33.1,-6.866888523101807,-45.181129455566406
-34.05,115.0249,77.78125,2014.0,-0.8452490573530633,4.134889422857668e-06,-4.43,-26.3,-2.968069553375244,-8.694068908691406
27.13558889,49.56701389,19.563477,2009.0,-0.5307300481619331,0.0,2.23,24.8,-3.9069886207580566,-17.480934143066406
6.98,125.26,2387.875,1998.0,-0.680773409477016,0.0,-3.62,-15.9,-7.6061482429504395,-58.40326690673828
-53.0,-70.833333,32.589844,2008.0,-0.23030567023061196,0.0,-9.72,-74.6,-8.544734954833984,-69.1191177368164
9.466666667,100.05,0.0,1979.0,0.741222010848596,8.707931556273252e-05,-4.07,-23.4,-4.632406711578369,-24.269752502441406
49.7478,6.6581,259.26562,2012.0,0.6994583270516471,3.0700917704962194e-05,-5.49,-47.16,-9.46173095703125,-66.91510772705078
46.37222222,6.470833333,387.75,2019.0,-0.2884824328806098,4.541074667940848e-05,-12.07,-90.3,-12.146093368530273,-89.3989028930664
10.00036389,-84.10913333,1157.3125,2018.0,-0.9679377830240641,0.0003773971984628,-6.453753306,-33.50155229,-8.371732711791992,-68.19010162353516
38.55,68.78,787.34375,2018.0,-0.9741004551724206,0.0,-13.11,-91.2,-4.7864670753479,-25.711524963378906
37.77,-25.65,137.14062,1988.0,-0.970063921851507,8.909509051591158e-05,-3.14,-15.9,-3.5091004371643066,-13.757301330566406
47.4828,11.0622,716.1875,2004.0,-0.970063921851507,3.0666578823002055e-05,-9.02,-65.4,-10.122909545898438,-72.45304107666016
46.64833333,14.31833333,448.71875,1992.0,0.7295575540864875,8.415434422204271e-05,-6.94,-48.2,-9.836441040039062,-70.05362701416016
38.48333333,106.2166667,1111.5,1991.0,0.9510565162951535,0.0,-6.85,-35.6,-9.360698699951172,-66.06888580322266
4.05,114.81,27.053711,2010.0,-0.9510565162951536,0.000349992129486,-2.78,-11.52,-6.592909812927246,-45.410621643066406
-75.58333333,-20.56666667,105.53516,2005.0,-0.680773409477016,4.394232409712963e-06,-27.56,-213.65,-21.91976547241211,-177.42745971679688
10.00036389,-84.10913333,1157.3125,2013.0,-0.9510565162951536,0.0,-13.348,-95.596,-7.60563325881958,-58.25598907470703
3.416666667,12.66666667,675.46875,1994.0,-0.9141279881853337,0.0001103767644963,-6.74,-43.9,-5.016951084136963,-27.868507385253906
41.91595556,13.08333333,499.48438,2002.0,-0.24702218048093527,0.0,-5.9,-35.89,-7.331760406494141,-49.07482147216797
-41.15,-71.33,951.28125,1998.0,-0.7236440382959123,0.0003504512133076,-16.2,-116.0,-8.580106735229492,-69.6237564086914
50.3119,11.8758,564.53125,2011.0,0.741222010848596,7.973192623467185e-06,-4.89,-33.87,-8.370847702026367,-57.778053283691406
43.9,125.2166667,230.54688,2001.0,-0.9741004551724206,0.0,-14.13,-81.3,-9.219409942626953,-65.3489761352539
50.3119,11.8758,564.53125,1983.0,-0.2135209154397959,0.0,-4.99,-32.7,-7.510201930999756,-50.548095703125
-12.43,130.87,16.515625,1975.0,0.6994583270516471,7.163389818742871e-05,-7.37,-47.6,-4.997541904449463,-27.686866760253906
28.22,-177.37,0.0,1983.0,0.29671281927349075,8.12791331554763e-05,0.18,4.4,-3.2228150367736816,-11.078102111816406
34.88,35.88,0.0,1992.0,0.7295575540864875,7.211530828499235e-06,-1.85,-6.5,-3.084524631500244,-9.783912658691406
52.4672,13.4019,47.5625,2002.0,-0.2135209154397959,7.209793693618849e-05,-5.26,-35.1,-6.592278957366943,-42.61119842529297
4.05,114.81,27.053711,2010.0,-0.38566340624360745,0.0004256115062162,-9.811,-69.241,-6.965575218200684,-46.58910369873047
34.9,-120.45,72.417969,1964.0,-0.27195815753410524,0.0,-2.0,5.6,-4.5535569190979,-23.531837463378906
34.57,69.21333333,1788.0,1974.0,0.9510565162951535,7.832941264496185e-07,-3.37,-4.1,-4.807089328765869,-25.904518127441406
28.22,-177.37,0.0,1962.0,-0.9587178169872964,3.0280834835139103e-06,-3.1,-7.5,-3.0190186500549316,-9.170875549316406
81.6,-16.67,27.780273,1965.0,0.2386727660059501,7.722864211245906e-06,-30.6,-232.0,-26.07050895690918,-206.02755737304688
-45.35,-72.07,583.1875,1992.0,-0.9634705485641486,0.0001245986641151,-11.91,-88.0,-9.558698654174805,-83.5854263305664
22.71666667,89.08333333,11.063965,2021.0,-0.2135209154397959,0.0001083732349798,-4.02,-22.3,-6.866888523101807,-45.181129455566406
-51.7,-57.87,50.568359,1976.0,-0.27195815753410524,0.0,-7.52,-54.0,-6.744659423828125,-44.881980895996094
41.67805556,26.55916667,95.183594,2018.0,-0.9587178169872964,0.0001087649579858,-6.53,-43.0,-5.491262912750244,-32.307350158691406
39.46666667,-6.333333333,410.0,2012.0,0.9721181966290613,0.0002253208804177,-3.01,-9.9,-5.445166110992432,-31.875953674316406
40.41195035,-3.67806112,671.09375,2020.0,-0.27195815753410524,0.0,-6.8,-43.8,-8.468042373657227,-58.592140197753906
41.67805556,26.55916667,95.183594,2016.0,-0.23030567023061196,0.0,-4.3,-28.8,-4.952658176422119,-27.266822814941406
-2.95,-60.2,55.640625,1990.0,0.7583058084785624,0.0002830071898642,-3.35,-14.0,-6.866888523101807,-45.181129455566406
14.53,-4.1,268.21875,2015.0,0.29671281927349075,0.0,0.73,13.6,-3.9458069801330566,-17.844215393066406
46.60305556,13.67138889,2148.125,1975.0,-0.9741004551724206,1.718753992463462e-05,-13.42,-89.0,-10.122909545898438,-72.45304107666016
76.52,-68.83,35.275391,1969.0,-0.9587178169872964,0.0,-22.43,-167.5,-18.448400497436523,-142.18600463867188
45.32,-75.67,112.08594,1975.0,0.29671281927349075,0.0,-10.68,-75.7,-7.409452438354492,-49.725555419921875
-27.17,-109.43,140.28906,1991.0,-0.7236440382959123,9.898819371301217e-06,-0.9,-4.0,-2.7618470191955566,-6.764137268066406
-34.05,115.0249,77.78125,2011.0,-0.3131070409358267,4.472307045944035e-05,-4.25,-13.0,-3.4120545387268066,-12.849098205566406
47.81666667,13.71777778,1616.0625,2002.0,-0.9973249731081555,0.0,-16.81,-121.5,-10.255912780761719,-73.56705474853516
44.13333333,6.333333333,881.625,2002.0,0.9951053111006976,6.046203452569898e-06,-1.32,-11.7,-8.337596893310547,-57.499549865722656
48.24861111,16.35638889,200.63281,2009.0,-0.7236440382959123,0.0,-14.12,-104.0,-10.429840087890625,-75.02384185791016
25.51900833,-80.491375,5.5644531,2001.0,0.5877852522924732,0.0001057042463799,-3.94,-16.1,-3.375662326812744,-12.508522033691406
76.76666667,-18.66666667,0.0,1994.0,0.29671281927349075,0.0,-15.56,-119.3,-16.15153694152832,-122.9478530883789
40.67,22.96,94.164062,2002.0,-0.2135209154397959,0.0,-3.81,-22.95,-4.358252048492432,-21.704078674316406
42.025,35.15833333,61.443359,2019.0,0.6994583270516471,0.0,-9.05,-62.4,-9.337678909301758,-65.8760757446289
48.24861111,16.35638889,200.63281,1972.0,0.9562348265919056,0.0,-11.43,-80.0,-10.596094131469727,-76.4163589477539
52.2914,10.4464,80.6875,1984.0,-0.970063921851507,4.303517562220805e-05,-8.54,-59.4,-7.93553352355957,-55.50775909423828
28.50444444,-16.30333333,570.6875,2009.0,0.9922222094179323,2.9353186619118787e-06,-4.43,-16.4,-2.890432834625244,-7.967506408691406
6.166666667,102.2833333,3.2288818,1982.0,-0.2884824328806098,0.0001281399745494,-6.15,-35.0,-5.527655124664307,-32.647926330566406
37.01,-7.96,0.0,1979.0,-0.9587178169872964,0.0,-6.42,-44.9,-4.110785007476807,-19.388160705566406
-13.0,28.65,1260.6875,2007.0,0.9510565162951535,0.0002034986391663,-3.43,-16.74,-5.547243118286133,-33.23107147216797
58.38277778,21.81416667,5.9343262,2020.0,0.2386727660059501,3.125331204500981e-05,-7.93,-59.2,-11.169031143188477,-81.2151870727539
36.98,35.3,22.958008,1986.0,0.741222010848596,0.0,-4.23,-29.0,-3.176718235015869,-10.646705627441406
-21.02823729,55.47161911,1175.3125,2019.0,0.9741004551724205,0.0001786789798643,-3.721,-15.81,-5.305662631988525,-30.570411682128906
62.89179444,27.62542222,94.585938,2005.0,0.9510565162951535,0.0001437814789824,-21.46,-167.1,-14.35087776184082,-107.8658218383789
-15.85,-47.93,1012.8125,1990.0,0.4937755501599772,0.0001310502702835,-1.79,-3.6,-4.811941623687744,-25.949928283691406
53.23,6.55,7.7121582,1987.0,-0.2135209154397959,1.754639743012376e-05,-8.21,-56.8,-6.447468280792236,-41.25598907470703
53.32,-60.42,46.541016,2008.0,0.2386727660059501,3.914236367563717e-05,-17.85,-126.6,-19.573801040649414,-150.69729614257812
50.9,14.8,240.94531,2014.0,-0.7236440382959123,3.8709746149834245e-05,-10.56,-73.8,-10.565401077270508,-76.1592788696289
51.35,12.43,125.46484,2011.0,-0.7236440382959123,0.0,-4.49,-26.4,-10.018041610717773,-71.5746841430664
60.78,-161.8,16.938477,1962.0,-0.680773409477016,0.0,-12.4,-96.5,-13.271505355834961,-98.8251724243164
52.8911,11.7294,21.530273,2009.0,-0.7236440382959123,6.063170076231472e-06,-11.74,-86.3,-8.88239860534668,-62.062721252441406
-33.97,18.6,41.798828,2001.0,-0.2135209154397959,0.0,-4.57,-21.37,-3.5042481422424316,-13.711891174316406
53.8713,8.7058,4.7202148,2011.0,-0.2884824328806098,5.8415764215169474e-05,-8.68,-56.12,-9.277572631835938,-65.37262725830078
14.93894444,-88.02145,661.125,2010.0,0.9760105506323683,0.0,-8.791712621,-58.08779894,-1.7380127906799316,2.8174057006835938
23.95277778,90.27916667,23.626953,2018.0,-0.680773409477016,0.0,-5.93,-38.6,-6.392273426055908,-40.73944854736328
56.93604,24.09549,1.7421875,2019.0,-0.9741004551724206,7.9358032962773e-06,-10.76,-70.6,-9.0146484375,-63.294063568115234
6.417169444,2.329255556,12.735352,2015.0,0.29671281927349075,0.0001270254288101,-3.02,-9.8,-2.846762180328369,-7.558815002441406
-7.315277778,72.42805556,2.3126221,1990.0,0.2386727660059501,5.142411828273907e-05,-5.67,-34.3,-4.135046482086182,-19.615211486816406
-75.58333333,-20.56666667,105.53516,1991.0,0.6994583270516471,6.031751177538858e-07,-15.48,-117.4,-18.782073974609375,-151.04513549804688
4.036666667,9.734166667,39.230469,2008.0,0.2802306751992159,5.932490603299812e-05,-2.14,-4.51,-2.8588929176330566,-7.672340393066406
-7.315277778,72.42805556,2.3126221,1992.0,0.9721181966290613,3.521607504808344e-05,-4.95,-26.1,-3.9458069801330566,-17.844215393066406
48.24861111,16.35638889,200.63281,2005.0,-0.9587178169872964,0.0,-7.92,-56.04,-7.818572998046875,-55.34025573730469
50.06166667,19.84861111,356.8125,1996.0,0.9721181966290613,0.0,-14.21,-103.0,-10.527034759521484,-75.83792877197266
-15.85,-47.93,1012.8125,1966.0,0.6994583270516471,0.0002384089748375,-7.7,-52.1,-5.468214511871338,-32.091651916503906
-27.43,153.08,5.7802734,2011.0,0.2386727660059501,0.0,-5.13,-27.8,-3.0869507789611816,-9.806617736816406
28.50444444,-16.30333333,570.6875,2011.0,0.8800122039735357,0.0,-3.07,-10.03,-2.9947571754455566,-8.943824768066406
-34.38,-58.28,0.0,1989.0,-0.7236440382959123,0.0,-3.4,-16.0,-3.094229221343994,-9.874732971191406
42.48,9.2,195.91406,1998.0,0.6994583270516471,1.7094338545575738e-05,-7.31,-50.7,-6.402584552764893,-40.83594512939453
33.46555556,126.9333333,5.9509277,1996.0,-0.9997685019798909,4.612784323398955e-06,-4.8,-13.0,-5.897036075592041,-36.104774475097656
51.83,6.25,9.5,2009.0,0.741222010848596,0.0,-3.93,-24.65,-6.858127117156982,-45.0991325378418
47.81666667,13.71777778,1616.0625,2003.0,0.8717063187093219,2.829909135471098e-05,-9.87,-63.8,-11.253437042236328,-81.92215728759766
-7.315277778,72.42805556,2.3126221,1999.0,-0.2884824328806098,0.0001412464334862,-3.465,-16.4,-4.295172214508057,-21.113746643066406
52.8,5.05,-4.4990234,2006.0,-0.970063921851507,2.289909934916068e-05,-7.49,-48.45,-7.237699508666992,-48.22659683227539
41.05916667,-100.7463889,918.34375,1993.0,0.5595892624101765,0.0001525913394289,-7.5,-57.0,-8.44630241394043,-58.41004180908203
51.35,12.43,125.46484,2005.0,0.9760105506323683,0.0,-5.65,-40.3,-8.939949035644531,-62.54474639892578
44.12,15.24,20.870117,2003.0,-0.9741004551724206,8.700185571797192e-05,-7.32,-42.8,-5.287466526031494,-30.400123596191406
35.13,-111.67,2151.0,1962.0,0.2386727660059501,0.0,-14.9,-115.1,-8.19465446472168,-64.1244888305664
47.47051111,21.49041944,105.30859,2007.0,0.6152845999633276,2.781243711069692e-05,-0.78,-10.11,-8.764741897583008,-61.077247619628906
-37.82,144.97,6.1674805,2008.0,0.9721181966290613,0.0,-7.6,-50.3,-5.156454563140869,-29.174049377441406
46.37222222,6.470833333,387.75,1998.0,0.29671281927349075,0.0001038780901581,-4.11,-29.5,-6.717301368713379,-43.781219482421875
38.03333333,114.4166667,86.800781,2002.0,0.29671281927349075,4.355133569333702e-05,-9.68,-59.2,-6.866888523101807,-45.181129455566406
68.68333333,21.53,459.29688,1993.0,-0.680773409477016,3.460561129031703e-05,-12.47,-90.0,-13.435201644897461,-100.1962661743164
53.8713,8.7058,4.7202148,1988.0,-0.23030567023061196,3.4824374779418577e-06,-6.09,-44.8,-6.382568836212158,-40.64862823486328
28.63,-106.07,1444.25,1984.0,-0.27195815753410524,0.0,-10.78,-78.6,-8.376043319702148,-66.7123794555664
34.91313571,33.40214238,333.67188,2019.0,-0.2135209154397959,0.0,-0.07,4.3,-2.9753479957580566,-8.762184143066406
22.31666667,114.1666667,34.056641,1980.0,0.9562348265919056,5.8370729675516486e-05,-4.96,-28.2,-3.7565674781799316,-16.073219299316406
-36.62,-64.29,175.35938,2014.0,-0.2884824328806098,0.0,-2.81,-23.5,-5.030294895172119,-27.993385314941406
48.24861111,16.35638889,200.63281,1964.0,0.9562348265919056,1.1885082130902449e-05,-17.2,-120.0,-10.560285568237305,-76.1164321899414
-23.0,-47.13333333,635.21875,1997.0,-0.5524353131676203,6.061884960217867e-06,-7.33,-47.6,-3.9506592750549316,-17.889625549316406
39.95,32.88,920.125,1987.0,0.9510565162951535,0.0,-12.65,-85.1,-9.191886901855469,-64.65494537353516
13.73,100.5,5.7392578,2008.0,0.9562348265919056,0.0,2.4,6.09,-4.273336887359619,-20.909400939941406
3.783333333,103.3333333,8.0805664,2018.0,-0.9587178169872964,0.0001105495321098,-6.58,-40.7,-6.203817367553711,-41.178321838378906
36.83,10.23,0.0,1992.0,-0.27195815753410524,7.05877027940005e-05,-8.78,-49.6,-4.849546909332275,-26.301856994628906
6.166666667,102.2833333,3.2288818,2021.0,-0.2884824328806098,0.0005557410186156,-4.63,-25.1,-5.605291843414307,-33.374488830566406
40.8203002,0.493333172,52.294922,2007.0,-0.2135209154397959,0.0,-1.77,-5.89,-3.3198609352111816,-11.986305236816406
4.359,117.986,163.78906,2008.0,0.6994583270516471,6.554758874699473e-05,-8.49,-57.35,-6.42872953414917,-41.27594757080078
-46.88,37.87,0.0,1995.0,-0.9587178169872964,3.321670192235615e-06,-3.92,-20.6,-4.853186130523682,-26.335914611816406
52.2914,10.4464,80.6875,1987.0,-0.680773409477016,0.0,-5.16,-36.4,-6.866888523101807,-45.181129455566406
14.64616667,-3.111833333,299.89062,1997.0,-0.680773409477016,0.0,-1.68,-8.1,-4.822859287261963,-26.052101135253906
38.28,21.79,113.0625,2018.0,-0.680773409477016,0.0,-2.57,-9.9,-4.013739109039307,-18.479957580566406
42.58834633,-5.651107617,911.78125,2017.0,-0.2884824328806098,0.0,-9.97,-67.6,-9.621589660644531,-68.25406646728516
-6.289166667,106.6714167,33.568359,1998.0,0.9510565162951535,6.003556336509064e-05,-6.04,-39.1,-5.7781548500061035,-34.992225646972656
9.0,38.73,2329.125,1999.0,0.741222010848596,0.0,2.9,30.1,-0.5928711891174316,13.534202575683594
53.32,-60.42,46.541016,2004.0,0.7295575540864875,0.0,-11.86,-89.4,-13.890481948852539,-104.0096206665039
60.72,-135.07,695.0,1986.0,0.741222010848596,0.0,-25.5,-194.0,-23.379751205444336,-183.49020385742188
23.05,-82.21666667,123.02734,2003.0,-0.9587178169872964,3.1090159609448165e-05,-3.45,-18.2,-3.705618381500244,-15.596412658691406
46.49143367,9.898180888,1767.6875,2010.0,-0.680773409477016,2.5859326342470013e-05,-12.39,-88.94706438,-9.327447891235352,-65.7903823852539
35.9075,-106.4038889,3100.375,1993.0,0.854322169749827,0.0,-15.42,-110.1,-15.931570053100586,-121.1054458618164
9.0,38.73,2329.125,2010.0,-0.7236440382959123,0.0,-0.827619685,10.74699167,-1.3692383766174316,6.268577575683594
25.45,81.73333333,99.109375,1980.0,0.2802306751992159,0.0,-6.3,-42.0,-2.9704957008361816,-8.716773986816406
46.95222563,7.439320571,542.53125,1984.0,-0.23030567023061196,3.747492519323714e-05,-5.85,-35.0,-6.679316997528076,-43.425743103027344
36.846389,-2.356942,16.541016,2002.0,-0.2884824328806098,0.0,-1.68,-18.22,-5.554342746734619,-32.897682189941406
42.66,18.08333333,0.0,2003.0,-0.2884824328806098,2.2037085727788508e-05,-5.01,-26.9,-6.377716541290283,-40.60321807861328
54.5283,11.0603,1.9006348,2006.0,-0.680773409477016,3.153505167574622e-05,-9.92,-70.0,-7.50408935546875,-50.518218994140625
0.05,32.45,1135.4375,1963.0,0.6994583270516471,0.0,0.1,7.5,-2.8249268531799316,-7.354469299316406
1.685556,33.616389,1096.9375,2018.0,0.741222010848596,0.0002385128900641,-2.82,-11.3,-2.6405396461486816,-5.628883361816406
49.03146667,-119.4651694,282.5,2010.0,0.9979171608653922,0.0,-14.4,-115.0,-15.18470573425293,-114.8498306274414
51.01666667,-114.0166667,1033.25,1992.0,0.2802306751992159,7.715445826761425e-05,-12.5,-83.5,-13.823980331420898,-103.4526138305664
58.38277778,21.81416667,5.9343262,2017.0,-0.9587178169872964,0.0,-10.3,-72.5,-8.984708786010742,-62.919654846191406
31.28,34.17,8.2612305,1977.0,-0.33752289959411347,1.3660257536685094e-05,-5.22,-31.4,-3.7711243629455566,-16.209449768066406
78.91666667,11.93333333,38.650391,2017.0,-0.7236440382959123,0.0,-10.28,-74.3,-11.987512588500977,-88.0706558227539
54.5283,11.0603,1.9006348,2005.0,0.9510565162951535,0.0,-7.56,-54.4,-8.612556457519531,-59.80255889892578
46.64833333,14.31833333,448.71875,1992.0,0.2802306751992159,0.0,-8.48,-61.1,-9.240484237670898,-65.0619888305664
-2.883333333,-78.98333333,2530.0,1993.0,0.9760105506323683,0.0001259266718989,-14.5,-105.0,-9.598604202270508,-84.1547622680664
46.17378583,8.788556051,407.5,2021.0,0.29671281927349075,0.0,-3.24,-17.1,-7.214743137359619,-48.094703674316406
52.1,5.18,1.7967529,2005.0,-0.9760105506323682,0.0,-5.6,-32.1,-6.902263641357422,-45.497406005859375
74.72,-94.98,67.636719,1989.0,-0.7236440382959123,0.0,-33.51,-252.5,-29.518362045288086,-234.90621948242188
35.68,139.77,22.099609,1978.0,-0.9587178169872964,8.42798181110993e-06,-3.55,-21.1,-6.866888523101807,-45.181129455566406
-3.12,-60.02,49.394531,1966.0,0.29671281927349075,5.954805965302512e-05,-6.1,-36.9,-3.938528537750244,-17.776100158691406
32.37,-64.68,1.0638428,1965.0,-0.2135209154397959,0.0002661930047906,-2.8,-10.6,-4.667585849761963,-24.598976135253906
43.54983333,13.60116667,546.1875,2022.0,-0.680773409477016,8.98286234587431e-05,-0.58,0.6,-4.958723545074463,-27.323585510253906
47.8008,11.0108,974.96875,1977.0,0.2386727660059501,1.9769384380197152e-05,-20.47,-156.7,-12.570680618286133,-92.9551773071289
0.05,32.45,1135.4375,2010.0,0.9760105506323683,8.228387014241889e-05,-0.57,-0.46,-2.6308350563049316,-5.538063049316406
45.8,28.2,40.330078,2011.0,-0.2884824328806098,7.327363164222334e-06,-11.7254646,-86.73740769,-12.672990798950195,-93.8121109008789
23.64,88.85,18.375977,2014.0,-0.680773409477016,0.0,-5.42,-34.4,-6.110537052154541,-38.102821350097656
51.387367,-0.325697,10.34082,2021.0,0.5234156073655503,0.0001447648974135,-10.64,-76.86,-6.51651668548584,-42.01632308959961
31.99730278,34.81616111,44.347656,1969.0,-0.7236440382959123,2.446997859806288e-05,-3.57,-9.4,-3.3247132301330566,-12.031715393066406
24.35,109.4,101.74609,1991.0,0.29671281927349075,0.0,-9.59,-66.3,-5.8927903175354,-36.065040588378906
50.06166667,19.84861111,356.8125,1986.0,0.9760105506323683,1.019360115606105e-05,-7.44,-52.9,-11.570598602294922,-84.57865142822266
39.91055556,41.27555556,1890.5625,2021.0,-0.7236440382959123,6.958389712963253e-05,-9.92,-61.4,-7.692704200744629,-51.969512939453125
4.05,114.81,27.053711,2007.0,0.1457991969198751,0.0,-9.85,-72.04,-7.6423258781433105,-56.244361877441406
58.38277778,21.81416667,5.9343262,2015.0,0.9760105506323683,0.0,-10.04,-76.9,-10.347991943359375,-74.33829498291016
13.50277778,-88.51805556,1017.5312,1996.0,0.06021327736579302,0.0001697726547718,-7.65,-53.28,-6.2739787101745605,-45.326271057128906
46.39864119,6.233803787,434.125,2017.0,-0.2135209154397959,0.0,-3.26,-18.3,-6.443222522735596,-41.21625518798828
39.1,117.1666667,3.3602295,2000.0,-0.6932812268869771,2.4767870854702775e-05,-8.4,-46.6,-7.416950225830078,-53.028907775878906
48.4042,2.6965,79.179688,2018.0,-0.680773409477016,9.28876852412941e-06,-4.77,-30.1,-5.836988925933838,-35.542823791503906
47.47051111,21.49041944,105.30859,2009.0,0.1797665857255624,0.0,-4.37,-24.97,-7.34625244140625,-50.976768493652344
49.7478,6.6581,259.26562,1978.0,-0.9741004551724206,8.186274499166757e-06,-2.89,-13.1,-7.358297348022461,-49.297088623046875
76.76666667,-18.66666667,0.0,2019.0,-0.2884824328806098,1.8444126908434555e-05,-17.59,-132.2,-17.844770431518555,-137.13009643554688
50.7311,13.7514,876.875,2002.0,0.9510565162951535,7.872811693232507e-05,-11.58,-82.0,-9.721342086791992,-69.0895767211914
49.7703,9.9578,265.90625,1980.0,0.9562348265919056,7.75136777519947e-06,-8.29,-63.3,-10.153602600097656,-72.71012115478516
47.81666667,13.71777778,1616.0625,2002.0,-0.8498170915275277,0.0,-10.66,-74.4,-10.905582427978516,-79.00858306884766
9.0,38.73,2329.125,2007.0,0.2386727660059501,0.0,-0.42,10.78,-0.5443482398986816,13.988304138183594
41.91595556,13.08333333,499.48438,2002.0,-0.2135209154397959,0.0,-3.84,-15.3,-4.619062900543213,-24.144874572753906
1.35,172.92,0.0,1991.0,0.741222010848596,1.7267358998651616e-05,-5.87,-33.2,-6.149961948394775,-38.471778869628906
52.1042,8.7519,134.42188,1998.0,-0.2135209154397959,0.0,-4.62,-28.5,-6.307661533355713,-39.947608947753906
6.966666667,80.76666667,1882.75,1984.0,0.9562348265919056,0.0,-9.73,-65.2,-3.453299045562744,-13.235084533691406
-40.35,-9.88,37.345703,1963.0,0.9510565162951535,0.0001204267246066,-3.3,-14.3,-4.56326150894165,-23.622657775878906
40.40725278,-3.686133333,653.5,2002.0,-0.622046748440868,0.0,-7.01,-39.6,-5.8024163246154785,-35.219276428222656
47.07777778,15.44888889,370.03125,1979.0,0.6994583270516471,0.0,-12.16,-86.0,-13.471010208129883,-100.4961929321289
-19.87086111,-43.96733333,844.875,2009.0,-0.7236440382959123,1.5916491975076497e-05,-1.13,3.2,-4.086523532867432,-19.161109924316406
0.31524,9.44157,0.0,2018.0,-0.7236440382959123,6.736669456586242e-05,-3.92,-20.4,-2.9704957008361816,-8.716773986816406
46.72738634,8.186782163,600.90625,2014.0,-0.7236440382959123,0.0,-21.64,-162.1,-12.084707260131836,-88.8847427368164
42.85,-80.27,228.9375,1978.0,0.2386727660059501,0.0,-22.0,-165.0,-14.199861526489258,-105.2360610961914
49.0422,12.1019,370.21875,1998.0,-0.9587178169872964,0.0,-9.01,-66.9,-7.7645487785339355,-52.940223693847656
36.03,129.38,4.7189941,1973.0,-0.680773409477016,0.0,-7.27,-46.3,-7.44869327545166,-53.481788635253906
-13.0,-38.52,39.933594,1969.0,-0.2884824328806098,0.0,-1.43,-1.1,-1.9345307350158691,0.9782943725585938
53.8713,8.7058,4.7202148,2002.0,-0.9587178169872964,9.914328984450547e-06,-6.36,-39.65,-6.656875133514404,-43.215721130371094
50.92,5.78,111.17188,1998.0,0.42500033996955416,8.848721336107701e-05,-5.57,-40.5,-6.866888523101807,-45.181129455566406
46.585217,-66.009974,45.865234,2017.0,-0.2135209154397959,0.0,-6.68,-42.31,-7.367975234985352,-52.330177307128906
-31.75,-60.73,12.836426,2001.0,0.9510565162951535,0.0,-9.1,-62.0,-6.119635105133057,-38.187965393066406
37.77,-25.65,137.14062,2010.0,0.9760105506323683,5.90945137446397e-06,-3.84,-20.8,-3.3295655250549316,-12.077125549316406
-0.37,-78.55,3064.0,2020.0,-0.9634705485641486,0.0,-6.3,-39.4,-7.455495357513428,-53.578834533691406
8.92,-79.6,11.163086,1993.0,0.9760105506323683,8.811420411802828e-05,-1.37,-2.6,-2.8734498023986816,-7.808570861816406
47.6772,9.19,442.90625,1998.0,0.9760105506323683,4.121078745811246e-05,-12.26,-93.5,-10.780252456665039,-77.9588394165039
4.365694444,18.58725,381.14062,2015.0,-0.9587178169872964,5.0505455874372274e-05,-2.3,-4.1,-4.302450656890869,-21.181861877441406
38.03333333,114.4166667,86.800781,1988.0,0.7295575540864875,0.0,-5.02,-21.5,-6.252466678619385,-39.431068420410156
-34.05,115.0249,77.78125,2011.0,-0.07738647923346322,1.074415990842681e-06,-4.49,-15.9,-3.336843967437744,-12.145240783691406
-21.02823729,55.47161911,1175.3125,2019.0,-0.6744436188329457,1.8734364175543303e-06,-4.428,-22.43,-3.8050904273986816,-16.527320861816406
49.7703,9.9578,265.90625,1987.0,0.29671281927349075,1.9525043171597645e-05,-8.26,-56.2,-8.236566543579102,-56.65332794189453
36.72,3.18,19.595703,2002.0,0.9829265519799822,7.781435124343261e-05,-6.27,-38.75,-4.751287937164307,-25.382301330566406
49.93333333,36.28333333,149.28125,2019.0,0.9760105506323683,2.399132790742442e-05,-8.07,-52.6,-9.78272819519043,-69.6037368774414
23.05,-82.21666667,123.02734,2010.0,-0.7236440382959123,0.0,-3.65,-15.3,-2.8637452125549316,-7.717750549316406
46.96666667,28.9,90.308594,2018.0,-0.7236440382959123,2.776231121970341e-05,-9.87,-62.6,-9.910615921020508,-70.6749038696289
6.166666667,102.2833333,3.2288818,2016.0,0.2802306751992159,0.0,-6.06,-36.8,-5.721140384674072,-34.458656311035156
48.22,11.59,494.59375,1995.0,-0.9587178169872964,4.715253453468904e-05,-9.9,-67.0,-8.387474060058594,-57.91730499267578
-13.8,-171.78,0.0,1966.0,0.9510565162951535,1.650909507588949e-05,-4.9,-22.3,-4.367956638336182,-21.794898986816406
4.365694444,18.58725,381.14062,2015.0,-0.680773409477016,0.0,-1.49,1.0,-3.9749207496643066,-18.116676330566406
13.55,144.83,113.0,1975.0,-0.9741004551724206,0.0001654711231822,-5.74,-33.4,-6.6620306968688965,-43.26396942138672
-15.69166667,-70.25833333,3837.625,2002.0,0.9510565162951535,0.0,-19.09,-139.4,-11.85145378112793,-116.2963638305664
-7.315277778,72.42805556,2.3126221,1985.0,0.2386727660059501,6.943450716789812e-05,-5.6,-33.1,-4.200552463531494,-20.228248596191406
46.65772518,8.292706832,1061.3125,2022.0,0.741222010848596,1.3533261153497731e-05,-5.72,-35.4,-8.906698226928711,-62.26624298095703
4.05,114.81,27.053711,2010.0,0.2386727660059501,0.0003098171728197,-8.91,-56.66,-7.654569625854492,-56.419044494628906
53.7122,7.1519,8.8525391,2006.0,-0.7236440382959123,0.0,-6.94,-43.41,-7.960328578948975,-54.33960723876953
-1.68218,29.22716,1527.1875,2017.0,-0.9587178169872964,0.0,1.06,23.6,-1.4614319801330566,5.405784606933594
28.58,77.2,222.79688,1992.0,-0.9634705485641486,0.0,-8.05,-57.8,-6.720713138580322,-43.813148498535156
30.72916667,78.44666667,1121.375,2004.0,-0.9634705485641486,0.0,-1.5,-2.8,-5.606661319732666,-33.763206481933594
47.6772,9.19,442.90625,2007.0,-0.7236440382959123,3.362430288689211e-05,-8.95,-59.1,-11.987512588500977,-88.0706558227539
-65.07944444,-63.9775,286.6875,2015.0,-0.2135209154397959,1.2256665345207525e-07,-15.02,-112.8,-9.390007019042969,-81.1786880493164
-21.02823729,55.47161911,1175.3125,2012.0,0.15430882066428117,1.6378829968743958e-05,-3.555230961,-17.38409365,-4.444380283355713,-22.510108947753906
4.618216667,-74.12840833,2560.5,1999.0,0.9760105506323683,0.0,-13.93,-99.95,-4.589165210723877,-32.544227600097656
60.72,-135.07,695.0,1986.0,-0.2135209154397959,8.959579645306803e-06,-17.2,-148.0,-22.591962814331055,-176.89181518554688
-18.91472222,47.55805556,1278.5,2011.0,0.9760105506323683,0.0,-3.907561968,-15.37527268,-5.078817844390869,-28.447486877441406
-19.87086111,-43.96733333,844.875,2009.0,0.29671281927349075,0.0,-6.38,-35.7,-5.285040378570557,-30.377418518066406
43.73238889,7.423583333,8.8959961,2014.0,-0.680773409477016,0.0,-2.46,-12.0,-4.656668186187744,-24.496803283691406
54.35333333,-6.648333333,61.966797,2019.0,0.2386727660059501,0.0,-8.16,-50.5,-7.834998607635498,-53.28986358642578
51.83,6.25,9.5,1992.0,-0.9634705485641486,4.642259591491893e-05,-6.74,-45.7,-6.465664386749268,-41.42627716064453
38.28,21.79,113.0625,2007.0,0.9760105506323683,3.157087485305965e-05,-3.43,-21.32,-5.069113254547119,-28.356666564941406
19.2,-96.13,0.0,1967.0,0.9760105506323683,0.0,-1.78,-8.5,-2.0000367164611816,0.36525726318359375
6.166666667,102.2833333,3.2288818,2019.0,-0.7236440382959123,0.0002321399515494,-3.41,-17.7,-6.727688312530518,-43.87842559814453
47.81666667,13.71777778,1616.0625,2020.0,0.288482432880609,2.7001351554645225e-05,-9.934,-68.68,-11.089740753173828,-80.55106353759766
43.92,7.13,584.375,1998.0,0.29671281927349075,1.2415106539265253e-05,-6.63,-36.2,-5.702944278717041,-34.288368225097656
-31.39,-64.78,1778.25,2017.0,-0.9741004551724206,0.0,-3.39,-4.6,-4.861677646636963,-26.415382385253906
-17.83,31.02,1473.25,1968.0,-0.7116566222817751,1.571911525388714e-05,-5.76,-32.2,-2.4610047340393066,-3.9487075805664062
-33.94638889,151.1730556,3.6643066,2009.0,-0.9587178169872964,0.0,-1.84,4.0,-3.356253147125244,-12.326881408691406
28.2,113.0666667,44.691406,1991.0,0.9510565162951535,9.404799493495376e-05,-3.27,-11.7,-3.7662720680236816,-16.164039611816406
-16.18825833,-67.72678333,1737.1875,1983.0,-0.2884824328806098,0.0,-3.69,-12.5,-4.548704624176025,-23.486427307128906
46.39864119,6.233803787,434.125,2001.0,0.9760105506323683,3.08656926790718e-05,-7.44,-58.1,-9.961771011352539,-71.1033706665039
51.3744,11.2919,162.88281,2002.0,0.29671281927349075,1.0134477633982897e-05,-4.71,-32.4,-7.299788475036621,-48.807029724121094
10.88,-74.78,22.039062,1976.0,-0.7116566222817751,3.482320244074799e-05,-4.78,-24.6,-4.477133274078369,-22.816627502441406
33.88,7.86,80.324219,1999.0,-0.2884824328806098,0.0,-2.115,-21.7,-5.57253885269165,-33.067970275878906
24.91,91.84533333,16.452148,2015.0,0.741222010848596,0.0,-1.24,3.2,-2.4124817848205566,-3.4946060180664062
30.35277778,78.48333333,690.15625,2004.0,-0.23030567023061196,7.997646025614813e-05,-5.3,-26.8,-5.990442752838135,-36.978919982910156
-41.15,-71.33,951.28125,1999.0,-0.2884824328806098,0.0001546402781968,-8.2,-62.0,-8.630895614624023,-70.3483657836914
37.13333333,79.93333333,1348.75,1990.0,0.9510565162951535,0.0,-14.93,-113.4,-12.331293106079102,-90.2825698852539
-25.73,28.18,1326.75,1962.0,0.9760105506323683,0.0,-4.8,-23.6,-3.293173313140869,-11.736549377441406
51.93,-10.25,33.068359,1996.0,0.6994583270516471,2.8579215722857043e-05,-8.2,-54.2,-6.346594333648682,-41.077674865722656
8.116666667,80.46666667,114.40234,1994.0,0.9510565162951535,0.0,-4.6,-28.0,-4.256353855133057,-20.750465393066406
50.62,-96.98,216.5,1978.0,0.9510565162951535,8.564392373955343e-06,-16.9,-129.0,-15.476289749145508,-117.2920913696289
46.72738634,8.186782163,600.90625,2018.0,-0.7236440382959123,0.0,-15.16,-113.1,-11.987512588500977,-88.0706558227539
4.05,114.81,27.053711,2008.0,-0.5737722679043243,0.0,-5.42,-32.23,-6.376806735992432,-40.594703674316406
10.00036389,-84.10913333,1157.3125,2014.0,-0.9679377830240641,6.010773722664453e-05,-10.161555,-74.547739,-8.475910186767578,-69.1561508178711
38.66038889,-27.22009444,77.109375,1999.0,-0.9829265519799822,3.8285405025817454e-05,-3.995,-19.0,-3.550344944000244,-14.143287658691406
48.8281,9.2,313.79688,2008.0,0.2802306751992159,0.0,-5.46,-31.8,-7.934111595153809,-54.120018005371094
36.846389,-2.356942,16.541016,2021.0,-0.9741004551724206,0.0,-5.68,-37.5,-5.012098789215088,-27.823097229003906
25.46411667,-80.33465278,4.0249023,2003.0,-0.35367612217637207,0.0,-1.45,4.1,-2.5095276832580566,-4.402809143066406
25.01666667,102.6833333,1907.8125,1997.0,-0.7236440382959123,0.0,-7.63,-49.3,-8.593709945678711,-69.8178482055664
76.76666667,-18.66666667,0.0,1992.0,-0.6932812268869771,0.0,-5.56,-41.9,-16.85747718811035,-128.86068725585938
-12.43,130.87,16.515625,1963.0,0.6994583270516471,0.0002176242996938,-6.9,-46.4,-4.691847324371338,-24.826026916503906
47.7,27.88333333,177.36719,2019.0,-0.680773409477016,0.0,-6.53,-46.1,-6.603196620941162,-42.71337127685547
46.95222563,7.439320571,542.53125,2003.0,-0.680773409477016,1.6002375559764914e-05,-6.5,-42.57,-6.522982120513916,-41.962684631347656
49.0975,19.59,572.9375,2001.0,-0.680773409477016,0.0,-5.77,-36.9,-6.880716323852539,-45.29695129394531
47.37233597,8.083138245,397.48438,2001.0,0.6994583270516471,0.000185150100151,-9.31,-74.8,-11.782892227172852,-86.3567886352539
47.74305556,16.84333333,119.03125,2020.0,-0.6932812268869771,0.0,-5.69,-38.4,-6.196665287017822,-38.908851623535156
19.28,166.65,4.0,1966.0,-0.9741004551724206,9.19494777917862e-05,-2.9,-15.1,-4.159307956695557,-19.842262268066406
47.7,27.88333333,177.36719,2020.0,0.2386727660059501,1.4634015315095894e-05,-17.58,-144.9,-12.708799362182617,-94.1120376586914
53.32,-60.42,46.541016,2009.0,0.2386727660059501,0.0,-22.32,-165.3,-19.932973861694336,-153.76705932617188
46.95222563,7.439320571,542.53125,1983.0,-0.9741004551724206,0.0,-7.08,-42.5,-9.954097747802734,-71.03910064697266
-65.07944444,-63.9775,286.6875,2005.0,-0.680773409477016,5.972077714331019e-06,-9.63,-75.1,-9.322893142700195,-80.2211685180664
3.783333333,103.3333333,8.0805664,2014.0,-0.9741004551724206,8.001951937330887e-05,-8.9,-57.6,-6.3658976554870605,-42.838722229003906
47.07777778,15.44888889,370.03125,1983.0,0.6994583270516471,0.0,-17.43,-127.2,-13.522165298461914,-100.9246597290039
-65.07944444,-63.9775,286.6875,1977.0,-0.2884824328806098,2.4853665713125e-06,-9.87,-78.1,-9.204269409179688,-83.89080810546875
-33.97,18.6,41.798828,1968.0,0.7295575540864875,0.0,-2.78,-13.8,-3.375662326812744,-12.508522033691406
46.49722222,28.3,150.79688,2012.0,-0.23030567023061196,0.0,-2.67,-24.72,-6.792018890380859,-44.480464935302734
32.2361,-110.9439,753.21875,1989.0,-0.2884824328806098,0.0,-9.4,-65.0,-8.398748397827148,-68.87476348876953
-7.315277778,72.42805556,2.3126221,1983.0,0.741222010848596,1.2477564268920103e-05,-2.22,-29.2,-3.472708225250244,-13.416725158691406
52.405,9.823,59.224609,2019.0,-0.7236440382959123,2.8529950213851407e-05,-12.32,-87.8,-8.744279861450195,-60.905860900878906
68.78666667,-81.25,7.5170898,1989.0,0.6994583270516471,0.0,-33.06,-269.1,-28.536184310913086,-226.67965698242188
38.73,-27.31,881.0625,2000.0,-0.9634705485641486,0.0,-3.57,-14.1,-3.909414768218994,-17.503639221191406
28.2,113.0666667,44.691406,1989.0,-0.7236440382959123,0.0,-3.09,-22.6,-5.596800327301025,-33.295021057128906
-34.05,115.0249,77.78125,2012.0,-0.8717063187093217,1.0715156349760946e-05,-2.45,-7.2,-2.972921848297119,-8.739479064941406
49.7478,6.6581,259.26562,1999.0,0.9760105506323683,0.0,-8.88,-63.25,-8.51280403137207,-58.96704864501953
42.58834633,-5.651107617,911.78125,2018.0,0.2386727660059501,0.0,-13.12,-93.1,-10.434955596923828,-75.06668853759766
46.39864119,6.233803787,434.125,2005.0,-0.9741004551724206,0.0,-7.73,-53.52127211,-8.632684707641602,-61.363014221191406
47.98,-55.82,119.36328,2003.0,-0.680773409477016,4.531422018771991e-05,-5.79,-34.6,-6.866888523101807,-45.181129455566406
50.62,-96.98,216.5,1982.0,0.9760105506323683,0.0,-15.3,-110.0,-15.609292984008789,-118.4061050415039
4.7,-74.13,2551.125,1974.0,0.29671281927349075,3.213297895854339e-05,-10.74,-84.8,-8.900257110595703,-74.1913833618164
47.47051111,21.49041944,105.30859,2002.0,-0.9859481499638303,0.0,-4.78,-46.7,-7.732773780822754,-54.715118408203125
51.3744,11.2919,162.88281,2004.0,0.2802306751992159,7.724911120021716e-05,-4.85,-33.9,-7.441104412078857,-49.99066925048828
4.05,114.81,27.053711,2008.0,0.9932568492674143,0.0,-3.95,-20.29,-6.752480506896973,-44.110443115234375
44.73805556,-0.774722222,59.488281,2021.0,0.9510565162951535,0.0,-2.36,-7.8,-5.793924808502197,-35.139808654785156
36.34064444,43.12988333,231.57812,2011.0,-0.7354170229639858,0.0,-5.53,-29.11,-4.706404209136963,-24.962257385253906
38.00194982,-1.170837424,61.660156,2007.0,-0.9587178169872964,3.742032640730031e-05,-4.48,-23.26,-4.40798807144165,-22.169532775878906
36.15,-5.35,1.5737915,1961.0,-0.9741004551724206,0.0,-4.0,-13.0,-4.722174167633057,-25.109840393066406
64.13,-21.93,12.141602,2021.0,0.9760105506323683,7.160340464906767e-05,-6.74,-47.1,-8.349474906921387,-59.16454315185547
28.58,77.2,222.79688,1994.0,0.29671281927349075,0.0,-4.37,-34.5,-2.5240845680236816,-4.539039611816406
40.98333333,15.61666667,602.15625,2003.0,0.2386727660059501,0.0,-10.0,-59.0,-9.06783676147461,-63.61591339111328
31.2025,29.87666667,-7.1420898,2002.0,0.4327755925504312,0.0,-7.14,-38.9,-4.548704624176025,-23.486427307128906
38.79273611,-9.105733333,36.355469,2014.0,-0.7236440382959123,0.0003227637789677,-5.87,-32.2,-4.947805881500244,-27.221412658691406
-4.38,-69.98,65.0,1989.0,-0.9587178169872964,3.920433664461598e-05,0.43,13.8,-4.127768039703369,-19.547096252441406
44.81666667,14.98333333,1534.5,2003.0,0.6994583270516471,5.653917833114974e-05,-12.2,-82.6,-13.230581283569336,-98.4823989868164
46.96666667,28.9,90.308594,2013.0,-0.7236440382959123,0.0,-7.77,-51.91,-9.772497177124023,-69.5180435180664
43.97455,10.27266,661.0,2020.0,0.9999907397361901,0.0,-5.4,-33.5,-6.476582050323486,-41.52845001220703
-14.5,-70.63333056,3979.625,2001.0,0.2386727660059501,0.0,-23.75,-180.3,-11.144037246704102,-106.2035903930664
63.52,-116.0,238.64844,2002.0,0.741222010848596,0.0,-34.85,-271.5,-22.612424850463867,-177.06320190429688
36.98,35.3,22.958008,2010.0,-0.9741004551724206,0.0,-5.562451005,-37.0290673,-4.062262058258057,-18.934059143066406
4.618216667,-74.12840833,2560.5,1999.0,0.9510565162951535,0.0001263464801013,-6.65,-39.0,-7.658197402954102,-56.470802307128906
49.04,37.577,66.21875,2019.0,-0.2884824328806098,0.0,-9.99,-68.9,-12.601373672485352,-93.2122573852539
39.95,32.88,920.125,1973.0,0.2386727660059501,0.0,-10.86,-75.1,-10.432397842407227,-75.0452651977539
47.98,-55.82,119.36328,2004.0,0.9562348265919056,4.369708403828554e-05,-12.32,-90.7,-9.596012115478516,-68.03983306884766
56.7193,60.73332,220.07031,2018.0,0.2386727660059501,0.0,-21.98541158,-167.2223794,-21.76325035095215,-169.95065307617188
51.3,3.75,9.4589844,1991.0,0.9510565162951535,6.186557129694847e-06,-9.02,-65.7,-7.557753562927246,-51.622894287109375
4.7,-74.13,2551.125,1986.0,-0.9587178169872964,6.336236765491776e-06,-13.72,-98.8,-7.678150177001953,-56.755470275878906
-51.342,-58.8425,51.390625,2016.0,0.7295575540864875,0.0,-4.866130877,-23.894192,-7.565091133117676,-55.839866638183594
10.00036389,-84.10913333,1157.3125,2017.0,0.8631421280499114,0.0,-2.629916,-6.441757,-3.3198609352111816,-11.986305236816406
42.11666667,44.96666667,1107.4375,2015.0,0.741222010848596,0.000101707111753,-5.7,-41.0,-6.209402561187744,-39.028053283691406
-65.07944444,-63.9775,286.6875,1973.0,0.9760105506323683,2.046610058380759e-08,-11.94,-89.5,-8.871234893798828,-73.7773208618164
43.73238889,7.423583333,8.8959961,2018.0,0.9760105506323683,0.0,-5.32,-33.7,-5.7878594398498535,-35.083045959472656
37.77,-25.65,137.14062,1995.0,0.9760105506323683,1.787300243449863e-05,-3.28,-11.3,-3.4217591285705566,-12.939918518066406
-3.665277778,-80.09833333,71.144531,2005.0,0.2386727660059501,2.109920933435205e-05,-0.4,3.97,-2.749716281890869,-6.650611877441406
42.58834633,-5.651107617,911.78125,2010.0,-0.9741004551724206,0.0,-6.85,-41.55,-8.617671966552734,-59.84540557861328
-25.73,28.18,1326.75,2001.0,-0.7236440382959123,0.0,-4.67,-23.0,-2.6017212867736816,-5.265602111816406
-34.05,115.0249,77.78125,2013.0,-0.8263541987239094,4.156502200203249e-06,-2.92,-5.9,-2.9704957008361816,-8.716773986816406
9.6678,80.0065,5.8981934,2014.0,-0.2884824328806098,1.829469147196505e-05,-6.25,-36.9,-5.185568332672119,-29.446510314941406
48.78,-123.13,148.02344,2006.0,0.741222010848596,4.843424903810956e-05,-10.15,-76.4,-11.887760162353516,-87.23514556884766
10.00036389,-84.10913333,1157.3125,2015.0,0.9033558023246845,0.0,-5.43950164,-33.5023392,-3.0481324195861816,-9.443336486816406
47.98,-55.82,119.36328,2005.0,-0.7236440382959123,0.0,-6.83,-40.0,-8.864494323730469,-61.912757873535156
47.81666667,13.71777778,1616.0625,2021.0,-0.5877852522924734,0.0,-5.884,-38.49,-11.097414016723633,-80.6153335571289
36.88,30.7,0.0,1987.0,0.741222010848596,0.0,-4.01,-19.7,-4.038000583648682,-18.707008361816406
47.42692898,9.400776879,758.46875,2016.0,-0.23030567023061196,0.0,-6.06,-39.13,-6.792966842651367,-44.48933410644531
36.88,30.7,0.0,2006.0,0.29671281927349075,0.0,-1.28,1.04,-4.210257053375244,-20.319068908691406
53.97,-101.1,265.25,1977.0,0.2386727660059501,0.0,-25.4,-195.0,-25.047407150268555,-197.45822143554688
18.37583333,-65.73277778,2.0092773,2007.0,0.9999907397361901,6.413008122763131e-06,-2.23,-5.9,-2.1844239234924316,-1.3603286743164062
52.8911,11.7294,21.530273,2011.0,0.6994583270516471,4.701469879364595e-05,-4.21,-26.3,-9.905500411987305,-70.6320571899414
40.37,-81.8,372.875,1966.0,-0.7236440382959123,0.0,-7.97,-43.7,-9.116434097290039,-64.02295684814453
1.685556,33.616389,1096.9375,2020.0,-0.23030567023061196,4.273492595530115e-05,-2.73,-8.1,-1.6652283668518066,3.4985580444335938
-22.399288,-47.543743,626.78125,2016.0,0.9721181966290613,0.0,-0.7,4.4,-5.162519931793213,-29.230812072753906
41.66056063,-1.004162565,244.98438,2020.0,-0.7116566222817751,0.0001166040456155,-5.85,-39.0,-7.500144004821777,-50.43574142456055
-12.43,130.87,16.515625,1966.0,-0.2884824328806098,5.452304685604759e-05,-2.3,1.4,-4.383726596832275,-21.942481994628906
42.025,35.15833333,61.443359,2019.0,-0.2884824328806098,2.9945642836537445e-06,-10.08,-68.3,-10.48611068725586,-75.49515533447266
-0.37,-78.55,3064.0,1978.0,-0.9587178169872964,0.0,-7.52,-55.9,-7.266397476196289,-50.880958557128906
-19.87086111,-43.96733333,844.875,2011.0,0.2386727660059501,6.695001957268687e-06,-10.99,-75.8,-5.2716965675354,-30.252540588378906
34.71666667,10.68333333,23.232422,2012.0,0.2386727660059501,0.0,-6.95,-49.0,-5.334776401519775,-30.842872619628906
-0.743055556,-90.30222222,1.7120972,2013.0,0.23030567023061221,4.056363195559243e-06,-0.692256599,0.763231575,-1.7137513160705566,3.0444564819335938
53.8713,8.7058,4.7202148,1998.0,0.9510565162951535,0.0,-7.71,-53.8,-7.9052886962890625,-54.104347229003906
54.0967,13.4056,1.5458374,2005.0,0.9760105506323683,0.0,-10.53,-81.7,-8.814619064331055,-61.49500274658203
-22.94916667,-46.54916667,855.53125,1998.0,0.9813064702716093,0.0,-8.32,-51.0,-5.196485996246338,-29.548683166503906
47.12,9.49,459.84375,2013.0,-0.680773409477016,0.0,-6.38,-43.98,-6.415018558502197,-40.952308654785156
41.05916667,-100.7463889,918.34375,1994.0,-0.11165900712169444,0.0,-4.4,-21.0,-6.866888523101807,-45.181129455566406
46.72738634,8.186782163,600.90625,1988.0,-0.970063921851507,2.3103288185666315e-05,-12.35,-90.3,-10.278932571411133,-73.7598648071289
51.67,-110.2,697.40625,1999.0,0.29671281927349075,0.0,-17.52,-133.3,-13.987676620483398,-104.8237075805664
72.58,-38.4799,3202.0,2011.0,-0.7236440382959123,0.0,-33.6376841,-256.542151,-29.661596298217773,-236.10592651367188
47.07777778,15.44888889,370.03125,1973.0,0.2386727660059501,0.0,-16.26,-121.9,-13.05665397644043,-97.0256118774414
38.28,21.79,113.0625,2002.0,0.741222010848596,0.0,-3.07,-17.1,-4.439527988433838,-22.464698791503906
-45.35,-72.07,583.1875,1990.0,-0.2884824328806098,0.0,-9.2,-77.0,-9.56051254272461,-83.6113052368164
44.23,-79.77,234.99219,1998.0,0.29671281927349075,0.0,-6.48,-47.1,-7.079981327056885,-46.96596145629883
-13.0,28.65,1260.6875,1982.0,0.2386727660059501,0.0001718869170872,-6.16,-35.8,-5.3881516456604,-31.342384338378906
10.29583333,-84.00027778,266.92188,2004.0,0.1797665857255624,0.0,-9.9,-70.0,-3.890005588531494,-17.321998596191406
47.37233597,8.083138245,397.48438,2011.0,-0.9741004551724206,0.0001071557926479,-9.63,-66.31,-8.73836612701416,-62.08722686767578
47.7,27.88333333,177.36719,2019.0,-0.2884824328806098,6.39880308881402e-05,-18.45,-138.2,-12.790647506713867,-94.7975845336914
8.92,-79.6,11.163086,1989.0,-0.2135209154397959,0.0,-4.48,-29.2,-4.995115756988525,-27.664161682128906
43.49111613,-3.800555816,50.095703,2018.0,0.9760105506323683,1.6243731806753203e-05,-8.04,-55.3,-5.51431131362915,-32.523048400878906
51.83,6.25,9.5,1986.0,0.741222010848596,0.0,-5.62,-41.4,-6.866888523101807,-45.181129455566406
-34.05,115.0249,77.78125,2012.0,-0.5452404385406507,7.840231410227716e-05,-5.56,-27.6,-3.2519288063049316,-11.350563049316406
0.453055556,33.195,1174.25,2015.0,0.2386727660059501,6.16854740655981e-05,1.54,28.7,-1.4808411598205566,5.224143981933594
42.14,41.7,0.0,2018.0,-0.2884824328806098,2.70320401796198e-06,-9.59,-64.5,-10.92860221862793,-79.2013931274414
78.91666667,11.93333333,38.650391,2004.0,-0.970063921851507,0.0,-11.59,-88.8,-10.004173278808594,-72.0699691772461
31.2,35.75,989.09375,1966.0,0.2386727660059501,1.3188946468289942e-05,-4.84,-28.3,-4.620275974273682,-24.156227111816406
-19.86666667,-69.18333333,2807.0,1985.0,-0.2884824328806098,0.0,-2.5,-6.0,-4.896856784820557,-26.744606018066406
47.47051111,21.49041944,105.30859,2009.0,0.440518784350495,1.0704718079068698e-05,-3.28,-15.39,-8.378520965576172,-57.842323303222656
7.04,125.19,719.1875,1998.0,-0.9741004551724206,0.0,-9.63,-61.9,-6.866888523101807,-45.181129455566406
-15.85,-47.93,1012.8125,1967.0,0.9510565162951535,0.0,-8.72,-51.8,-5.327497959136963,-30.774757385253906
-21.2,-159.8,7.8220215,1987.0,0.2386727660059501,7.050640124361962e-05,-3.79,-20.8,-3.812368869781494,-16.595436096191406
47.38333333,123.9166667,143.5,1988.0,-0.27195815753410524,0.0,-32.04,-241.4,-21.476781845092773,-167.55123901367188
47.6772,9.19,442.90625,2003.0,-0.7236440382959123,0.0,-16.32,-123.55,-11.639657974243164,-85.1570816040039
-27.43,153.08,5.7802734,1996.0,0.2386727660059501,0.0001611662737559,-4.43,-27.1,-1.7331604957580566,2.8628158569335938
47.93333333,106.9833333,1398.4375,1994.0,-0.2135209154397959,4.812549013877288e-05,-3.99,-26.8,-9.445104598999023,-66.7758560180664
32.2361,-110.9439,753.21875,1994.0,-0.2135209154397959,0.0,-2.52238806,-18.13859275,-6.866888523101807,-45.181129455566406
24.35,109.4,101.74609,1989.0,0.741222010848596,4.337502468843013e-05,-5.7,-37.9,-4.081671237945557,-19.115699768066406
44.42,8.85,5.4519043,1985.0,-0.680773409477016,0.0,-3.49,-19.0,-4.765844821929932,-25.518531799316406
-34.05,115.0249,77.78125,2005.0,-0.9338372288229252,4.968164375895867e-06,-1.7,-7.1,-2.963217258453369,-8.648658752441406
-12.43,130.87,16.515625,2007.0,-0.7236440382959123,3.097312219324522e-05,-0.3,11.2,-3.458151340484619,-13.280494689941406
53.8713,8.7058,4.7202148,2004.0,0.9562348265919056,0.0,-8.16,-57.6,-7.894184112548828,-53.964752197265625
17.975,-67.05,4.9833984,2016.0,-0.7116566222817751,5.1153296226402745e-05,-4.03,-19.4,-3.0626893043518066,-9.579566955566406
-0.166666667,-78.48333333,2781.625,2011.0,0.2386727660059501,0.0,-11.5951085,-87.57256243,-5.552016735076904,-43.96886444091797
40.7930564,-4.010553289,1892.5,2015.0,-0.2135209154397959,0.0,-8.74,-63.3,-5.974597930908203,-37.94971466064453
-1.68218,29.22716,1527.1875,2015.0,-0.2135209154397959,4.7846413508523256e-05,-0.04,13.0,-0.40363168716430664,15.305198669433594
4.036666667,9.734166667,39.230469,2021.0,0.741222010848596,0.0,-4.68,-22.6,-2.846762180328369,-7.558815002441406
36.88,30.7,0.0,2021.0,0.9510565162951535,0.0,-1.16,7.5,-4.565687656402588,-23.645362854003906
-0.1968,-78.436,2400.75,2016.0,0.7295575540864875,4.548091965261847e-05,-11.55,-81.9,-11.187570571899414,-106.8246841430664
4.7,-74.13,2551.125,1986.0,0.2386727660059501,4.455943781067617e-05,-4.03,-18.9,-2.4112000465393066,-29.061546325683594
47.6772,9.19,442.90625,1982.0,-0.2135209154397959,0.0,-7.42,-44.7,-7.255561828613281,-48.34004211425781
-1.61374,29.25533,1773.0625,2015.0,-0.2135209154397959,4.7846413508523256e-05,2.01,28.71,-0.26291513442993164,16.622093200683594
51.35,12.43,125.46484,2005.0,-0.680773409477016,0.0,-6.18,-39.7,-6.866888523101807,-45.181129455566406
46.49143367,9.898180888,1767.6875,1998.0,-0.7236440382959123,0.0,-17.49,-131.3,-14.85731315612793,-112.1076431274414
49.7478,6.6581,259.26562,1994.0,-0.2135209154397959,0.0001214519579662,-6.25,-42.3,-6.175436496734619,-38.710182189941406
-20.26361111,57.51694444,398.90625,1994.0,-0.2135209154397959,6.320351076283259e-06,-1.12,4.8,-2.570181369781494,-4.970436096191406
33.82931111,35.494275,18.576172,2002.0,-0.8311706263658079,0.0,-0.67,1.3,-2.885580539703369,-7.922096252441406
41.8,-6.733333333,678.8125,1988.0,-0.27195815753410524,0.0,-4.41,-24.6,-7.141207695007324,-47.478782653808594
48.24861111,16.35638889,200.63281,1978.0,-0.2135209154397959,0.0,-8.69,-58.2,-6.575144290924072,-42.450843811035156
46.95222563,7.439320571,542.53125,2012.0,-0.23030567023061196,0.0001134639678639,-5.57,-34.2,-6.62927770614624,-42.95745086669922
46.60305556,13.67138889,2148.125,1975.0,0.2386727660059501,0.0,-13.39,-98.4,-13.854673385620117,-103.7096939086914
37.77,-25.65,137.14062,1993.0,0.29671281927349075,0.0,-1.01,-2.0,-2.982626438140869,-8.830299377441406
36.98,35.3,22.958008,1995.0,0.29671281927349075,0.0,-2.64,-18.4,-4.249075412750244,-20.682350158691406
-27.43,153.08,5.7802734,1986.0,-0.680773409477016,0.0,-1.17,10.2,-2.439169406890869,-3.7443618774414062
37.10277778,15.29777778,0.0,1999.0,-0.9587178169872964,0.0,-5.4,-30.0,-3.797811985015869,-16.459205627441406
38.66038889,-27.22009444,77.109375,1999.0,0.5595892624101765,0.0,-2.035,-8.75,-3.6643738746643066,-15.210426330566406
46.28916667,-63.11916667,35.291016,2018.0,0.9510565162951535,0.0,-9.24,-64.6,-9.575550079345703,-67.86844635009766
-8.587013889,-38.57735833,323.625,1974.0,0.2386727660059501,2.9319999157451093e-05,-4.5,-23.0,-2.662374973297119,-5.833229064941406
38.00194982,-1.170837424,61.660156,2012.0,0.6994583270516471,0.0,-9.02,-67.0,-5.303236484527588,-30.547706604003906
40.008,-105.2682583,1647.3125,2011.0,0.741222010848596,2.1059237042209134e-05,-15.15,-110.44,-15.246091842651367,-115.3639907836914
47.42692898,9.400776879,758.46875,2019.0,0.9760105506323683,2.2117981643532403e-05,-10.95,-74.33,-11.074394226074219,-80.42252349853516
45.8,28.2,40.330078,2010.0,-0.2135209154397959,1.4301413102657534e-05,-5.33787,-36.204,-6.462934970855713,-41.400733947753906
-33.97,18.6,41.798828,1996.0,-0.27195815753410524,0.0,-2.85,-7.8,-3.477560520172119,-13.462135314941406
42.033333,43.483333,1077.1875,2018.0,-0.2884824328806098,0.0,-12.04,-79.0,-13.102693557739258,-97.4112319946289
37.78,112.55,778.28125,1988.0,0.2802306751992159,5.656187204294838e-05,-5.19,-42.1,-5.756319522857666,-34.787879943847656
13.07176111,-59.48972222,45.302734,1961.0,-0.9587178169872964,0.0001940600341185,-1.1,-7.5,-4.403135776519775,-22.124122619628906
36.98,35.3,22.958008,1988.0,0.2802306751992159,0.0,-2.09,-7.1,-4.249075412750244,-20.682350158691406
-41.47,-72.93,43.574219,1996.0,0.9721181966290613,0.0,-6.12,-36.0,-6.280064105987549,-39.68933868408203
0.05,32.45,1135.4375,1963.0,-0.9587178169872964,0.0,1.5,15.0,-2.715750217437744,-6.332740783691406
33.46555556,126.9333333,5.9509277,1996.0,-0.8311706263658079,2.5189779080392327e-06,-4.1,-10.0,-6.032293796539307,-37.370582580566406
9.0,38.73,2329.125,2020.0,0.7295575540864875,0.0004253721272107,2.5,23.5,-1.8496155738830566,1.7729721069335938
82.5,-62.33333333,62.875,1991.0,0.741222010848596,2.267306081193965e-05,-26.46,-198.4,-28.433874130249023,-225.82272338867188
49.7478,6.6581,259.26562,1980.0,0.7295575540864875,1.490420527261449e-05,-8.65,-65.0,-7.329202651977539,-49.05339813232422
51.6,-1.1,55.042969,1984.0,0.7295575540864875,0.0,-7.0,-50.0,-6.7700700759887695,-44.275054931640625
43.78,87.62,900.71875,2003.0,-0.2884824328806098,0.0,-17.6,-136.0,-16.59147071838379,-126.6326675415039
-0.37,-78.55,3064.0,1979.0,-0.9741004551724206,0.0,-6.57,-38.4,-8.091262817382812,-62.649391174316406
47.98,-55.82,119.36328,1999.0,-0.2135209154397959,0.0007537032943218,-10.15,-69.7,-8.023633003234863,-54.869834899902344
-33.45,-70.7,507.65625,1974.0,-0.680773409477016,2.268571719366008e-10,-3.27,-6.2,-5.292318820953369,-30.445533752441406
-65.07944444,-63.9775,286.6875,1987.0,0.2386727660059501,9.076370588445568e-07,-14.94,-123.3,-9.400890350341797,-81.3339614868164
49.0422,12.1019,370.21875,1994.0,-0.2135209154397959,1.8096770872944035e-05,-10.23,-71.7,-6.782170295715332,-44.28752136230469
42.5859,10.07945,19.258789,2019.0,-0.7236440382959123,4.164242909610039e-06,-7.74,-49.9,-6.051702976226807,-37.552223205566406
51.1622,14.9506,238.80469,2010.0,-0.680773409477016,8.920711479731835e-06,-9.23,-67.0,-6.6191182136535645,-42.86237335205078
-15.85,-47.93,1012.8125,1973.0,0.2386727660059501,9.942560427589342e-05,-6.21,-37.0,-4.511099338531494,-23.134498596191406
48.8281,9.2,313.79688,1990.0,0.6994583270516471,0.000129223903059,-8.46,-64.3,-10.680500030517578,-77.12332916259766
13.07176111,-59.48972222,45.302734,1978.0,0.9760105506323683,2.236772343167104e-05,1.36,26.5,-1.0829529762268066,8.947776794433594
9.466666667,100.05,0.0,1980.0,0.9721181966290613,2.0868237697868608e-05,-4.74,-25.3,-4.882299900054932,-26.608375549316406
42.025,35.15833333,61.443359,2016.0,-0.970063921851507,1.2934330698044503e-05,-8.78,-50.6,-7.095647811889648,-47.0971794128418
58.65,49.61666667,162.28906,1983.0,0.29671281927349075,0.0,-11.7,-96.0,-9.989906311035156,-71.33902740478516
45.32,-75.67,112.08594,1987.0,-0.2884824328806098,1.788574991223868e-05,-14.14,-100.8,-11.070084571838379,-105.79641723632812
46.72738634,8.186782163,600.90625,2013.0,0.741222010848596,0.0,-12.28,-88.01,-8.459091186523438,-58.51715850830078
44.73805556,-0.774722222,59.488281,2019.0,0.29671281927349075,0.0,-5.66,-37.0,-4.744009494781494,-25.314186096191406
14.64,121.04,42.933594,2021.0,0.9760105506323683,0.0001024843732011,-1.62,-3.8,-4.057409763336182,-18.888648986816406
42.58834633,-5.651107617,911.78125,2018.0,-0.2135209154397959,0.0,-6.07,-38.0,-5.08730936050415,-28.526954650878906
-32.88,-68.85,762.84375,1984.0,-0.23030567023061196,0.0,-12.5,-89.0,-6.307661533355713,-39.947608947753906
-0.37,35.35,2186.5,1969.0,0.741222010848596,0.0,-2.75,-10.6,-2.2960267066955566,-2.4047622680664062
64.13,-21.93,12.141602,2016.0,0.9562348265919056,2.3301065084524453e-05,-8.58,-62.3,-8.445475578308105,-59.694129943847656
7.789855,-76.650846,30.420898,2015.0,0.9760105506323683,0.0,-2.52,-11.7,-3.3635315895080566,-12.394996643066406
9.0,38.73,2329.125,2020.0,0.2802306751992159,6.840033165644854e-05,1.24,30.6,-1.6118531227111816,3.9980697631835938
-2.53,140.72,68.566406,1987.0,0.2386727660059501,6.856316758785397e-05,-6.45,-42.1,-5.910986423492432,-36.235328674316406
46.37222222,6.470833333,387.75,1999.0,-0.9587178169872964,3.933554762625136e-05,-8.09,-57.8,-7.427493095397949,-51.04521179199219
0.05,32.45,1135.4375,1966.0,-0.680773409477016,0.0,-3.66,-13.7,-2.3494019508361816,-2.9042739868164062
18.29888889,-65.695,59.626953,2006.0,0.9242907221930934,9.550656250212342e-05,-1.32,0.8,-1.6264100074768066,3.8618392944335938
51.77,-104.2,553.34375,1977.0,-0.9587178169872964,0.0,-14.5,-113.0,-14.52992057800293,-109.3654556274414
-35.15833333,147.4572222,211.74219,2012.0,-0.27195815753410524,0.0,-2.94,-11.8,-3.7128968238830566,-15.664527893066406
50.3119,11.8758,564.53125,1992.0,-0.27195815753410524,0.0,-11.52,-84.6,-11.488750457763672,-83.89310455322266
46.49143367,9.898180888,1767.6875,2001.0,0.741222010848596,0.0,-8.85,-67.7,-11.250879287719727,-81.9007339477539
49.0392,8.365,112.44141,1990.0,-0.2135209154397959,6.032807505107485e-06,-2.29,-16.0,-6.165731906890869,-38.619361877441406
46.05,-74.28,363.76562,1978.0,-0.9741004551724206,0.0,-11.0,-74.0,-13.066884994506836,-97.1113052368164
46.72738634,8.186782163,600.90625,2019.0,-0.680773409477016,0.0,-5.19,-30.65,-6.426239490509033,-41.05731964111328
47.47051111,21.49041944,105.30859,2009.0,-0.154308820664281,0.0,-5.56,-38.4,-7.155914783477783,-47.601966857910156
-27.43,153.08,5.7802734,2002.0,-0.9587178169872964,1.544382030260749e-05,-2.19,-4.3,-2.2086853981018066,-1.5873794555664062
48.4042,2.6965,79.179688,2022.0,0.29671281927349075,0.0,-2.65,-22.1,-6.27885103225708,-39.67798614501953
47.47051111,21.49041944,105.30859,2008.0,-0.7961828637826154,0.0,-8.99,-59.24,-8.098447799682617,-55.49646759033203
41.64083945,-4.754446679,735.625,2013.0,-0.7236440382959123,0.0001779493613867,-8.73,-60.3,-9.245599746704102,-65.1048355102539
4.05,114.81,27.053711,2007.0,0.5667017562911176,0.0,-1.33,2.12,-6.100832462310791,-38.012001037597656
34.33664722,45.37399722,185.57031,2011.0,-0.01721335615583528,0.0,-2.02,0.05,-4.004034519195557,-18.389137268066406
46.39864119,6.233803787,434.125,2016.0,-0.9634705485641486,0.0,-6.41,-43.13,-7.790159702301025,-54.188270568847656
25.62,88.66,39.710938,2014.0,0.29671281927349075,0.0003482005267869,-4.7,-26.7,-4.343695163726807,-21.567848205566406
49.7703,9.9578,265.90625,2004.0,0.6994583270516471,0.0,-8.41,-55.35,-10.087100982666016,-72.15311431884766
-31.75,-60.73,12.836426,2000.0,0.6994583270516471,0.0,-5.6,-33.0,-6.1226677894592285,-38.216346740722656
38.66038889,-27.22009444,77.109375,1998.0,-0.8717063187093217,1.602790507604368e-05,-0.3,1.5,-3.3101563453674316,-11.895484924316406
31.95765,35.84828333,916.125,2016.0,-0.27195815753410524,8.355682075489312e-05,-8.49,-31.0,-5.716288089752197,-34.413246154785156
1.35,172.92,0.0,1991.0,0.2386727660059501,0.0002042538399109,-6.61,-42.0,-6.189993381500244,-38.846412658691406
53.8713,8.7058,4.7202148,1983.0,0.9760105506323683,1.555177368572913e-05,-8.83,-67.4,-7.814573764801025,-53.834754943847656
63.37,-135.52,588.34375,1987.0,0.9760105506323683,0.0,-23.4,-180.0,-24.3005428314209,-191.20260620117188
13.73,100.5,5.7392578,1995.0,-0.9587178169872964,0.0001053205924108,-9.01,-66.5,-7.376591205596924,-52.453102111816406
46.72738634,8.186782163,600.90625,2014.0,0.6994583270516471,0.0,-15.19,-114.2,-13.491472244262695,-100.6675796508789
47.833185,1.940433,113.78516,1996.0,0.2802306751992159,0.0,-3.2,-19.9,-6.398338794708252,-40.79621124267578
-53.0,-70.833333,32.589844,1996.0,-0.970063921851507,0.0,-9.16,-73.9,-8.778726577758789,-72.4574966430664
46.22030867,7.33848445,481.70312,1997.0,0.2386727660059501,0.0,-16.48,-124.3,-12.97480583190918,-96.3400650024414
48.65,-123.43,15.649902,1978.0,0.2386727660059501,1.7318960090051405e-05,-12.5,-84.0,-10.974641799926758,-79.5870132446289
50.3119,11.8758,564.53125,1988.0,0.2802306751992159,0.0,-9.65,-72.9,-9.598569869995117,-68.0612564086914
13.73,100.5,5.7392578,2015.0,0.741222010848596,0.0002761827490758,-2.82,-10.1,-4.585096836090088,-23.827003479003906
47.8008,11.0108,974.96875,1988.0,0.7295575540864875,7.61001865612343e-05,-8.96,-62.7,-10.626787185668945,-76.6734390258789
-0.166666667,-78.48333333,2781.625,2004.0,0.9721181966290613,3.1794512324268e-05,-13.97,-104.58,-10.010356903076172,-90.0292739868164
43.68333333,-1.066666667,17.238281,2001.0,0.6994583270516471,6.793612556066364e-05,-8.6,-46.2,-6.117208957672119,-38.165260314941406
-33.45,-70.7,507.65625,1998.0,-0.2135209154397959,0.0,-6.58,-58.8,-6.253983020782471,-39.44525909423828
33.96666667,35.66666667,506.5,2003.0,0.9922222094179323,0.0,-8.11,-40.3,-4.969641208648682,-27.425758361816406
-46.42,168.32,-0.90939331,2011.0,-0.2135209154397959,6.2864477513358e-05,-8.59,-53.8,-6.866888523101807,-45.181129455566406
47.98,-55.82,119.36328,2007.0,-0.2884824328806098,0.0001368086377624,-10.0,-64.3,-8.88755989074707,-74.0102310180664
44.42,8.85,5.4519043,2000.0,-0.9634705485641486,0.0,-3.31,-18.0,-5.143110752105713,-29.049171447753906
22.78,5.52,1374.375,1994.0,-0.7961828637826154,0.0,4.9,22.0,-0.7093262672424316,12.444358825683594
32.2361,-110.9439,753.21875,1998.0,-0.2884824328806098,0.0,-5.318181818,-24.02272727,-7.4759016036987305,-53.869972229003906
54.5283,11.0603,1.9006348,1998.0,0.741222010848596,1.570871245348826e-05,-6.39,-45.1,-6.866888523101807,-45.181129455566406
-21.2,-159.8,7.8220215,1987.0,0.741222010848596,1.5052122762426734e-05,-3.13,-21.0,-4.249075412750244,-20.682350158691406
36.98,35.3,22.958008,1990.0,0.741222010848596,0.0,-3.25,-17.5,-3.1306214332580566,-10.215309143066406
49.1823,-119.559,334.40625,2008.0,-0.8115390590073611,1.0029999430116732e-05,-16.5,-131.0,-12.404623031616211,-92.24353790283203
56.21666667,43.81666667,76.433594,1981.0,-0.2135209154397959,0.0,-7.8,-53.0,-8.299230575561523,-57.178199768066406
50.92,5.78,111.17188,2009.0,-0.9873494423939864,0.0,-7.9,-54.71,-7.154843330383301,-49.289405822753906
48.4042,2.6965,79.179688,2019.0,-0.9741004551724206,0.0,-6.23,-37.1,-6.3846917152404785,-40.668495178222656
48.24861111,16.35638889,200.63281,1986.0,-0.7236440382959123,0.0,-9.41,-68.3,-10.45541763305664,-75.23807525634766
49.0422,12.1019,370.21875,1986.0,0.9510565162951535,0.0,-9.44,-70.4,-11.225301742553711,-81.6865005493164
10.86,0.2,372.54688,2018.0,-0.9829265519799822,7.720681605860591e-05,-4.77,-27.47,-2.987478733062744,-8.875709533691406
41.38,2.12,59.777344,1991.0,0.741222010848596,0.0,-8.08,-57.9,-4.707617282867432,-24.973609924316406
51.3744,11.2919,162.88281,1998.0,-0.2884824328806098,3.6896490200888366e-05,-7.62,-51.1,-10.51936149597168,-75.7736587524414
52.1042,8.7519,134.42188,2004.0,0.9562348265919056,0.0,-6.15,-40.95,-8.569074630737305,-59.43836212158203
-34.38,-58.28,0.0,1987.0,-0.9587178169872964,5.515747761819512e-05,-1.7,-1.0,-3.0723938941955566,-9.670387268066406
72.58,-38.4799,3202.0,2012.0,-0.7055836101071774,5.8386108321428765e-06,-27.85305528,-211.0839115,-28.515722274780273,-226.50827026367188
28.58,77.2,222.79688,1985.0,0.29671281927349075,0.0001137271538027,1.86,10.4,-2.395498752593994,-3.3356704711914062
46.57248471,8.332719621,1924.0,2017.0,0.741222010848596,1.70884195540566e-05,-15.26,-109.4,-9.91317367553711,-70.69632720947266
48.75,-91.62,405.375,1976.0,-0.9634705485641486,1.442044958821498e-05,-9.9,-70.0,-13.010614395141602,-96.6399917602539
48.15,15.15,264.90625,1969.0,-0.9587178169872964,0.0,-5.73,-39.5,-7.662350177764893,-51.843788146972656
49.38,-82.12,243.30469,2004.0,0.9721181966290613,0.0,-11.66,-82.8,-14.248567581176758,-107.0088882446289
41.78,-87.75,186.0,1962.0,-0.680773409477016,0.0,-3.8,-24.9,-4.626341342926025,-24.212989807128906
-6.18,106.83,5.1230469,1974.0,0.2386727660059501,0.0003206836117897,-4.71,-37.1,-5.493689060211182,-32.330055236816406
51.18,8.4889,841.375,2006.0,0.2386727660059501,9.790325566427782e-05,-10.22,-72.0,-9.021797180175781,-63.23029327392578
28.50444444,-16.30333333,570.6875,2011.0,-0.9209712877166346,0.0,-1.15,2.79,-3.1839966773986816,-10.714820861816406
41.91172742,2.763346411,139.71094,2016.0,-0.6932812268869771,0.0,-3.31,-20.4,-3.9021363258361816,-17.435523986816406
40.41666667,-7.55,1295.4375,1994.0,0.6994583270516471,1.94927015400026e-05,-7.83,-41.8,-6.803321361541748,-44.540523529052734
37.90111111,40.20361111,674.46875,2020.0,0.7295575540864875,6.829177891631844e-06,-5.46,-31.3,-4.850759983062744,-26.313209533691406
45.8,28.2,40.330078,2014.0,0.9760105506323683,0.0,-7.72,-54.1,-8.90414047241211,-62.24481964111328
42.11666667,44.96666667,1107.4375,2018.0,-0.9587178169872964,0.0001991100871236,-8.21,-48.3,-5.138258457183838,-29.003761291503906
-0.694,-90.333,183.07031,2015.0,0.288482432880609,1.1258165613980964e-05,-0.4,3.84,-1.8496155738830566,1.7729721069335938
22.31666667,114.1666667,34.056641,2012.0,-0.970063921851507,0.0,-4.88,-28.7,-5.830923557281494,-35.486061096191406
4.466666667,101.3833333,1451.4375,2020.0,-0.6932812268869771,0.000134205474751,-7.62,-46.5,-8.175609588623047,-63.852760314941406
49.0975,19.59,572.9375,2017.0,-0.2884824328806098,8.199588774004951e-05,-14.3,-106.3,-12.166555404663086,-89.5702896118164
36.88,30.7,0.0,2009.0,0.6994583270516471,0.0,-6.68,-40.31,-4.981771945953369,-27.539283752441406
11.17694444,-4.304111111,435.625,2015.0,0.29671281927349075,9.361065895063804e-05,-1.38,-4.6,-4.554769992828369,-23.543190002441406
40.41195035,-3.67806112,671.09375,2002.0,0.9760105506323683,0.0,-8.79,-60.86,-7.659792423248291,-51.822364807128906
50.4972,9.9428,920.40625,2012.0,0.9721181966290613,0.0,-11.07,-78.39,-9.560203552246094,-67.73990631103516
13.52,2.09,210.4375,2019.0,-0.9741004551724206,0.0,-5.54,-35.3,-1.8496155738830566,1.7729721069335938
4.83,-52.37,7.9216309,1963.0,-0.9741004551724206,0.0,-1.6,-5.0,-2.9122681617736816,-8.171852111816406
4.05,114.81,27.053711,2006.0,-0.05161966722325418,0.0,-7.86,-47.86,-7.380218982696533,-52.504859924316406
47.81666667,13.71777778,1616.0625,2020.0,0.9338372288229252,4.074938260600902e-05,-8.059,-57.91,-11.079509735107422,-80.46537017822266
49.7478,6.6581,259.26562,1988.0,0.7295575540864875,0.0,-4.88,-37.3,-7.002929210662842,-46.32058334350586
2.883333333,101.7833306,55.289062,2017.0,-0.2884824328806098,0.0,-7.19,-45.8,-6.866888523101807,-45.181129455566406
51.35,12.43,125.46484,2011.0,-0.9741004551724206,7.1513618422613945e-06,-5.61,-34.0,-8.207575798034668,-58.191078186035156
37.77,-25.65,137.14062,2011.0,0.6994583270516471,2.8228316296008416e-05,-2.78,-10.8,-3.4023499488830566,-12.758277893066406
42.11666667,44.96666667,1107.4375,2017.0,-0.2884824328806098,4.745222759083845e-05,-12.45,-81.5,-11.882644653320312,-87.19229888916016
-22.71,-46.46583333,1095.0625,1996.0,-0.8919813464595487,0.0,-6.1,-33.2,-2.8055176734924316,-7.172828674316406
-25.45590833,-54.83871667,245.49219,2021.0,0.2802306751992159,0.0,-2.986,-8.9,-5.080030918121338,-28.458839416503906
33.42,36.52,607.25,1992.0,0.2386727660059501,1.2370493095659184e-05,-8.9,-48.9,-5.342054843902588,-30.910987854003906
36.15,-5.35,1.5737915,2015.0,-0.2884824328806098,9.7165051556658e-05,-2.68,-9.1,-4.827711582183838,-26.097511291503906
47.8008,11.0108,974.96875,1996.0,-0.27195815753410524,0.0,-14.14,-106.0,-12.867380142211914,-95.4402847290039
34.3,108.93,399.84375,1992.0,-0.23030567023061196,0.0,-10.76,-85.1,-7.774286270141602,-58.127052307128906
12.69325,-7.995494444,382.5625,1971.0,0.741222010848596,9.141390182776377e-05,5.04,35.4,-1.1945557594299316,7.903343200683594
52.1,5.18,1.7967529,1997.0,-0.9979171608653922,0.0,-4.09,-24.1,-6.866888523101807,-45.181129455566406
47.59583333,7.594444444,248.26562,1983.0,-0.2135209154397959,6.400391430361196e-05,-5.53,-36.2,-6.259745121002197,-39.499183654785156
38.05011111,23.866675,444.85938,2015.0,0.9510565162951535,0.0,-6.01,-33.1,-5.895823001861572,-36.093421936035156
0.05,-51.07,16.0,1990.0,0.8406184056344782,0.0002618158177938,-5.82,-34.5,-5.623487949371338,-33.544776916503906
-7.315277778,72.42805556,2.3126221,1993.0,-0.2135209154397959,0.0001024532175506,-3.04,-21.5,-4.270910739898682,-20.886695861816406
-21.54022,-64.69846,1877.5,2009.0,0.2386727660059501,0.0,-4.26,-11.2,-5.386938571929932,-31.331031799316406
46.095,14.597,283.89062,2005.0,0.2386727660059501,0.0,-13.33,-94.25,-11.880086898803711,-87.1708755493164
54.5283,11.0603,1.9006348,2009.0,-0.9741004551724206,0.0,-7.48,-49.4,-8.165606498718262,-57.275856018066406
36.15,-5.35,1.5737915,1989.0,0.9510565162951535,0.0003063125768676,-5.19,-34.1,-4.603292942047119,-23.997291564941406
-34.90416667,-56.16666667,34.734375,2011.0,0.6994583270516471,0.0,-4.101734639,-25.93869735,-5.977705478668213,-36.859718322753906
38.79273611,-9.105733333,36.355469,2003.0,0.5947266869607634,2.681641672097612e-05,-3.03,-14.6,-4.317007541656494,-21.318092346191406
-0.411,32.526,1192.1875,2005.0,-0.680773409477016,8.128509216476232e-05,4.42,35.52,-1.5875916481018066,4.225120544433594
47.98,-55.82,119.36328,2007.0,0.2386727660059501,0.0,-12.46,-88.6,-12.743318557739258,-94.21892547607422
-37.82,144.97,6.1674805,2006.0,0.9760105506323683,0.0,-5.04,-33.9,-5.158880710601807,-29.196754455566406
41.64083945,-4.754446679,735.625,2010.0,0.29671281927349075,1.8898492271546274e-05,-10.8,-83.05,-5.551916599273682,-32.874977111816406
1.6,103.6666667,43.185547,2019.0,-0.2135209154397959,0.0,-5.57,-34.0,-6.866888523101807,-45.181129455566406
47.42692898,9.400776879,758.46875,2006.0,0.9510565162951535,1.6790463632787578e-05,-11.91247515,-90.92790394,-11.493865966796875,-83.93595123291016
-31.95,115.97,20.375,1965.0,0.9510565162951535,0.0,0.3,-2.1,-4.185995578765869,-20.092018127441406
64.13,-21.93,12.141602,2006.0,0.741222010848596,0.0001924807438626,-7.88,-59.02,-6.866888523101807,-45.181129455566406
-4.37,15.25,422.4375,1968.0,0.9721181966290613,0.0001813379349187,-7.61,-46.1,-5.293531894683838,-30.456886291503906
53.7122,7.1519,8.8525391,2008.0,0.2802306751992159,1.3946265426056924e-05,-5.4,-35.8,-6.866888523101807,-45.181129455566406
41.9,12.5,59.011719,2000.0,-0.9562348265919058,0.0,-5.64,-33.12,-4.599653720855713,-23.963233947753906
33.27722222,44.38765833,39.535156,2017.0,0.6744436188329455,0.0,-2.06,6.6,-3.608572483062744,-14.688209533691406
49.7478,6.6581,259.26562,1997.0,0.741222010848596,4.293025267543271e-05,-6.48,-43.6,-6.866888523101807,-45.181129455566406
32.2361,-110.9439,753.21875,2013.0,0.6994583270516471,0.0,-9.91,-59.4,-6.866888523101807,-45.181129455566406
50.3381,7.6,86.441406,2009.0,-0.680773409477016,1.6261506971204653e-05,-3.32,-21.55,-6.8191237449646,-44.73412322998047
13.55,144.83,113.0,1965.0,0.741222010848596,2.589127325336449e-05,0.7,4.8,-2.963217258453369,-8.648658752441406
51.93,-10.25,33.068359,1982.0,0.29671281927349075,1.886594145616982e-05,-5.12,-35.4,-4.992689609527588,-27.641456604003906
49.0975,19.59,572.9375,2013.0,0.6994583270516471,9.064242476597428e-05,-15.36,-116.73,-12.514410018920898,-92.4838638305664
7.07,38.78,2674.625,2000.0,0.2802306751992159,0.0,-1.93,-1.5,-0.9179749488830566,10.491722106933594
-25.27,-57.63,54.0,1961.0,-0.7236440382959123,5.401763701229356e-05,-8.2,-57.0,-3.5673279762268066,-14.302223205566406
49.0392,8.365,112.44141,1986.0,-0.2135209154397959,2.9331249606912024e-05,-5.62,-39.0,-6.132978916168213,-38.312843322753906
-41.47,-72.93,43.574219,2002.0,0.741222010848596,0.0,-10.05,-66.7,-6.211222171783447,-39.045082092285156
78.91666667,11.93333333,38.650391,1995.0,-0.2884824328806098,2.8851953175035305e-05,-9.08,-69.8,-11.291803359985352,-82.2435073852539
49.93333333,36.28333333,149.28125,2017.0,0.6994583270516471,5.752039214712568e-05,-14.59,-109.4,-11.887760162353516,-87.23514556884766
36.846389,-2.356942,16.541016,2009.0,0.6994583270516471,0.0,-6.84,-44.08,-5.032721042633057,-28.016090393066406
22.06538333,-80.48231667,32.125,2021.0,-0.9741004551724206,0.0,-2.92,-9.4,-3.943380832672119,-17.821510314941406
-0.743055556,-90.30222222,1.7120972,2013.0,0.7909456567567772,0.0001030289931804,-0.649362036,1.413913839,-3.5964417457580566,-14.574684143066406
47.81666667,13.71777778,1616.0625,2021.0,0.08596479873744647,5.363800300983712e-05,-28.033,-208.66,-10.677942276000977,-77.1019058227539
34.01937778,-6.838286111,18.375977,2001.0,0.1712931441814776,7.100369839463383e-05,-4.6,-24.71,-4.273336887359619,-20.909400939941406
11.25,75.78,7.1804199,1998.0,-0.9741004551724206,0.0002148533094441,-2.79,-14.2,-5.617422580718994,-33.488014221191406
-33.95833333,18.46111111,109.49609,2000.0,0.09453674981719912,0.0,-0.97,8.0,-3.429037570953369,-13.008033752441406
4.466666667,101.3833333,1451.4375,2014.0,0.6994583270516471,0.0,-6.53,-39.3,-5.872455596923828,-36.09051513671875
-17.83,31.02,1473.25,1971.0,0.9760105506323683,0.0,-4.12,-20.0,-5.356611728668213,-31.047218322753906
50.3381,7.6,86.441406,1985.0,0.2386727660059501,0.0,-12.21,-89.7,-9.285245895385742,-65.43689727783203
40.41195035,-3.67806112,671.09375,2007.0,0.2386727660059501,0.0,-8.48,-56.43,-9.345352172851562,-65.94034576416016
4.05,114.81,27.053711,2007.0,0.2719581575341055,7.833351992303506e-05,-14.31,-107.04,-7.639953136444092,-56.286705017089844
78.91666667,11.93333333,38.650391,2016.0,0.7295575540864875,0.0,-7.46,-55.9,-11.363420486450195,-82.8433609008789
-33.97,18.6,41.798828,1966.0,-0.9587178169872964,0.0,-3.5,-15.1,-3.1354737281799316,-10.260719299316406
-20.299175,57.47873889,391.1875,2022.0,-0.7236440382959123,2.8164186005597003e-05,2.49,21.8,-2.075247287750244,-0.33860015869140625
-41.47,-72.93,43.574219,1990.0,0.2386727660059501,0.0,-5.6,-23.0,-6.403494358062744,-40.844459533691406
-54.78,-68.28,104.83984,1982.0,-0.9587178169872964,0.0,-10.0,-118.0,-9.844833374023438,-84.31501007080078
31.08,33.83,31.658203,2002.0,-0.2884824328806098,1.7571468333699158e-06,-3.91,-8.5,-2.7424378395080566,-6.582496643066406
46.25,48.03,-22.556641,1981.0,0.6994583270516471,6.169216794660315e-05,-5.9,-45.0,-13.348237991333008,-99.4678726196289
32.2361,-110.9439,753.21875,1982.0,0.9510565162951535,0.0,-9.154909091,-55.22545455,-6.866888523101807,-45.181129455566406
4.036666667,9.734166667,39.230469,2017.0,0.741222010848596,7.006522355368361e-05,-3.19,-15.9,-2.9947571754455566,-8.943824768066406
42.85,-80.27,228.9375,1976.0,-0.23030567023061196,7.350455416599289e-05,-6.6,-45.0,-7.151271820068359,-49.74011993408203
46.06666667,14.51666667,298.53125,2003.0,0.5524353131676196,0.0,-13.26,-106.19,-8.269817352294922,-56.93183135986328
4.05,114.81,27.053711,2009.0,0.3212696616923644,0.0,-6.05,-56.87,-7.182278633117676,-49.680824279785156
47.81666667,13.71777778,1616.0625,2021.0,-0.7909456567567774,5.311126005835831e-05,-6.868,-39.15,-12.102611541748047,-89.03470611572266
58.01,56.18,103.00391,1983.0,-0.9741004551724206,2.8644946723943576e-05,-15.2,-103.0,-14.570844650268555,-109.7082290649414
67.15,32.35,0.0,1997.0,-0.9587178169872964,0.0,-12.3,-92.9,-11.777776718139648,-86.3139419555664
43.9,125.2166667,230.54688,2000.0,-0.9634705485641486,0.0,-8.1,-55.3,-8.193708419799805,-56.373374938964844
4.399,117.887,264.3125,2007.0,-0.680773409477016,0.0,-8.68,-56.73,-6.846704006195068,-47.14246368408203
-13.0,28.65,1260.6875,1975.0,-0.2884824328806098,0.0001540344965178,-5.21,-34.1,-4.904135227203369,-26.812721252441406
10.00036389,-84.10913333,1157.3125,2016.0,-0.6994583270516471,0.0003162271168548,-7.61384,-64.382493,-6.197812557220459,-41.381446838378906
40.80638889,-104.7547222,1641.75,1997.0,0.9175836260593937,3.8559137465199456e-05,-17.0,-129.0,-16.00318717956543,-121.7052993774414
5.383333333,103.1,10.330566,2018.0,0.6994583270516471,1.1275763426965568e-05,-2.41,-11.3,-5.168585300445557,-29.287574768066406
41.66056063,-1.004162565,244.98438,2018.0,-0.7236440382959123,0.0,-8.36,-58.8,-7.60863733291626,-51.393898010253906
25.7325,-80.16323611,3.5220947,1999.0,-0.1712931441814778,0.0,-0.14,11.7,-3.230093479156494,-11.146217346191406
43.12,0.38,600.53125,1998.0,0.29671281927349075,0.0001696241815807,-3.23,-15.2,-6.0062127113342285,-37.126502990722656
39.55339029,2.625298143,5.3820801,2005.0,-0.9587178169872964,9.217620572599117e-06,-4.73,-27.52,-4.434675693511963,-22.419288635253906
49.7478,6.6581,259.26562,1985.0,0.741222010848596,7.997997272468638e-06,-5.56,-41.0,-6.866888523101807,-45.181129455566406
-27.43,153.08,5.7802734,1989.0,-0.9741004551724206,0.0,-2.15,-1.5,-2.269339084625244,-2.1550064086914062
49.7703,9.9578,265.90625,2009.0,0.2386727660059501,1.828172207751777e-05,-13.82,-115.2,-10.151044845581055,-72.6886978149414
51.1622,14.9506,238.80469,2008.0,-0.23030567023061196,0.0,-5.81,-36.7,-6.6806817054748535,-43.438514709472656
76.76666667,-18.66666667,0.0,2012.0,0.9562348265919056,0.0,-14.73,-109.6,-20.709455490112305,-161.12423706054688
52.4672,13.4019,47.5625,1984.0,-0.9634705485641486,0.0,-7.5,-51.1,-7.358044147491455,-50.490474700927734
50.4972,9.9428,920.40625,1989.0,0.29671281927349075,0.0,-9.32,-64.4,-8.794157028198242,-61.32361602783203
12.18,18.69,420.75,2019.0,0.741222010848596,0.0,0.23,6.5,-1.6409668922424316,3.7256088256835938
38.48333333,106.2166667,1111.5,1991.0,-0.2884824328806098,0.0,-19.97,-147.7,-11.279014587402344,-82.13639068603516
-34.05,115.0249,77.78125,2017.0,-0.24702218048093527,8.064673238550313e-06,-1.18,4.3,-3.3344178199768066,-12.122535705566406
47.6772,9.19,442.90625,2002.0,0.9510565162951535,7.930790161481127e-05,-8.02,-60.85,-10.856985092163086,-78.6015396118164
-12.43,130.87,16.515625,1981.0,-0.680773409477016,0.0,1.88,24.3,-3.5673279762268066,-14.302223205566406
41.818399,46.266606,0.0,2016.0,-0.7116566222817751,0.0,-7.96,-48.4,-8.896467208862305,-62.18054962158203
6.116666667,81.13333333,0.0,1983.0,-0.2884824328806098,6.788211612729356e-05,-5.84,-34.6,-6.4881062507629395,-41.63629913330078
-32.88,-68.85,762.84375,1983.0,0.2386727660059501,0.0,-4.4,-28.0,-6.291891574859619,-39.800025939941406
23.05,-82.21666667,123.02734,2020.0,-0.9634705485641486,5.37985069968272e-05,-2.41,-7.9,-3.6837830543518066,-15.392066955566406
46.96666667,28.9,90.308594,2014.0,0.9510565162951535,0.0,-7.51,-46.3,-9.787843704223633,-69.6465835571289
-21.15,55.75,738.875,2001.0,0.9510565162951535,9.56123858486535e-06,-3.02,-7.1,-3.4799866676330566,-13.484840393066406
0.05,32.45,1135.4375,2005.0,0.741222010848596,3.358185131219216e-05,-5.73,-32.22,-2.288748264312744,-2.3366470336914062
54.5283,11.0603,1.9006348,2013.0,0.6994583270516471,0.0,-13.3,-99.3,-9.762266159057617,-69.4323501586914
8.92,-79.6,11.163086,1988.0,0.6994583270516471,2.0930976461386308e-05,1.52,10.0,-5.061834812164307,-28.288551330566406
36.88,30.7,0.0,2000.0,0.9562348265919056,8.683940541232005e-05,-6.58,-29.75,-4.91262674331665,-26.892189025878906
52.4672,13.4019,47.5625,1993.0,0.2386727660059501,0.0,-7.8,-59.4,-10.051292419433594,-71.85318756103516
55.677,12.56,17.620117,2022.0,0.9510565162951535,1.085126496036537e-05,-12.14,-78.4,-8.960411071777344,-62.71613311767578
39.4,16.23333333,160.85938,2002.0,0.6994583270516471,3.556188676157035e-05,-3.7,-24.9,-6.335865497589111,-40.21155548095703
4.05,114.81,27.053711,2009.0,-0.6744436188329457,0.0,-8.76,-58.36,-6.2122955322265625,-39.626075744628906
23.95277778,90.27916667,23.626953,2009.0,-0.2135209154397959,0.0,-5.76,-35.98,-6.586971759796143,-42.56153106689453
4.7,-74.13,2551.125,1976.0,-0.6932812268869771,4.646515299100429e-05,-7.55,-46.9,-7.670441150665283,-56.645484924316406
53.8713,8.7058,4.7202148,1994.0,0.741222010848596,0.0,-6.4,-49.8,-6.866888523101807,-45.181129455566406
13.73,100.5,5.7392578,1998.0,-0.2135209154397959,0.0001509836292825,-8.59,-58.0,-5.622274875640869,-33.533424377441406
-6.18,106.83,5.1230469,1962.0,0.9760105506323683,4.3611853470792994e-05,-5.8,-36.0,-5.612570285797119,-33.442604064941406
14.64,121.04,42.933594,2003.0,0.741222010848596,0.0,-7.91,-54.0,-5.173437595367432,-29.332984924316406
-15.85,-47.93,1012.8125,1970.0,0.9510565162951535,0.000181429204531,-3.92,-26.9,-5.561621189117432,-32.965797424316406
36.29166667,81.00833333,2226.875,1991.0,0.9721181966290613,0.0,-18.5,-136.9,-17.225793838500977,-131.94564819335938
47.4828,11.0622,716.1875,1982.0,0.2386727660059501,7.434313738485798e-05,-14.3,-105.9,-13.077116012573242,-97.1969985961914
-3.12,-60.02,49.394531,1984.0,-0.9634705485641486,0.0,-2.9,-12.0,-2.380941867828369,-3.1994400024414062
44.13333333,6.333333333,881.625,2014.0,0.741222010848596,0.0,-7.81,-55.6,-6.866888523101807,-45.181129455566406
38.00194982,-1.170837424,61.660156,2003.0,-0.2884824328806098,0.0,-9.52,-55.81,-5.709616184234619,-34.350807189941406
46.98141401,6.607999655,1046.0625,2020.0,-0.27195815753410524,0.00028180560912,-15.06,-108.24,-12.652528762817383,-93.6407241821289
4.05,114.81,27.053711,2007.0,0.9760105506323683,8.773800072958693e-05,-2.39,-7.92,-6.866888523101807,-45.181129455566406
45.32,-75.67,112.08594,2012.0,-0.970063921851507,1.102736950997496e-05,-9.91,-67.3,-9.66762924194336,-68.63968658447266
36.15,-5.35,1.5737915,1982.0,-0.680773409477016,0.0,-1.17,-4.3,-3.5285096168518066,-13.938941955566406
46.60305556,13.67138889,2148.125,1993.0,-0.680773409477016,1.588905433891341e-05,-7.16,-45.3,-8.543497085571289,-59.22412872314453
-27.43,153.08,5.7802734,1986.0,0.29671281927349075,0.0,-1.4,3.0,-3.5915894508361816,-14.529273986816406
18.47,-70.02,1.0,2002.0,-0.680773409477016,0.0,-2.05,-5.9,-3.210684299468994,-10.964576721191406
-34.05,115.0249,77.78125,2014.0,0.3777079652039649,7.70575297792675e-06,-5.14,-26.2,-3.598867893218994,-14.597389221191406
41.66056063,-1.004162565,244.98438,2021.0,-0.7236440382959123,0.0,-13.8,-97.6,-7.6070780754089355,-51.36799621582031
46.72738634,8.186782163,600.90625,2002.0,0.2386727660059501,6.434627721318975e-06,-11.98,-89.95,-13.072000503540039,-97.1541519165039
47.37233597,8.083138245,397.48438,2001.0,0.9760105506323683,5.2834289817838e-05,-9.67,-76.3,-10.204757690429688,-73.13858795166016
11.08305556,39.7175,1856.6875,2002.0,0.9760105506323683,0.0,0.71,23.08,-0.12219858169555664,17.938987731933594
36.78,3.052222222,139.10156,2004.0,0.6994583270516471,0.0,-4.85,-33.54,-5.133406162261963,-28.958351135253906
40.8203002,0.493333172,52.294922,2015.0,0.29671281927349075,0.0,-4.63,-27.2,-4.295172214508057,-21.113746643066406
37.30268,-2.90198,1735.125,2020.0,-0.23030567023061196,0.0,-7.72,-48.0,-4.83105993270874,-26.18696403503418
-75.58333333,-20.56666667,105.53516,1978.0,-0.9741004551724206,3.2193865680314787e-09,-22.26,-177.2,-21.15485954284668,-168.74459838867188
26.58333333,106.7166667,1077.9375,1988.0,-0.9634705485641486,0.0,-14.41,-103.7,-8.83314323425293,-73.2338638305664
32.70555556,36.57,1061.9375,1990.0,0.6994583270516471,8.439892553724349e-05,-6.87,-31.7,-4.270910739898682,-20.886695861816406
-27.17,-109.43,140.28906,2005.0,0.9510565162951535,2.7079717256128788e-05,-1.61,0.3,-3.5042481422424316,-13.711891174316406
4.83,-52.37,7.9216309,1974.0,-0.680773409477016,5.22315382056604e-08,-2.72,-11.1,-3.264059543609619,-11.464088439941406
9.966666667,-85.66666667,13.122559,1991.0,-0.2884824328806098,1.4638312677561773e-05,-5.53,-39.6,-4.122915744781494,-19.501686096191406
37.01,-7.96,0.0,1983.0,0.6994583270516471,0.0,-4.39,-19.0,-4.455297946929932,-22.612281799316406
4.05,114.81,27.053711,2008.0,-0.8359254794186365,0.0002889515890274,-6.4,-34.09,-8.084007263183594,-62.545875549316406
64.13,-21.93,12.141602,1974.0,0.6994583270516471,8.424452971667051e-05,-7.58,-58.1,-8.514689445495605,-59.114498138427734
56.97,24.07,4.2321777,1981.0,-0.9741004551724206,1.505752493358159e-06,-12.2,-89.0,-8.948360443115234,-63.41065216064453
46.28916667,-63.11916667,35.291016,2019.0,0.9510565162951535,0.0,-10.32,-70.2,-9.565319061279297,-67.78275299072266
47.38333333,123.9166667,143.5,1991.0,-0.680773409477016,0.0,-10.21,-72.6,-10.514245986938477,-75.7308120727539
46.89,7.49,659.34375,2016.0,0.2386727660059501,6.278201180975884e-05,-12.67,-93.4,-12.586027145385742,-93.0837173461914
43.365884,-8.421399,56.794922,2010.0,-0.2135209154397959,0.0,-4.39,-28.75,-3.0869507789611816,-9.806617736816406
47.98,-55.82,119.36328,2003.0,-0.2884824328806098,0.0,-13.58,-94.9,-9.114295959472656,-77.2450942993164
38.79273611,-9.105733333,36.355469,2002.0,-0.38566340624360745,8.060920663410798e-05,-6.93,-42.9,-4.246649265289307,-20.659645080566406
6.166666667,102.2833333,3.2288818,1980.0,0.2802306751992159,7.627704326296225e-05,-7.01,-42.9,-5.3687424659729,-31.160743713378906
45.80666667,15.97,120.36328,1995.0,0.2386727660059501,0.0,-11.9,-85.5,-11.897991180419922,-87.32083892822266
48.24861111,16.35638889,200.63281,2001.0,0.741222010848596,2.217527617176529e-05,-6.55,-48.6,-7.251830577850342,-48.40534210205078
-34.05,115.0249,77.78125,2013.0,-0.5234156073655503,2.9240749427117407e-05,-4.73,-19.6,-3.2422242164611816,-11.259742736816406
34.71666667,10.68333333,23.232422,2013.0,0.2386727660059501,0.0,-4.94,-26.9,-5.351759433746338,-31.001808166503906
41.64083945,-4.754446679,735.625,2003.0,-0.9587178169872964,0.0,-8.8,-65.47,-6.465057849884033,-41.42060089111328
46.17378583,8.788556051,407.5,2014.0,0.2386727660059501,0.0001004617079161,-16.27,-121.9,-11.19205093383789,-81.40799713134766
4.7,-74.13,2551.125,2000.0,0.2386727660059501,0.0001728398929117,-2.65,-3.75,-4.780849456787109,-39.99229431152344
32.2361,-110.9439,753.21875,2012.0,-0.27195815753410524,0.0,-8.083331399,-46.67346939,-6.866888523101807,-45.181129455566406
25.62,88.66,39.710938,2020.0,0.2802306751992159,0.0,-4.51,-29.2,-3.9263978004455566,-17.662574768066406
51.6,-1.1,55.042969,1989.0,0.29671281927349075,1.776852695911657e-05,-5.7,-42.0,-6.3167595863342285,-40.032752990722656
-0.411,32.526,1192.1875,2004.0,0.9562348265919056,6.230133294593543e-05,3.53,41.4,-2.618704319000244,-5.424537658691406
-34.05,115.0249,77.78125,2012.0,0.29671281927349075,5.784504901384935e-05,-6.08,-29.2,-3.681356906890869,-15.369361877441406
48.8281,9.2,313.79688,1994.0,0.2386727660059501,0.0,-10.08,-71.2,-10.227777481079102,-73.3313980102539
42.5859,10.07945,19.258789,2016.0,0.2802306751992159,0.0003117993765044,-4.99,-32.5,-4.488050937652588,-22.918800354003906
48.24861111,16.35638889,200.63281,1972.0,-0.970063921851507,0.0,-13.23,-91.8,-9.155207633972168,-64.40286254882812
-0.13,-67.08,58.835938,1979.0,0.6994583270516471,0.0,-1.16,4.6,-5.72781229019165,-34.521095275878906
-23.8,133.88,544.75,1974.0,0.6994583270516471,3.01412751468888e-06,-8.76,-57.0,-4.66030740737915,-24.530860900878906
-8.587013889,-38.57735833,323.625,1975.0,0.29671281927349075,3.6481906136032194e-06,0.3,16.0,-2.6550965309143066,-5.765113830566406
22.74527778,88.49583333,8.7597656,2004.0,-0.9483615800121716,0.0,-7.88,-52.09,-7.018801689147949,-47.348487854003906
45.8,28.2,40.330078,2012.0,-0.23030567023061196,0.0,-3.4,-21.31,-6.5997090339660645,-42.68073272705078
51.93,-10.25,33.068359,1996.0,-0.6932812268869771,3.3863514090626268e-06,-6.09,-41.2,-5.006033420562744,-27.766334533691406
-0.331666667,31.76111111,1281.8125,2017.0,-0.2884824328806098,5.932740168645978e-05,0.1,18.0,-1.5002503395080566,5.042503356933594
47.81666667,13.71777778,1616.0625,2021.0,-0.8311706263658079,5.0922830268973485e-05,-14.913,-108.75,-10.752117156982422,-77.72318267822266
48.8281,9.2,313.79688,1975.0,0.29671281927349075,0.0,-8.13,-53.1,-8.478273391723633,-58.677833557128906
22.31666667,114.1666667,34.056641,1986.0,-0.9587178169872964,0.0,-5.35,-33.8,-7.0246968269348145,-47.432594299316406
-5.333333333,-49.13472222,76.5,1989.0,0.9992500112396835,0.0001029202758218,-7.14,-49.8,-6.2633843421936035,-39.533241271972656
0.05,32.45,1135.4375,2003.0,0.2386727660059501,0.0,0.18,15.7,-1.2430787086486816,7.449241638183594
9.0,38.73,2329.125,2016.0,0.2386727660059501,0.0,0.42,18.0,-0.6462464332580566,13.034690856933594
48.8281,9.2,313.79688,2013.0,0.9760105506323683,1.2338590750005096e-05,-9.55,-64.39,-9.37348747253418,-66.1760025024414
33.46555556,126.9333333,5.9509277,1996.0,-0.9995462806873573,5.138941924087703e-05,-5.0,-24.0,-5.901888370513916,-36.150184631347656
-12.43,130.87,16.515625,1997.0,-0.7236440382959123,4.505091419559904e-05,-0.28,9.8,-3.4654297828674316,-13.348609924316406
24.9,67.13,23.870117,1964.0,-0.6932812268869771,0.0,-6.2,-41.0,-3.734732151031494,-15.868873596191406
36.03,129.38,4.7189941,1962.0,-0.7236440382959123,0.0,-7.32,-42.0,-6.6078972816467285,-42.757362365722656
40.41666667,-7.55,1295.4375,1992.0,0.2802306751992159,0.0001251290377695,-6.45,-36.4,-4.860464572906494,-26.404029846191406
-19.54333333,-68.60416667,3823.75,1986.0,0.9510565162951535,0.0,-19.0,-139.0,-9.540559768676758,-83.3266372680664
-27.43,153.08,5.7802734,2004.0,-0.23030567023061196,0.0,-0.91,4.9,-2.740011692047119,-6.559791564941406
53.7122,7.1519,8.8525391,2002.0,-0.680773409477016,1.5799543689354323e-05,-8.61,-58.43,-6.853146553039551,-45.052528381347656
42.025,35.15833333,61.443359,2021.0,-0.2884824328806098,6.821872830187203e-06,-11.49,-72.8,-10.498899459838867,-75.6022720336914
4.65325,-74.09894167,2552.75,1999.0,-0.9741004551724206,0.0,-11.81,-81.5,-8.838584899902344,-73.3115005493164
64.13,-21.93,12.141602,1998.0,-0.7236440382959123,0.0001188107853522,-10.86,-82.9,-9.436153411865234,-66.70087432861328
-35.07,173.28,71.449219,1963.0,0.6994583270516471,0.0,-3.3,-15.5,-4.833776950836182,-26.154273986816406
41.65,41.63333333,9.3139648,1982.0,0.9760105506323683,9.198191037285142e-06,-8.0,-53.0,-8.858100891113281,-61.85919952392578
-37.82,144.97,6.1674805,2007.0,0.29671281927349075,5.074152795714326e-05,-5.39,-28.4,-4.973280429840088,-27.459815979003906
46.72738634,8.186782163,600.90625,2010.0,0.6994583270516471,4.020234337076545e-05,-12.56,-89.79636059,-13.471010208129883,-100.4961929321289
51.01666667,-114.0166667,1033.25,1995.0,0.9760105506323683,0.0,-20.0,-155.5,-19.348730087280273,-149.72702026367188
-0.37,-78.55,3064.0,2015.0,0.9760105506323683,3.3969747164519504e-05,-16.35,-119.5,-10.026681900024414,-90.2621841430664
30.27,35.58,1330.375,2017.0,0.9760105506323683,0.0,-1.32,9.2,-3.4120545387268066,-12.849098205566406
12.37861111,-1.503111111,292.625,2017.0,-0.9587178169872964,0.0,-3.57,-22.1,-4.763418674468994,-25.495826721191406
44.73805556,-0.774722222,59.488281,2013.0,0.29671281927349075,1.5972093024174683e-05,-7.45,-43.84,-4.775549411773682,-25.609352111816406
44.73805556,-0.774722222,59.488281,2010.0,-0.9587178169872964,0.0,-4.113865942,-25.37386183,-5.013311862945557,-27.834449768066406
46.49143367,9.898180888,1767.6875,2001.0,0.29671281927349075,0.0,-7.83,-55.5,-12.284212112426758,-90.5557632446289
47.833185,1.940433,113.78516,1999.0,0.9510565162951535,7.42049451218918e-06,-8.5,-55.8,-7.949458122253418,-54.248558044433594
-3.823991667,-73.377425,90.707031,2007.0,-0.680773409477016,0.0,-1.06,6.62,-3.982199192047119,-18.184791564941406
53.8713,8.7058,4.7202148,2004.0,-0.6932812268869771,0.0001027808175422,-7.13,-49.55,-7.149360656738281,-47.54706954956055
55.67,12.3,26.070312,1966.0,-0.9587178169872964,0.0,-6.33,-42.8,-7.1570940017700195,-47.506500244140625
40.41195035,-3.67806112,671.09375,1989.0,0.6994583270516471,0.0,-13.88,-104.5,-6.856075286865234,-45.079933166503906
33.21722222,-87.54305556,64.535156,2006.0,0.994217906893952,0.0,-1.0,10.0,-3.4169068336486816,-12.894508361816406
48.24861111,16.35638889,200.63281,1972.0,0.7295575540864875,0.0002467398007865,-7.08,-54.6,-8.281326293945312,-57.028236389160156
22.06538333,-80.48231667,32.125,2021.0,-0.680773409477016,0.0002160516451112,-6.38,-41.4,-3.0675415992736816,-9.624977111816406
38.28,21.79,113.0625,2007.0,0.29671281927349075,2.3558202883577906e-05,-2.84,-14.79,-4.452871799468994,-22.589576721191406
38.28,21.79,113.0625,2011.0,0.2386727660059501,0.0,-7.349465962,-42.50736912,-6.2245659828186035,-39.169960021972656
47.4,28.49166667,94.726562,2020.0,0.6994583270516471,0.0,-13.45,-103.0,-12.192132949829102,-89.7845230102539
-25.73,28.18,1326.75,1969.0,0.2386727660059501,0.0,-1.55,-8.5,-3.579458713531494,-14.415748596191406
22.7,90.36,5.9089355,2019.0,-0.7236440382959123,0.0,-8.25,-53.0,-6.725413799285889,-43.857139587402344
51.18,8.4889,841.375,2004.0,-0.7116566222817751,0.0002049222966888,-8.83,-57.2,-10.002695083618164,-71.4461441040039
46.22030867,7.33848445,481.70312,1994.0,-0.7236440382959123,0.0,-11.61,-85.2,-12.933881759643555,-95.9972915649414
35.68,139.77,22.099609,1966.0,-0.2135209154397959,3.262929021730088e-05,-9.7,-74.6,-7.084781646728516,-48.289833068847656
-36.62,-64.29,175.35938,2020.0,0.2802306751992159,1.464347860746784e-05,-10.32,-74.2,-5.559195041656494,-32.943092346191406
36.83,10.23,0.0,2005.0,0.6994583270516471,0.0,-5.75,-28.01,-5.105505466461182,-28.697242736816406
0.512102778,25.20643889,414.57812,2021.0,0.2386727660059501,0.0,0.33,19.5,-0.13675546646118164,17.802757263183594
37.13333333,79.93333333,1348.75,1991.0,0.29671281927349075,0.0,-2.99,-12.9,-4.025869846343994,-18.593482971191406
30.51176389,47.81508333,3.553833,2013.0,-0.8758917051442433,0.0,-4.92,-21.3,-3.317434787750244,-11.963600158691406
0.05,32.45,1135.4375,2018.0,-0.9587178169872964,0.0,-1.43,-0.9,-1.8059449195861816,2.1816635131835938
50.8325,15.14777778,828.84375,2019.0,-0.680773409477016,0.0,-6.69,-45.5,-7.090851783752441,-47.057010650634766
51.93,-10.25,33.068359,1979.0,0.741222010848596,0.0001248574844794,-4.96,-31.3,-5.606504917144775,-33.385841369628906
31.2,35.75,989.09375,1967.0,0.9510565162951535,0.0,1.25,6.8,-4.139898777008057,-19.660621643066406
-31.95,115.97,20.375,2012.0,-0.23030567023061196,7.829416426829994e-05,-3.78,-14.4,-3.1645874977111816,-10.533180236816406
37.97,23.72,100.17578,2009.0,0.9760105506323683,0.0,-5.77,-39.43,-4.968428134918213,-27.414405822753906
41.64083945,-4.754446679,735.625,2014.0,0.6994583270516471,0.0,-7.06,-47.1,-8.726375579833984,-60.755897521972656
53.8713,8.7058,4.7202148,1982.0,-0.7236440382959123,4.624570647138171e-05,-7.82,-54.0,-7.941784858703613,-54.184288024902344
35.33,25.18,55.933594,1974.0,0.6994583270516471,2.895913530664984e-05,-4.4,-16.5,-5.268057346343994,-30.218482971191406
45.46666667,13.61666667,0.5645752,2006.0,0.2386727660059501,0.0001516764605185,-11.54,-82.33,-9.04277515411377,-66.6412124633789
6.166666667,102.2833333,3.2288818,2016.0,0.2386727660059501,0.0002289315889356,-2.79,-11.8,-5.71386194229126,-34.390541076660156
51.83,6.25,9.5,1991.0,0.9760105506323683,7.891499990364537e-05,-7.92,-55.9,-7.678447723388672,-53.52943420410156
-27.43,153.08,5.7802734,1966.0,0.29671281927349075,0.0,-10.3,-58.0,-3.754141330718994,-16.050514221191406
49.7478,6.6581,259.26562,1987.0,-0.2884824328806098,7.662429561605677e-05,-5.42,-42.3,-10.125467300415039,-72.4744644165039
-23.8,133.88,544.75,2007.0,0.2386727660059501,0.0,-11.26,-78.9,-4.814367771148682,-25.972633361816406
47.8008,11.0108,974.96875,1980.0,0.2802306751992159,2.5382063540746454e-05,-9.24,-61.0,-10.207315444946289,-73.1600112915039
-34.05,115.0249,77.78125,2011.0,-0.455906693508459,1.6014911352613126e-06,-4.95,-26.9,-3.2616333961486816,-11.441383361816406
41.78,-87.75,186.0,1965.0,-0.680773409477016,0.0001204368236358,-6.0,-36.0,-5.304449558258057,-30.559059143066406
-18.35361,-67.11556,3693.875,2010.0,-0.9741004551724206,0.0,-5.81,-24.4,-6.866888523101807,-45.181129455566406
10.30944444,-84.8075,1486.125,2004.0,0.21352091543979612,0.0,-11.8,-88.0,2.5668883323669434,4.881439208984375
-34.23583333,142.0866667,49.828125,2009.0,0.9760105506323683,0.0,-4.44,-23.8,-4.251501560211182,-20.705055236816406
19.32622222,-99.17605556,2276.625,2014.0,0.9721181966290613,0.0,-4.32,-25.0,-3.414987564086914,-13.114978790283203
23.03,72.55,52.095703,2007.0,-0.9033558023246842,0.0,-2.2,-8.3,-4.694273471832275,-24.848731994628906
41.78,-87.75,186.0,1966.0,-0.2884824328806098,0.0,-9.6,-55.1,-9.342874526977539,-87.0680923461914
48.24861111,16.35638889,200.63281,2016.0,-0.7116566222817751,0.0001713906967779,-12.08,-85.6,-11.35574722290039,-82.77909088134766
50.06166667,19.84861111,356.8125,1995.0,0.6994583270516471,1.5924730178085156e-05,-11.59,-87.3,-12.437677383422852,-91.8411636352539
46.60305556,13.67138889,2148.125,1973.0,-0.9741004551724206,1.2481549674703274e-05,-7.49,-48.3,-10.232892990112305,-73.3742446899414
36.72,3.18,19.595703,2002.0,-0.5808002734538013,0.0,-8.45,-52.0,-4.38857889175415,-21.987892150878906
48.24861111,16.35638889,200.63281,1992.0,-0.23030567023061196,3.918867150787264e-05,-10.36,-75.9,-6.546637058258057,-42.184059143066406
49.0422,12.1019,370.21875,1999.0,-0.2884824328806098,0.0,-12.26,-95.3,-11.662677764892578,-85.34989166259766
43.73238889,7.423583333,8.8959961,2018.0,0.2386727660059501,0.0,-5.8,-35.6,-6.753238677978516,-44.11753845214844
5.383333333,103.1,10.330566,2013.0,-0.2135209154397959,1.2912837519252209e-05,-5.49,-33.1,-6.420780658721924,-41.00623321533203
46.095,14.597,283.89062,1985.0,0.2386727660059501,5.814489668409806e-06,-13.78,-110.0,-12.857149124145508,-95.3545913696289
19.28,166.65,4.0,1962.0,0.741222010848596,0.0001033957814797,-0.5,-1.9,-1.9879059791564941,0.47878265380859375
33.46555556,126.9333333,5.9509277,1996.0,-0.42500033996955394,1.5219600754790008e-05,-2.5,-14.0,-5.314154148101807,-30.649879455566406
44.42,8.85,5.4519043,1986.0,-0.7236440382959123,0.0,-5.44,-29.3,-6.236696720123291,-39.283485412597656
54.0967,13.4056,1.5458374,2005.0,-0.680773409477016,0.0,-7.36,-53.8,-7.498333930969238,-50.47001647949219
39.95,32.88,920.125,2001.0,0.8359254794186372,0.0,-4.98,-22.28,-9.266061782836914,-65.2762222290039
38.66038889,-27.22009444,77.109375,1990.0,-0.680773409477016,1.4058239685255105e-05,-4.08,-30.5,-3.0190186500549316,-9.170875549316406
2.916666667,11.15833333,573.625,1994.0,-0.9911140639934546,8.206731581594795e-05,-8.78,-58.2,-5.612570285797119,-33.442604064941406
-65.07944444,-63.9775,286.6875,2010.0,-0.2135209154397959,6.318506267335648e-06,-13.03,-100.5,-9.368240356445312,-80.8681411743164
-34.05,115.0249,77.78125,2008.0,-0.9760105506323682,1.9978813725174405e-05,-2.22,-3.1,-2.9704957008361816,-8.716773986816406
-13.0,28.65,1260.6875,1984.0,0.2386727660059501,7.443592767231166e-05,-6.37,-37.2,-5.166159152984619,-29.264869689941406
48.18427778,16.389575,201.11719,2002.0,0.6744436188329455,0.0,-8.04,-56.6,-11.212512969970703,-81.57938385009766
47.4828,11.0622,716.1875,1987.0,0.9760105506323683,0.0001468913251301,-11.44,-85.2,-12.657644271850586,-93.6835708618164
4.83,-52.37,7.9216309,1975.0,-0.680773409477016,0.0001364662311971,-2.92,-11.8,-3.3441224098205566,-12.213356018066406
0.512102778,25.20643889,414.57812,2019.0,-0.9741004551724206,0.0,-8.18,-55.4,-2.9219727516174316,-8.262672424316406
47.8008,11.0108,974.96875,1997.0,-0.2884824328806098,0.0,-17.51,-132.36,-12.46837043762207,-92.0982437133789
46.57248471,8.332719621,1924.0,2003.0,-0.2884824328806098,1.341630832030205e-05,-14.14,-91.92,-15.844606399536133,-120.3770523071289
53.23,6.55,7.7121582,1989.0,-0.9587178169872964,1.6376545318053104e-05,-5.46,-37.9,-6.512670993804932,-41.866188049316406
52.141,-106.6244,507.71875,2008.0,-0.9634705485641486,7.216945959953591e-05,-14.01,-110.6,-14.913583755493164,-112.5789566040039
-27.17,-109.43,140.28906,2006.0,-0.2135209154397959,1.54059653141303e-05,-0.35,3.9,-3.128195285797119,-10.192604064941406
-1.5075,-77.94388889,958.9375,2015.0,0.2386727660059501,2.579518150014337e-05,-5.13,-33.8,-3.773550510406494,-16.232154846191406
53.23,6.55,7.7121582,1986.0,0.741222010848596,1.6288979622913755e-06,-4.75,-32.6,-6.866888523101807,-45.181129455566406
58.75,-94.06,16.645508,1989.0,0.29671281927349075,9.562406376062428e-06,-11.69,-91.5,-15.113088607788086,-114.2499771118164
46.22030867,7.33848445,481.70312,1994.0,-0.2884824328806098,4.382805400382495e-06,-17.73,-138.3,-13.266389846801758,-98.7823257446289
22.31666667,114.1666667,34.056641,2002.0,0.2386727660059501,0.0,-3.015,-9.4,-3.2034058570861816,-10.896461486816406
-1.5075,-77.94388889,958.9375,2016.0,-0.970063921851507,0.0001952774473465,-6.45,-37.8,-4.142324924468994,-19.683326721191406
52.8,5.05,-4.4990234,2005.0,0.09453674981719912,0.0,-5.95,-37.78,-6.6966023445129395,-43.470245361328125
49.7703,9.9578,265.90625,1986.0,0.2386727660059501,1.2888372111774515e-05,-9.62,-73.7,-10.47076416015625,-75.36661529541016
24.9,67.13,23.870117,1962.0,-0.2884824328806098,0.0,1.5,22.3,-1.2285218238830566,7.585472106933594
7.334444444,80.62638889,475.8125,2017.0,-0.680773409477016,0.0004520275106187,-1.95,-4.8,-3.225241184234619,-11.100807189941406
52.4672,13.4019,47.5625,2008.0,0.7295575540864875,0.0,-6.74,-49.1,-7.643167018890381,-51.68311309814453
36.88,30.7,0.0,2002.0,-0.7236440382959123,0.0,-1.22,-6.6,-5.026655673980713,-27.959327697753906
46.57248471,8.332719621,1924.0,2008.0,-0.970063921851507,0.0,-14.16,-98.33,-12.105169296264648,-89.0561294555664
41.9,12.5,59.011719,2001.0,0.8587639582758029,8.884169801604003e-05,-4.74,-22.94,-5.670797824859619,-33.987525939941406
15.6,32.55,385.92188,1965.0,-0.2135209154397959,0.0,0.7,-0.1,-1.3401246070861816,6.541038513183594
47.47051111,21.49041944,105.30859,2008.0,0.9886775902323405,8.840095688356087e-06,-4.58,-43.89,-9.539741516113281,-67.56851959228516
-31.95,115.97,20.375,2009.0,0.29671281927349075,2.8827207643189467e-05,-4.17,-15.8,-3.239798069000244,-11.237037658691406
21.44,91.99,9.9770508,2015.0,-0.9741004551724206,4.214447835693136e-05,-8.53,-56.4,-7.698102951049805,-57.040138244628906
46.60305556,13.67138889,2148.125,1977.0,0.9760105506323683,0.0,-11.51,-83.2,-11.634542465209961,-85.1142349243164
31.85,36.81666667,510.6875,1990.0,0.2386727660059501,3.991246558143757e-05,-6.84,-40.2,-5.094587802886963,-28.595069885253906
49.0975,19.59,572.9375,1994.0,-0.7236440382959123,2.0647654309868813e-05,-10.25,-73.2,-12.007974624633789,-88.2420425415039
-1.56909,29.27818,1991.0,2014.0,-0.9741004551724206,0.0,-2.684,-5.32,-2.4561524391174316,-3.9032974243164062
51.01666667,-114.0166667,1033.25,1998.0,0.9760105506323683,0.0,-17.2,-141.1,-19.348730087280273,-149.72702026367188
64.13,-21.93,12.141602,2012.0,0.9721181966290613,0.0,-6.09,-45.0,-8.370217323303223,-58.64301300048828
13.73,100.5,5.7392578,2001.0,-0.2135209154397959,7.726059993728995e-05,-3.04,-15.0,-5.560408115386963,-32.954444885253906
48.545,13.3528,478.40625,2003.0,0.741222010848596,9.8381657153368e-05,-5.98,-36.7,-8.226335525512695,-56.56763458251953
-33.45,-70.7,507.65625,1999.0,0.9760105506323683,0.0,-10.22,-79.1,-6.360733509063721,-40.44428253173828
43.365884,-8.421399,56.794922,2020.0,0.2802306751992159,1.3736697610511328e-06,-2.21,-12.3,-4.519590854644775,-23.213966369628906
49.7478,6.6581,259.26562,1989.0,0.29671281927349075,0.0,-6.27,-41.7,-6.9910197257995605,-46.22083282470703
17.03333333,54.11666667,14.982422,1988.0,-0.5737722679043243,0.0,-0.16,7.2,-0.9664978981018066,10.037620544433594
36.34064444,43.12988333,231.57812,2011.0,-0.4635502709028512,0.0,-6.08,-35.75,-4.115637302398682,-19.433570861816406
52.1042,8.7519,134.42188,2002.0,-0.680773409477016,0.0001275579270441,-7.26,-49.45,-6.77060079574585,-44.28002166748047
4.05,114.81,27.053711,2009.0,0.9966589017541702,8.920121763367206e-05,-7.3,-46.1,-6.866888523101807,-45.181129455566406
46.37222222,6.470833333,387.75,2021.0,0.741222010848596,7.326635386561975e-05,-7.17,-56.3,-7.008444309234619,-46.36677551269531
50.06166667,19.84861111,356.8125,1998.0,-0.9741004551724206,0.0,-10.59,-75.0,-9.100592613220215,-64.52776336669922
50.3381,7.6,86.441406,1986.0,-0.680773409477016,0.0,-5.07,-38.0,-6.741107940673828,-44.00401306152344
-34.05,115.0249,77.78125,2009.0,-0.2967128192734901,0.000117325449537,-4.98,-24.4,-3.3780884742736816,-12.531227111816406
47.59583333,7.594444444,248.26562,1990.0,0.741222010848596,8.38015039335005e-05,-4.32,-30.3,-6.866888523101807,-45.181129455566406
7.0,-73.08333333,1079.75,2004.0,-0.7116566222817751,5.584309110417962e-05,-8.11,-51.15,-6.442430019378662,-43.385780334472656
-31.95,115.97,20.375,1975.0,0.29671281927349075,5.098480323795229e-05,-4.76,-20.6,-3.773550510406494,-16.232154846191406
58.01,56.18,103.00391,1981.0,0.741222010848596,1.4989646842877846e-05,-7.6,-49.0,-10.179180145263672,-72.92435455322266
16.73,-169.52,0.0,1963.0,-0.9587178169872964,5.3589101298712194e-05,-1.1,-6.2,-3.225241184234619,-11.100807189941406
49.0975,19.59,572.9375,1995.0,0.741222010848596,0.0,-9.36,-69.6,-9.30954360961914,-65.64041900634766
-17.83,31.02,1473.25,1990.0,0.6994583270516471,0.0001445453526685,-6.06,-33.1,-5.619848728179932,-33.510719299316406
78.91666667,11.93333333,38.650391,2015.0,-0.680773409477016,0.0,-8.65,-65.8,-11.424806594848633,-83.3575210571289
72.58,-38.4799,3202.0,2012.0,0.6084768701151261,3.856537659885362e-05,-37.17039913,-291.2668059,-32.40351104736328,-259.0717468261719
39.95,32.88,920.125,1988.0,0.6994583270516471,0.0,-13.07,-87.1,-10.122909545898438,-72.45304107666016
33.86666667,35.56666667,226.0625,2002.0,0.9995462806873573,0.0,-4.56,-20.7,-4.54385232925415,-23.441017150878906
52.98,158.65,0.0,1998.0,0.741222010848596,6.344884241116233e-06,-16.1,-121.9,-12.151208877563477,-89.4417495727539
5.383333333,103.1,10.330566,2013.0,-0.680773409477016,3.989302058471367e-05,-6.48,-43.8,-5.642897129058838,-33.726417541503906
37.53,121.4,27.091797,1988.0,-0.9634705485641486,0.0,-6.52,-50.6,-6.866888523101807,-45.181129455566406
32.63333333,-16.9,0.0,1991.0,0.9510565162951535,0.0,-3.15,-5.3,-3.4654297828674316,-13.348609924316406
22.31666667,114.1666667,34.056641,1990.0,-0.2135209154397959,0.0002101998397847,-7.5,-51.4,-7.1550703048706055,-49.292640686035156
7.02,125.23,1213.5625,1994.0,0.9760105506323683,7.187794835772365e-05,-7.7,-31.6,-5.018164157867432,-27.879859924316406
14.08,-3.52,294.57812,2017.0,-0.9587178169872964,0.0,-7.41,-46.3,-4.185995578765869,-20.092018127441406
39.95,32.88,920.125,1974.0,-0.680773409477016,1.4248507755609818e-11,-5.49,-29.7,-5.282614231109619,-30.354713439941406
4.05,114.81,27.053711,2006.0,-0.9175836260593934,0.0001007436512736,-7.54,-46.01,-7.881759166717529,-59.660377502441406
46.64833333,14.31833333,448.71875,1987.0,0.9760105506323683,4.070879731443711e-05,-10.03,-78.3,-11.849393844604492,-86.9137954711914
26.27,50.62,2.3325195,1971.0,0.6994583270516471,3.35779213855858e-06,-1.15,-2.5,-1.1217713356018066,8.584495544433594
53.93,27.63,218.125,1981.0,-0.9741004551724206,0.0,-12.5,-104.0,-9.703437805175781,-68.93961334228516
-65.07944444,-63.9775,286.6875,2007.0,-0.680773409477016,2.2604695004702085e-07,-9.53,-75.05,-9.32107925415039,-80.1952896118164
52.141,-106.6244,507.71875,2006.0,0.741222010848596,6.597131869057193e-05,-15.5,-136.0,-13.675630569458008,-102.2100601196289
-33.11011944,-64.24918333,408.09375,2017.0,0.9760105506323683,0.0,-10.15,-65.1,-6.362553119659424,-40.46131134033203
-21.50303,-64.17048,1258.6875,2010.0,-0.9587178169872964,0.0,1.47,38.0,-2.817648410797119,-7.286354064941406
49.1823,-119.559,334.40625,2008.0,-0.7412220108485957,0.0,-11.88,-91.45,-15.261438369750977,-115.4925308227539
42.58834633,-5.651107617,911.78125,2021.0,-0.9741004551724206,1.2423578482412267e-05,-9.92,-72.3,-8.617671966552734,-59.84540557861328
43.73238889,7.423583333,8.8959961,2002.0,-0.7236440382959123,9.917327588482294e-06,-6.13,-42.4,-6.267933368682861,-39.57581329345703
19.72,-155.07,7.4401855,1967.0,0.6994583270516471,0.0002747205435298,-1.79,-4.5,-3.021444797515869,-9.193580627441406
14.64,121.04,42.933594,2017.0,0.9510565162951535,0.0,-1.51,-4.0,-4.295172214508057,-21.113746643066406
4.7,-74.13,2551.125,1975.0,-0.2884824328806098,0.0,-11.32,-81.7,-7.165132999420166,-50.59882354736328
51.35,12.43,125.46484,2012.0,0.9562348265919056,0.000101367746538,-8.56,-59.9,-9.042259216308594,-63.40167999267578
53.93,27.63,218.125,1983.0,0.2386727660059501,1.2180217709101273e-05,-14.5,-88.0,-13.363584518432617,-99.5964126586914
47.07777778,15.44888889,370.03125,1993.0,0.6994583270516471,0.0,-12.4,-95.0,-12.381406784057617,-91.3698501586914
-40.68,144.69,82.167969,1983.0,-0.9587178169872964,2.740753416219377e-06,-4.45,-23.6,-3.914267063140869,-17.549049377441406
-33.56237778,-62.88506389,123.51562,2014.0,-0.2135209154397959,0.0,-3.22,-11.3,-4.779188632965088,-25.643409729003906
44.13333333,6.333333333,881.625,2002.0,0.9760105506323683,0.0,-11.8,-83.8,-8.402820587158203,-58.04584503173828
51.93,-10.25,33.068359,1993.0,0.9510565162951535,0.0,-4.51,-27.6,-5.746614933013916,-34.697059631347656
46.60305556,13.67138889,2148.125,2002.0,-0.7583058084785625,3.155249578412622e-05,-4.73,-23.9,-9.29163932800293,-65.4904556274414
51.6,-1.1,55.042969,1983.0,-0.680773409477016,1.2669082934735345e-05,-5.4,-38.0,-6.015310764312744,-37.211647033691406
-13.0,28.65,1260.6875,2014.0,-0.7236440382959123,0.0003121608169749,-1.33,0.7,-5.5628342628479,-32.977149963378906
46.05,-74.28,363.76562,1979.0,0.9510565162951535,0.0,-10.6,-63.0,-12.115400314331055,-89.1418228149414
22.31666667,114.1666667,34.056641,1986.0,-0.7236440382959123,0.0,-9.18,-64.8,-5.677469730377197,-34.049964904785156
52.1042,8.7519,134.42188,2007.0,0.9510565162951535,0.0,-8.58,-60.3,-8.612556457519531,-59.80255889892578
28.22,-177.37,0.0,1978.0,0.2386727660059501,3.699547596625053e-05,-1.26,-3.0,-3.3392701148986816,-12.167945861816406
64.13,-21.93,12.141602,2012.0,-0.6932812268869771,7.625494617968798e-05,-7.04,-52.5,-8.390031814575195,-57.93872833251953
36.03,129.38,4.7189941,1975.0,-0.9741004551724206,0.0,-8.03,-57.1,-6.674009799957275,-43.376075744628906
47.07777778,15.44888889,370.03125,2002.0,0.2386727660059501,0.0,-18.95,-140.5,-12.212594985961914,-89.9559097290039
-27.43,153.08,5.7802734,1987.0,0.6994583270516471,2.859358210116625e-05,-1.68,1.8,-3.1500306129455566,-10.396949768066406
28.31,-16.5,2339.5,2010.0,-0.9997685019798909,0.0,-4.99,-23.92,-9.225137710571289,-64.9334487915039
-36.62,-64.29,175.35938,2017.0,0.9760105506323683,0.0,-10.63,-68.8,-6.095980167388916,-37.966590881347656
-41.47,-72.93,43.574219,1999.0,-0.2135209154397959,0.0,-7.25,-49.4,-6.418961048126221,-40.98920440673828
35.89722222,39.34166667,251.73438,1992.0,0.6994583270516471,2.4767139620962556e-05,-7.59,-39.8,-5.607717990875244,-33.397193908691406
45.65,13.75,0.0,2003.0,0.9760105506323683,0.0,-8.09,-55.08,-6.454443454742432,-41.321266174316406
19.72,-155.07,7.4401855,1964.0,-0.23030567023061196,1.2697625606961084e-05,-1.3,-5.6,-2.6842103004455566,-6.037574768066406
46.98141401,6.607999655,1046.0625,1995.0,-0.680773409477016,0.0,-7.26,-49.5,-7.276449203491211,-48.611541748046875
-46.42,168.32,-0.90939331,1985.0,-0.9741004551724206,5.714210055884905e-05,-5.67,-36.9,-6.866888523101807,-45.181129455566406
-2.53,140.72,68.566406,1976.0,-0.27195815753410524,0.0,-6.59,-37.6,-5.83031702041626,-35.480384826660156
28.22,-177.37,0.0,1984.0,0.2802306751992159,0.0,-2.93,-4.7,-3.3150086402893066,-11.940895080566406
0.453055556,33.195,1174.25,2013.0,0.6994583270516471,2.3564287403132766e-05,2.69,31.55,-2.0291504859924316,0.09279632568359375
-27.17,-109.43,140.28906,2002.0,0.741222010848596,0.0003776052617467,-7.2,-50.3,-3.613424777984619,-14.733619689941406
-20.47,-54.67,554.875,1990.0,-0.9995462806873573,0.0,-3.63,-9.5,-1.8884339332580566,1.4096908569335938
36.83,10.23,0.0,1975.0,-0.2884824328806098,0.0,-4.32,-18.3,-5.276548862457275,-30.297950744628906
46.60305556,13.67138889,2148.125,1993.0,-0.2884824328806098,0.0003735740901902,-11.74,-83.9,-14.217874526977539,-106.7518081665039
8.116666667,80.46666667,114.40234,1994.0,0.9760105506323683,0.0,-5.4,-35.0,-4.290319919586182,-21.068336486816406
45.32,-75.67,112.08594,2002.0,0.2386727660059501,7.6609845564235e-05,-18.5,-133.2,-14.589693069458008,-108.4821548461914
1.98,-157.46,0.0,1962.0,-0.7236440382959123,0.0,-1.4,-6.9,-2.8200745582580566,-7.309059143066406
9.357072,-75.289167,200.4375,2015.0,-0.680773409477016,5.84935987717472e-05,-4.4,-30.2,-6.080816745758057,-37.824684143066406
48.65,-123.43,15.649902,1980.0,0.9562348265919056,0.0,-8.7,-74.0,-9.754382133483887,-69.5760269165039
-12.43,130.87,16.515625,1983.0,-0.2884824328806098,5.252730989013799e-05,-1.94,-7.1,-5.124914646148682,-28.878883361816406
44.42,8.85,5.4519043,1982.0,0.9510565162951535,0.0,-4.69,-26.4,-5.6811089515686035,-34.084022521972656
52.1042,8.7519,134.42188,2010.0,-0.7236440382959123,0.0,-9.05,-63.71,-9.290361404418945,-65.47974395751953
-12.43,130.87,16.515625,1990.0,-0.2884824328806098,4.632456330000423e-05,-6.1,-39.8,-5.098227024078369,-28.629127502441406
33.27722222,44.38765833,39.535156,2017.0,0.8587639582758029,0.0,-0.25,14.19,-2.8491883277893066,-7.581520080566406
43.03916667,16.09055556,0.0,2001.0,0.29671281927349075,0.0,-4.75,-29.07,-4.8058762550354,-25.893165588378906
4.93,-52.32,5.0107422,2020.0,-0.27195815753410524,0.0001445867819711,-1.51,-8.5,-4.285467624664307,-21.022926330566406
-2.6,-44.23,60.449219,1989.0,-0.680773409477016,0.0,-1.45,0.0,-2.215963840484619,-1.6554946899414062
52.2914,10.4464,80.6875,1978.0,0.741222010848596,0.0001988105213968,-7.86,-55.3,-6.866888523101807,-45.181129455566406
-65.07944444,-63.9775,286.6875,2011.0,0.9760105506323683,3.2446819288991346e-07,-7.01,-51.26,-9.366434097290039,-81.8635482788086
-40.68,144.69,82.167969,2010.0,0.741222010848596,2.624753506097477e-05,-3.04,-10.9,-4.663946628570557,-24.564918518066406
49.0392,8.365,112.44141,2008.0,0.2802306751992159,0.0,-5.32,-32.95,-6.988381862640381,-46.19873809814453
53.8713,8.7058,4.7202148,2009.0,-0.9587178169872964,4.2676565499277785e-06,-4.39,-20.7,-6.672341823577881,-43.36046600341797
37.77,-25.65,137.14062,2004.0,-0.7116566222817751,7.351357635343447e-05,-3.51,-17.6,-3.661947727203369,-15.187721252441406
49.5971,11.0055,285.1875,2013.0,-0.9741004551724206,0.0,-8.87,-62.07,-8.364900588989258,-59.49010467529297
30.79,34.78,562.53125,1977.0,-0.38566340624360745,0.0,-1.36,4.4,-3.899710178375244,-17.412818908691406
43.91281944,4.888775,30.959961,2000.0,0.2802306751992159,0.0,-6.88,-43.8,-4.802237033843994,-25.859107971191406
49.7703,9.9578,265.90625,2004.0,-0.23030567023061196,2.680882789718453e-05,-5.39,-38.4,-6.413502216339111,-40.93811798095703
40.41195035,-3.67806112,671.09375,1989.0,0.29671281927349075,0.0,-3.54,-22.8,-5.129766941070557,-28.924293518066406
9.0,38.73,2329.125,2008.0,0.2802306751992159,0.0,-0.72,4.9,-0.6219849586486816,13.261741638183594
-20.47583333,57.63944444,58.746094,1994.0,0.29671281927349075,0.0,-0.72,11.2,-3.0772461891174316,-9.715797424316406
42.11666667,44.96666667,1107.4375,2013.0,-0.7236440382959123,1.2553596206998918e-05,-7.34,-47.6,-8.83380126953125,-61.655677795410156
43.91281944,4.888775,30.959961,2014.0,-0.7236440382959123,0.0,-7.5,-47.7,-6.358004093170166,-40.418739318847656
28.58,77.2,222.79688,1969.0,0.29671281927349075,0.0,3.83,27.1,-0.7287354469299316,12.262718200683594
36.62,127.46,80.589844,2013.0,0.9510565162951535,0.0,-5.24,-23.1,-5.9334282875061035,-36.445350646972656
0.05,32.45,1135.4375,1999.0,0.741222010848596,4.138159056310542e-05,-4.32,-20.5,-2.2863221168518066,-2.3139419555664062
47.42692898,9.400776879,758.46875,2012.0,-0.27195815753410524,1.9136401533614844e-05,-13.91,-99.8,-12.928766250610352,-95.9544448852539
47.37233597,8.083138245,397.48438,2003.0,0.9510565162951535,3.595980888349004e-05,-10.2,-74.63517389,-10.330087661743164,-74.1883316040039
32.55,35.85,570.125,1993.0,0.2386727660059501,0.0,-7.3,-33.0,-5.081243991851807,-28.470191955566406
-40.35,-9.88,37.345703,1971.0,0.9510565162951535,4.634671313397121e-06,-3.08,-16.0,-4.542639255523682,-23.429664611816406
65.11666667,57.1,53.808594,1982.0,-0.2884824328806098,0.0,-19.3,-148.0,-19.266881942749023,-149.04147338867188
51.116535,17.029468,118.94141,2009.0,0.9510565162951535,9.17378747544717e-06,-8.66,-58.8,-9.454057693481445,-66.85083770751953
-5.22,145.8,2.7424316,1981.0,-0.2884824328806098,3.70657944586128e-05,-11.3,-79.3,-5.947378635406494,-36.575904846191406
51.18,8.4889,841.375,2005.0,-0.9741004551724206,0.0003077912551816,-7.41,-47.3,-8.387474060058594,-57.91730499267578
42.025,35.15833333,61.443359,2016.0,-0.9634705485641486,0.0,-10.32,-63.7,-5.895823001861572,-36.093421936035156
20.77695,-156.2439,1970.0625,1997.0,-0.9175836260593934,2.8492931960499845e-06,-4.9,-26.0,-8.77070140838623,-55.47986602783203
46.60305556,13.67138889,2148.125,2002.0,0.8717063187093219,0.0,-1.68,-0.6,-9.199560165405273,-64.7192153930664
-51.7,-57.87,50.568359,1974.0,-0.7236440382959123,3.0144576157908887e-05,-6.35,-47.1,-6.796631813049316,-45.545326232910156
39.46666667,-6.333333333,410.0,2018.0,0.741222010848596,0.0,-3.86,-25.5,-4.655455112457275,-24.485450744628906
41.733333,43.516667,0.0,2014.0,-0.9587178169872964,0.0,-5.08,-21.9,-5.83031702041626,-35.480384826660156
-2.433333333,-54.71666667,57.433594,1989.0,-0.5012418134457756,0.0,-3.09,-8.0,-3.084524631500244,-9.783912658691406
34.72,113.65,108.5625,1985.0,-0.9587178169872964,0.0,-11.26,-82.1,-7.073927879333496,-45.85520935058594
22.31666667,114.1666667,34.056641,2012.0,-0.6932812268869771,5.992528895149008e-05,-7.36,-49.6,-8.124820709228516,-63.128150939941406
33.465,35.575,1032.9375,2004.0,0.9562348265919056,6.931729149073362e-05,-5.86,-30.14,-4.8641037940979,-26.438087463378906
22.31666667,114.1666667,34.056641,2012.0,0.9721181966290613,0.0,-4.4,-27.2,-3.356253147125244,-12.326881408691406
47.7,27.88333333,177.36719,2011.0,0.9760105506323683,0.0,-10.09001956,-68.93164828,-9.74947738647461,-69.32523345947266
36.55530278,126.635925,59.384766,2021.0,-0.2135209154397959,2.35848237934988e-05,-8.78,-62.9,-7.8164591789245605,-58.728736877441406
49.7478,6.6581,259.26562,1998.0,-0.9741004551724206,0.0002519904228392,-8.09,-49.7,-7.643550872802734,-53.488128662109375
22.7,90.36,5.9089355,2015.0,0.9510565162951535,6.056826896383427e-05,-1.18,8.2,-1.9248261451721191,1.0691146850585938
-16.63333333,-69.325,3949.375,2000.0,0.9562348265919056,0.0,-23.33,-171.5,-11.633787155151367,-113.1908950805664
51.93,-10.25,33.068359,1989.0,-0.2135209154397959,3.947791356040398e-06,-2.8,-16.5,-4.820433139801025,-26.029396057128906
-34.93,138.58,24.027344,2006.0,-0.9741004551724206,1.0143275176233146e-05,5.18,32.9,-3.4508728981018066,-13.212379455566406
51.83,6.25,9.5,1987.0,-0.7236440382959123,1.918586167448666e-05,-8.82,-62.0,-7.934111595153809,-54.120018005371094
51.1622,14.9506,238.80469,2012.0,0.9562348265919056,4.415593866724521e-05,-6.21,-45.4,-9.675302505493164,-68.7039566040039
31.99730278,34.81616111,44.347656,1985.0,0.9510565162951535,6.720938108628616e-05,-2.24,-14.0,-3.6546692848205566,-15.119606018066406
-25.73,28.18,1326.75,1967.0,0.6994583270516471,0.0,-5.68,-31.1,-3.739584445953369,-15.914283752441406
-2.53,140.72,68.566406,1974.0,-0.7236440382959123,1.1446612916188316e-05,-6.41,-40.0,-5.66533899307251,-33.936439514160156
50.92,5.78,111.17188,1982.0,0.9510565162951535,1.735244586598128e-05,-8.42,-55.9,-8.616392135620117,-59.834693908691406
47.81666667,13.71777778,1616.0625,2018.0,6.432490598706546e-16,1.4470957466983236e-05,-11.599,-83.61,-10.918371200561523,-79.1156997680664
-7.315277778,72.42805556,2.3126221,1998.0,0.2386727660059501,7.040103810140863e-05,-3.5,-16.7,-4.380087375640869,-21.908424377441406
-33.94638889,151.1730556,3.6643066,2010.0,0.9760105506323683,9.293015318689868e-05,-3.33,-5.8,-4.372808933258057,-21.840309143066406
50.92,5.78,111.17188,2005.0,0.09453674981719912,0.0001229192130267,-6.25,-41.91,-7.222897529602051,-48.031211853027344
51.93,-10.25,33.068359,2019.0,-0.680773409477016,0.0002819206856656,-3.44,-22.6,-5.207403659820557,-29.650856018066406
14.330962,-91.055468,297.67188,2020.0,-0.7116566222817751,0.0,-4.41,-24.7,-4.756140232086182,-25.427711486816406
53.23,6.55,7.7121582,2005.0,0.29671281927349075,6.79987933835946e-05,-3.45,-33.99,-6.866888523101807,-45.181129455566406
72.58,-38.4799,3202.0,2011.0,-0.7116566222817751,6.415380630642176e-05,-30.39508753,-237.6313685,-29.78436851501465,-237.13424682617188
40.80638889,-104.7547222,1641.75,1994.0,-0.3456123126707333,0.0,-6.7,-48.0,-8.240909576416016,-64.7844009399414
40.50691,-1.65147,1713.75,2021.0,0.2386727660059501,7.509451734222239e-06,-11.57,-81.8,-10.734212875366211,-77.5732192993164
31.18333333,29.95,-4.0114746,1962.0,0.2386727660059501,1.7344269508612342e-05,-5.6,-28.0,-4.054983615875244,-18.865943908691406
-21.2,-159.8,7.8220215,1986.0,-0.9587178169872964,6.152925925562158e-05,-3.23,-10.3,-3.108786106109619,-10.010963439941406
45.46666667,13.61666667,0.5645752,2004.0,0.2386727660059501,8.475680078845471e-05,-10.3,-92.6,-9.063592910766602,-66.59918975830078
53.32,-60.42,46.541016,1998.0,-0.9741004551724206,0.0,-12.96,-99.5,-13.563089370727539,-101.2674331665039
64.13,-21.93,12.141602,2003.0,0.741222010848596,2.3630145733477548e-05,-8.65,-64.3,-6.866888523101807,-45.181129455566406
-65.07944444,-63.9775,286.6875,1984.0,-0.23030567023061196,3.3171181712523145e-06,-10.21,-77.4,-9.377309799194336,-80.9975357055664
-27.43,153.08,5.7802734,1980.0,-0.6932812268869771,0.0,-5.11,-29.7,-2.118917942047119,-0.7472915649414062
48.8281,9.2,313.79688,2004.0,-0.970063921851507,9.184870577882975e-06,-10.12,-71.75,-8.422407150268555,-59.820823669433594
-53.0,-70.833333,32.589844,1999.0,0.6994583270516471,3.7728565075667575e-05,-6.75,-56.15,-8.494853973388672,-68.4074478149414
49.7478,6.6581,259.26562,1978.0,0.6994583270516471,0.0,-13.1,-101.0,-10.304510116577148,-73.9740982055664
-0.316666667,-78.96666667,918.15625,1995.0,-0.9741004551724206,1.233586863236269e-05,-4.02,-22.0,-3.4799866676330566,-13.484840393066406
-16.83,-69.33,3925.125,2001.0,0.9760105506323683,7.435621955664828e-05,-13.63,-111.5,-11.662809371948242,-113.6049575805664
-45.35,-72.07,583.1875,1996.0,0.2802306751992159,0.0,-8.93,-81.0,-9.90152359008789,-88.4765396118164
52.2914,10.4464,80.6875,1982.0,-0.7236440382959123,0.0,-7.49,-49.9,-9.560203552246094,-67.73990631103516
22.31666667,114.1666667,34.056641,2016.0,-0.9634705485641486,4.457827526493929e-05,-7.44,-49.2,-7.0046305656433105,-47.14630889892578
46.98141401,6.607999655,1046.0625,2012.0,0.9721181966290613,0.0,-11.42,-79.9,-11.803354263305664,-86.5281753540039
46.22030867,7.33848445,481.70312,2001.0,0.741222010848596,9.539940947433934e-06,-6.41,-56.7,-8.171342849731445,-56.107032775878906
-9.55,16.37,1154.5,1981.0,-0.7236440382959123,0.0001488004199927,-2.22,-2.0,-4.804663181304932,-25.881813049316406
14.93894444,-88.02145,661.125,2008.0,-0.27195815753410524,1.5713689208496362e-05,-1.82,5.9,-4.583883762359619,-23.815650939941406
35.87083333,-106.2183333,1944.375,1993.0,0.895839290734909,0.0,-16.76,-118.9,-15.865068435668945,-120.5484390258789
7.789855,-76.650846,30.420898,2015.0,0.2386727660059501,0.0,-2.55,-9.7,-2.812796115875244,-7.240943908691406
6.417169444,2.329255556,12.735352,2020.0,-0.9634705485641486,0.0,-4.62,-27.3,-3.7711243629455566,-16.209449768066406
76.76666667,-18.66666667,0.0,2001.0,-0.2135209154397959,0.0,-20.22,-159.4,-14.43272590637207,-108.5513687133789
78.91666667,11.93333333,38.650391,2005.0,0.29671281927349075,0.0,-15.92,-120.3,-12.55021858215332,-92.7837905883789
-35.15833333,147.4572222,211.74219,2012.0,0.9721181966290613,0.0,-2.31,-15.0,-4.477133274078369,-22.816627502441406
46.98141401,6.607999655,1046.0625,1996.0,0.2386727660059501,8.98261623660801e-06,-14.76,-110.8,-12.667875289916992,-93.7692642211914
-15.24166667,-69.675,3811.75,2000.0,0.9562348265919056,4.728184285340831e-05,-23.81,-170.2,-11.858709335327148,-116.3998794555664
20.87195,-156.18585,233.32812,1997.0,0.8311706263658079,0.0,-3.3,-9.0,-4.249075412750244,-20.682350158691406
-65.07944444,-63.9775,286.6875,1999.0,0.9760105506323683,5.693255607857638e-06,-7.91,-63.8,-9.141504287719727,-77.6332778930664
22.31666667,114.1666667,34.056641,1977.0,-0.9741004551724206,0.0001214243166032,-4.08,-18.2,-5.363890171051025,-31.115333557128906
44.23,-79.77,234.99219,2001.0,-0.2884824328806098,1.7400376236764714e-05,-15.43,-110.1,-10.593908309936523,-100.1114273071289
-30.08,-51.18,244.72656,1967.0,-0.2135209154397959,0.0,-4.76,-23.3,-4.377661228179932,-21.885719299316406
41.66056063,-1.004162565,244.98438,2021.0,-0.9741004551724206,0.0,-5.86,-45.1,-6.0887017250061035,-37.898475646972656
48.24861111,16.35638889,200.63281,1963.0,0.9510565162951535,0.0,-13.6,-97.8,-10.575632095336914,-76.2449722290039
54.35333333,-6.648333333,61.966797,2016.0,-0.970063921851507,0.0,-8.35,-52.4,-6.689401149749756,-43.68348693847656
47.81666667,13.71777778,1616.0625,2019.0,0.9070138128026359,3.073241168749519e-05,-9.49,-69.69,-10.96185302734375,-79.47989654541016
4.359,117.986,163.78906,2007.0,-0.9587178169872964,9.498933650320396e-05,-7.4,-48.3,-7.291111946105957,-51.233558654785156
-35.07,173.28,71.449219,1983.0,0.29671281927349075,5.086721557745477e-06,-7.5,-48.3,-4.870169162750244,-26.494850158691406
6.116666667,81.13333333,0.0,1984.0,0.9721181966290613,0.0,-7.21,-45.2,-4.483198642730713,-22.873390197753906
45.32,-75.67,112.08594,1999.0,-0.9741004551724206,0.0,-13.0,-92.0,-10.048734664916992,-71.8317642211914
7.102222222,-73.06944444,1429.5,2004.0,-0.27195815753410524,3.41658087563701e-05,-3.82,-16.4,-5.982187271118164,-38.186012268066406
50.8325,15.14777778,828.84375,2020.0,-0.6932812268869771,0.000100158220448,-7.69,-51.4,-6.3652825355529785,-40.486854553222656
13.07176111,-59.48972222,45.302734,1987.0,0.2386727660059501,6.708880846417742e-06,-0.46,3.6,-1.2964539527893066,6.949729919433594
50.3119,11.8758,564.53125,1994.0,0.9510565162951535,0.0,-7.53,-54.8,-9.992464065551758,-71.3604507446289
6.906666667,79.87,14.911133,1984.0,-0.23030567023061196,2.5779276256798767e-05,-2.54,-11.6,-2.9413819313049316,-8.444313049316406
47.8008,11.0108,974.96875,1990.0,0.9760105506323683,4.0447561332257465e-05,-11.2,-77.0,-11.690813064575195,-85.5855484008789
6.2,100.4,3.8469238,1984.0,-0.970063921851507,0.0002269619726575,-6.16,-36.7,-6.622160911560059,-45.470680236816406
32.81333333,130.7291667,25.359375,2021.0,0.741222010848596,0.0,-5.37,-33.3,-4.690634250640869,-24.814674377441406
52.2914,10.4464,80.6875,1979.0,0.6994583270516471,3.449915675446391e-05,-12.7,-105.2,-11.345516204833984,-82.69339752197266
-30.58,-64.58,730.9375,1983.0,-0.9587178169872964,0.0,-2.5,-23.0,-5.741156101226807,-34.645973205566406
32.09194444,35.77694444,820.25,1991.0,0.6994583270516471,0.0001522696838947,-4.33,-11.1,-3.6498169898986816,-15.074195861816406
-13.0,28.65,1260.6875,2016.0,-0.7116566222817751,0.0,-1.66,-5.2,-3.555197238922119,-14.188697814941406
45.0,136.6,361.35938,1998.0,0.6994583270516471,3.57173994416371e-05,-9.5,-70.4,-16.67331886291504,-127.3182144165039
52.2914,10.4464,80.6875,1978.0,0.2386727660059501,2.8896378353238102e-05,-12.02,-94.3,-10.555170059204102,-76.0735855102539
-35.07,173.28,71.449219,1991.0,0.9760105506323683,0.0,-4.05,-15.7,-4.831350803375244,-26.131568908691406
46.095,14.597,283.89062,2009.0,-0.7236440382959123,0.0,-10.67,-68.1,-9.826210021972656,-69.96793365478516
49.82,-74.97,386.4375,2006.0,0.6994583270516471,0.0,-20.64,-152.9,-19.266881942749023,-149.04147338867188
4.377083333,18.56247222,359.875,2011.0,0.2386727660059501,0.0,4.021946267,32.79155496,0.09615468978881836,19.982444763183594
38.65,-27.15,85.078125,1999.0,0.9760105506323683,1.873837732091488e-06,-1.47,-0.1,-3.331991672515869,-12.099830627441406
39.55339029,2.625298143,5.3820801,2010.0,-0.2135209154397959,0.0,-1.51,-1.12,-3.2713379859924316,-11.532203674316406
47.8008,11.0108,974.96875,1983.0,0.6994583270516471,0.0,-16.82,-121.1,-13.880250930786133,-103.9239273071289
40.8203002,0.493333172,52.294922,2017.0,-0.9741004551724206,0.0,-1.3,-5.3,-5.424543857574463,-31.682960510253906
9.28,123.15,1077.8125,1998.0,-0.7236440382959123,0.0,-8.62,-56.6,-6.105078220367432,-38.051734924316406
45.06767778,22.79993889,366.15625,2020.0,-0.23030567023061196,3.1352647056337446e-05,-5.84,-35.3,-6.604258060455322,-42.723304748535156
51.93,-10.25,33.068359,1993.0,-0.680773409477016,3.4245413189637475e-06,-3.42,-19.1,-4.881086826324463,-26.597023010253906
22.31666667,114.1666667,34.056641,2004.0,0.2386727660059501,0.0,-4.097,-19.5,-3.205832004547119,-10.919166564941406
51.83,6.25,9.5,2008.0,0.9721181966290613,5.6365523050772026e-05,-7.25,-49.55,-7.502289295196533,-51.65657043457031
53.32,-60.42,46.541016,2008.0,0.9721181966290613,0.0,-15.15,-109.5,-14.499227523803711,-109.1083755493164
36.83,10.23,0.0,1979.0,-0.2884824328806098,0.0,-3.15,-14.5,-5.420904636383057,-31.648902893066406
51.83,6.25,9.5,1983.0,-0.9587178169872964,0.0,-6.43,-42.0,-6.44382905960083,-41.22193145751953
52.8911,11.7294,21.530273,2012.0,-0.23030567023061196,0.0,-6.96,-49.6,-6.567714214324951,-42.381309509277344
-35.07,173.28,71.449219,1975.0,-0.2884824328806098,1.6337024135282263e-05,-4.23,-27.9,-3.826925754547119,-16.731666564941406
51.93,-10.25,33.068359,2016.0,0.7295575540864875,5.222010440775193e-05,-6.31,-44.5,-5.800596714019775,-35.202247619628906
51.18,8.4889,841.375,1999.0,0.2386727660059501,0.0,-10.59,-71.6,-10.388916015625,-74.68106842041016
45.46666667,13.61666667,0.5645752,2005.0,0.9760105506323683,0.0,-5.37,-36.48,-6.361340045928955,-40.44995880126953
46.06666667,14.51666667,298.53125,2002.0,-0.4635502709028512,6.62759630358778e-05,-13.63,-95.03,-8.925880432128906,-62.426918029785156
47.47051111,21.49041944,105.30859,2003.0,-0.9988797155850335,0.0,-7.48,-61.2,-7.245991230010986,-50.589820861816406
41.38333333,12.91666667,0.0,2001.0,0.2386727660059501,2.949992813228164e-05,-5.65,-39.45,-6.277334690093994,-39.663795471191406
46.49143367,9.898180888,1767.6875,2007.0,0.29671281927349075,1.66850550158415e-05,-8.0,-54.80464214,-11.882644653320312,-87.19229888916016
34.01937778,-6.838286111,18.375977,2002.0,-0.9873494423939864,0.0,-3.8,-19.1,-3.987051486968994,-18.230201721191406
-20.47,-54.67,554.875,1990.0,0.9510565162951535,0.0,-3.5,-19.5,-5.237730503082275,-29.934669494628906
11.25,75.78,7.1804199,1999.0,0.741222010848596,3.549725443008356e-05,-2.84,-13.9,-3.7420105934143066,-15.936988830566406
44.18900278,10.47625833,1371.25,1993.0,0.29671281927349075,1.2481433259381449e-05,-5.5,-31.9,-6.886906623840332,-45.68927764892578
-29.89805556,-71.2425,14.506836,2013.0,-0.7236440382959123,0.0,-4.72,-20.4,-5.6471428871154785,-33.766151428222656
47.07777778,15.44888889,370.03125,1997.0,-0.2135209154397959,6.424856110243127e-05,-6.98,-48.0,-6.654600620269775,-43.194435119628906
72.58,-38.4799,3202.0,2012.0,0.9275416835791966,5.311660061124712e-05,-36.61125884,-301.0425684,-35.800209045410156,-287.5219421386719
51.116535,17.029468,118.94141,2004.0,-0.9587178169872964,0.0,-2.32475,-12.8,-7.5643720626831055,-52.12981414794922
42.7728,-0.33149,1302.3125,2014.0,0.9760105506323683,0.0,-8.84,-59.6,-9.631820678710938,-68.33975982666016
47.8008,11.0108,974.96875,1975.0,0.9760105506323683,0.0,-14.57,-110.2,-12.299558639526367,-90.6843032836914
2.883333333,101.7833306,55.289062,1995.0,0.9760105506323683,0.0001485539687564,-6.14,-51.6,-5.822432041168213,-35.406593322753906
-6.88,39.2,52.724609,1961.0,-0.9587178169872964,0.0,-0.6,5.6,-2.3494019508361816,-2.9042739868164062
52.2914,10.4464,80.6875,1989.0,0.9760105506323683,0.0,-5.09,-35.4,-8.531986236572266,-59.127723693847656
12.13,15.03,294.5,2019.0,-0.680773409477016,0.0,-7.56,-55.8,-5.373594760894775,-31.206153869628906
4.05,114.81,27.053711,2010.0,-0.680773409477016,0.0,-10.65,-71.12,-6.255885124206543,-40.33728790283203
19.31396667,-99.30938333,2965.0,1986.0,-0.2135209154397959,0.0,-15.1,-109.0,-6.740349769592285,-43.996917724609375
-34.38,-58.28,0.0,2002.0,-0.2135209154397959,0.0,-6.7,-44.0,-4.244223117828369,-20.636940002441406
47.93333333,106.9833333,1398.4375,1996.0,-0.6932812268869771,2.6255145712639205e-05,-9.0,-58.6,-11.176704406738281,-81.27945709228516
38.79273611,-9.105733333,36.355469,2003.0,0.3697245428906731,2.9365764930844307e-05,-0.15,-1.3,-4.263632297515869,-20.818580627441406
36.29166667,81.00833333,2226.875,1992.0,0.1712931441814776,0.0,-23.8,-202.9,-17.451210021972656,-134.83016967773438
-26.41388889,146.2558333,302.09375,2008.0,-0.7116566222817751,0.0,0.24,0.5,-2.376089572906494,-3.1540298461914062
33.96666667,-4.983333333,500.04688,2019.0,0.29671281927349075,1.5267154594766907e-05,-0.78,-7.5,-4.3982834815979,-22.078712463378906
-40.68,144.69,82.167969,2003.0,-0.9741004551724206,4.884828740614466e-05,-3.48,-16.8,-3.788107395172119,-16.368385314941406
62.89179444,27.62542222,94.585938,2006.0,-0.680773409477016,7.371762330876663e-05,-12.09,-88.6,-9.210899353027344,-65.95603942871094
-34.23583333,142.0866667,49.828125,2014.0,0.741222010848596,0.0,-6.6,-39.2,-4.224813938140869,-20.455299377441406
36.88,30.7,0.0,2011.0,0.741222010848596,0.0,-5.863814034,-46.18093118,-3.768698215484619,-16.186744689941406
46.57248471,8.332719621,1924.0,2010.0,-0.7236440382959123,0.0,-20.15,-147.3272364,-14.93916130065918,-112.7931900024414
43.70555556,-72.28833333,168.71094,1998.0,0.5160623910158528,0.0,-3.1,-28.0,-13.225465774536133,-98.4395523071289
41.9,12.5,59.011719,2001.0,0.6287628145958344,0.0,-2.61,-16.94,-6.008638858795166,-37.149208068847656
49.0422,12.1019,370.21875,2002.0,0.9510565162951535,8.082155545707792e-05,-6.38,-50.75,-10.394031524658203,-74.72391510009766
32.2361,-110.9439,753.21875,2009.0,0.9510565162951535,7.744492177153006e-05,-10.0,-75.0,-6.866888523101807,-45.181129455566406
-40.35,-9.88,37.345703,2000.0,0.6994583270516471,8.059490028244909e-06,-2.3,-11.2,-4.625128269195557,-24.201637268066406
62.89179444,27.62542222,94.585938,2011.0,-0.9587178169872964,1.3943366866442377e-05,-11.75,-82.4,-10.79815673828125,-78.10880279541016
7.47,151.85,0.0,1969.0,-0.2884824328806098,0.0002263934584334,-3.36,-15.2,-5.622274875640869,-33.533424377441406
48.8281,9.2,313.79688,1989.0,-0.2135209154397959,1.2012753359158523e-05,-5.13,-35.1,-6.310694217681885,-39.975990295410156
52.8911,11.7294,21.530273,2002.0,0.6994583270516471,6.792160274926573e-05,-8.97,-61.8,-9.826210021972656,-69.96793365478516
13.50277778,-88.51805556,1017.5312,1997.0,-0.661634618242279,0.0,-6.6,-42.2,-6.566501140594482,-42.369956970214844
46.39864119,6.233803787,434.125,2001.0,0.2386727660059501,1.5834755686228164e-05,-10.31,-75.5,-11.09229850769043,-80.5724868774414
4.05,114.81,27.053711,2011.0,0.9611297838723007,0.0,-12.104,-84.455,-6.860548496246338,-45.121795654296875
49.7703,9.9578,265.90625,2011.0,0.9760105506323683,1.036165667755995e-05,-5.93,-40.43,-9.080625534057617,-63.72303009033203
18.23388889,-65.885,70.4375,2008.0,0.255353295116187,8.642541615699884e-06,-1.66,0.5,-2.0242981910705566,0.13820648193359375
-22.9,-43.17,0.0,1966.0,-0.2884824328806098,1.42959061122383e-05,-6.55,-40.8,-3.890005588531494,-17.321998596191406
4.05,114.81,27.053711,2010.0,-0.2802306751992161,0.0001781057799234,-10.07,-64.19,-6.866888523101807,-45.181129455566406
46.95222563,7.439320571,542.53125,1990.0,0.9510565162951535,0.0,-7.14,-44.4,-12.253519058227539,-90.2986831665039
28.22,-177.37,0.0,1962.0,0.741222010848596,0.0001568535953992,-0.3,-3.8,-3.1888489723205566,-10.760231018066406
-34.05,115.0249,77.78125,2018.0,-0.3294084822245302,3.234925088690943e-06,-3.16,-10.0,-3.361105442047119,-12.372291564941406
47.59583333,7.594444444,248.26562,2007.0,0.9510565162951535,2.0590901840478185e-05,-12.19,-90.95,-9.321054458618164,-65.73682403564453
52.1042,8.7519,134.42188,2011.0,0.6994583270516471,7.741668378002942e-05,-7.71,-55.97,-9.469404220581055,-66.97937774658203
68.68333333,21.53,459.29688,1993.0,0.741222010848596,6.743727681168821e-06,-12.18,-79.8,-13.634706497192383,-101.8672866821289
44.42,8.85,5.4519043,1979.0,-0.2884824328806098,0.0,-8.72,-65.6,-6.482950687408447,-41.588050842285156
51.73333333,36.26666667,193.03906,1999.0,0.9510565162951535,2.4625838705105707e-05,-8.5,-67.5,-10.442628860473633,-75.1309585571289
18.43,-66.0,8.0175781,1969.0,0.29671281927349075,1.0283751180395484e-05,-1.99,-7.5,-3.273764133453369,-11.554908752441406
22.31666667,114.1666667,34.056641,1984.0,0.7295575540864875,0.0,-7.21,-45.9,-3.0238709449768066,-9.216285705566406
37.10277778,15.29777778,0.0,2000.0,0.9721181966290613,0.0,-3.9,-16.0,-4.818006992340088,-26.006690979003906
47.42692898,9.400776879,758.46875,2008.0,-0.9634705485641486,0.0,-9.26,-60.99942916,-9.323612213134766,-65.75824737548828
-24.11,-65.19,1321.5625,1988.0,-0.970063921851507,0.0001244862942257,-3.4,-21.0,-2.2911744117736816,-2.3593521118164062
47.8008,11.0108,974.96875,2007.0,0.2386727660059501,0.0,-13.6,-90.18,-12.48371696472168,-92.2267837524414
27.7,106.88,860.71875,1987.0,-0.2884824328806098,4.771329622599296e-05,-1.98,-7.1,-4.274735450744629,-21.179443359375
48.8281,9.2,313.79688,1987.0,0.2386727660059501,0.0,-5.55,-40.1,-10.542381286621094,-75.96646881103516
4.05,114.81,27.053711,2007.0,-0.9932568492674143,0.0,-5.22,-29.16,-6.846076011657715,-47.405921936035156
46.72738634,8.186782163,600.90625,2023.0,0.29671281927349075,5.863489423063584e-05,-3.85,-23.3,-7.310019493103027,-48.892723083496094
27.7,106.88,860.71875,1987.0,-0.680773409477016,0.0,-12.18,-89.0,-8.749704360961914,-72.0434341430664
43.73238889,7.423583333,8.8959961,2001.0,0.741222010848596,0.0,-0.73,-5.3,-5.266844272613525,-30.207130432128906
10.88,-74.78,22.039062,1989.0,0.741222010848596,0.0001131776443799,-4.82,-32.9,-4.449232578277588,-22.555519104003906
59.28333333,39.86666667,117.19141,1983.0,-0.680773409477016,0.0,-10.8,-86.0,-9.705995559692383,-68.9610366821289
52.88333333,-1.083333333,60.794922,1992.0,0.7295575540864875,0.0,-6.7,-49.0,-6.866888523101807,-45.181129455566406
46.39864119,6.233803787,434.125,1997.0,0.741222010848596,2.185453377023805e-05,-5.95,-37.5,-7.349984169006348,-49.22746276855469
-65.07944444,-63.9775,286.6875,1986.0,-0.9587178169872964,1.1865739469174985e-07,-11.66,-96.3,-7.855154514312744,-93.68948364257812
47.59583333,7.594444444,248.26562,2011.0,-0.9741004551724206,7.503225060645491e-05,-8.09,-56.91,-8.228180885314941,-58.545326232910156
-30.58,-64.58,730.9375,1984.0,0.2386727660059501,0.0001600247924216,-7.3,-50.0,-6.328283786773682,-40.140602111816406
72.58,-38.4799,3202.0,2012.0,-0.9242907221930934,0.0,-40.9781222,-310.5403931,-31.625951766967773,-252.55905151367188
52.1042,8.7519,134.42188,1997.0,-0.9741004551724206,0.0,-6.24,-37.0,-7.682336807250977,-53.944580078125
31.18333333,29.95,-4.0114746,1997.0,0.2386727660059501,4.679676749219652e-06,-5.58,-30.8,-3.6643738746643066,-15.210426330566406
-34.93,138.58,24.027344,2010.0,0.29671281927349075,9.94058427750133e-06,-8.33,-52.2,-4.084097385406494,-19.138404846191406
9.0,38.73,2329.125,2009.0,-0.2884824328806098,0.0,0.21,15.98,-2.031576633453369,0.07009124755859375
59.96666667,30.3,3.7930908,1989.0,-0.9587178169872964,0.0,-9.5,-69.0,-9.708553314208984,-68.98246002197266
-24.78,-65.4,1227.625,2001.0,0.6994583270516471,0.0,-7.2,-41.0,-5.269270420074463,-30.229835510253906
4.7,-74.13,2551.125,2021.0,0.6994583270516471,0.0,-4.9,-25.3,-9.11973762512207,-77.3227310180664
47.47051111,21.49041944,105.30859,2008.0,0.9999166586547379,0.0,-5.23,-32.79,-9.471961975097656,-67.00080108642578
-2.433333333,-54.71666667,57.433594,1990.0,0.9700639218515071,0.0,-5.31,-27.67,-5.294744968414307,-30.468238830566406
14.64,121.04,42.933594,2010.0,-0.2135209154397959,0.000356121599907,-11.54,-79.2,-6.97883939743042,-46.778343200683594
48.545,13.3528,478.40625,2010.0,-0.2884824328806098,4.351949974079616e-05,-16.36,-116.5,-12.051456451416016,-88.60623931884766
6.48,38.51,2779.625,2000.0,0.9721181966290613,0.0001151718679466,-1.91,0.2,-0.36481332778930664,15.668479919433594
46.37222222,6.470833333,387.75,1997.0,0.29671281927349075,0.0,-8.87,-63.2,-7.106837749481201,-47.1909065246582
-19.65028,-67.66944,3701.25,2009.0,-0.7236440382959123,0.0,-11.81374789,-82.3,-6.866888523101807,-45.181129455566406
36.98,35.3,22.958008,2021.0,0.9760105506323683,0.0,-4.95,-23.8,-4.030722141265869,-18.638893127441406
50.06166667,19.84861111,356.8125,1976.0,-0.9634705485641486,4.206582889310084e-05,-6.24,-40.7,-8.745559692382812,-60.91657257080078
41.75,44.766667,0.0,2010.0,0.9510565162951535,0.0,-8.696040297,-72.31772664,-9.263504028320312,-65.25479888916016
52.1042,8.7519,134.42188,1982.0,0.6994583270516471,0.0,-6.43,-40.3,-10.48611068725586,-75.49515533447266
53.7122,7.1519,8.8525391,2001.0,0.741222010848596,4.243887451593764e-05,-5.32,-36.66,-6.866888523101807,-45.181129455566406
0.453055556,33.195,1174.25,2009.0,0.29671281927349075,0.0002410381421213,3.23,28.3,-1.7525696754455566,2.6811752319335938
50.9,14.8,240.94531,2016.0,-0.27195815753410524,0.0,-8.23,-55.6,-11.176704406738281,-81.27945709228516
-0.841111111,29.94194444,1574.5,2006.0,0.9510565162951535,5.837152275489643e-05,0.51,14.29,-2.4464478492736816,-3.8124771118164062
49.82,-74.97,386.4375,2007.0,-0.9587178169872964,1.5127277947613038e-05,-9.37,-59.8,-10.877447128295898,-78.7729263305664
44.18900278,10.47625833,1371.25,2001.0,-0.9587178169872964,0.0,-6.85,-40.9,-7.025150299072266,-47.439064025878906
40.008,-105.2682583,1647.3125,2014.0,-0.2884824328806098,0.0,-17.58,-131.7,-10.893720626831055,-102.6323013305664
-33.97,18.6,41.798828,2011.0,0.9510565162951535,0.0,2.98032644,-1.741580444,-3.598867893218994,-14.597389221191406
4.05,114.81,27.053711,2009.0,0.47873384011578846,0.0,-9.05,-67.56,-6.408346652984619,-40.889869689941406
37.13333333,79.93333333,1348.75,1991.0,0.2386727660059501,0.0,-20.33,-170.8,-13.430086135864258,-100.1534194946289
10.00036389,-84.10913333,1157.3125,2015.0,-0.14579919691987442,0.0,-10.09257083,-74.31487832,-6.411313533782959,-44.323280334472656
81.6,-16.67,27.780273,1963.0,-0.2135209154397959,1.4918733768354286e-06,-21.1,-150.8,-17.174638748168945,-131.51718139648438
34.95,32.83,1417.1875,1966.0,-0.2884824328806098,5.341655560187064e-05,-6.16,-34.0,-5.169798374176025,-29.298927307128906
47.4828,11.0622,716.1875,2009.0,0.2386727660059501,0.0,-17.71,-136.15,-12.923650741577148,-95.9115982055664
36.15,-5.35,1.5737915,2011.0,0.29671281927349075,0.0,-6.84,-38.2,-3.574606418609619,-14.370338439941406
66.49686111,25.75518056,108.88672,2014.0,-0.680773409477016,8.41967084852513e-06,-10.84,-76.6,-10.07162857055664,-72.16722106933594
52.4672,13.4019,47.5625,1979.0,0.29671281927349075,0.0,-8.12,-55.9,-8.360616683959961,-57.692359924316406
-65.07944444,-63.9775,286.6875,1978.0,-0.7236440382959123,5.484455161623842e-06,-13.16,-97.9,-8.712224960327148,-90.95576477050781
19.2,-96.13,0.0,1977.0,-0.9741004551724206,0.0001189253598568,-1.6,-10.7,-5.156454563140869,-29.174049377441406
-25.73,28.18,1326.75,1963.0,0.741222010848596,0.0,-1.0,7.5,-3.671652317047119,-15.278541564941406
26.20576389,43.96005556,652.0,2010.0,0.38566340624360707,0.0,0.03,16.41,-1.8059449195861816,2.1816635131835938
55.75,37.57,130.52344,1978.0,0.6994583270516471,0.0,-14.7,-116.0,-15.793451309204102,-119.9485855102539
51.3744,11.2919,162.88281,1997.0,0.29671281927349075,0.0,-7.95,-62.7,-7.295312404632568,-48.76953887939453
9.28,123.15,1077.8125,1998.0,0.6994583270516471,0.0,-2.03,0.3,-4.58267068862915,-23.804298400878906
40.7930564,-4.010553289,1892.5,2021.0,0.2386727660059501,0.0,-10.63,-75.7,-11.639657974243164,-85.1570816040039
4.365694444,18.58725,381.14062,2014.0,0.9760105506323683,0.0,-2.48,-3.4,-1.2770447731018066,7.131370544433594
39.66666667,43.85833333,1775.9375,1990.0,0.29671281927349075,0.0,-6.95,-43.4,-5.854578495025635,-35.707435607910156
51.83,6.25,9.5,2010.0,-0.7236440382959123,1.22314295367687e-05,-8.57,-60.94,-7.891908645629883,-53.76653289794922
46.22030867,7.33848445,481.70312,1997.0,0.9510565162951535,0.0001287764462176,-11.03,-88.0,-11.248321533203125,-81.87931060791016
-25.73,28.18,1326.75,1999.0,0.6994583270516471,0.0,-2.58,-3.8,-3.496969699859619,-13.643775939941406
52.2914,10.4464,80.6875,1981.0,-0.680773409477016,5.542047074413858e-05,-7.1,-47.4,-6.866888523101807,-45.181129455566406
34.57,69.21333333,1788.0,1963.0,0.9510565162951535,0.000109645887278,-5.3,-1.8,-4.95144510269165,-27.255470275878906
5.383333333,103.1,10.330566,2020.0,-0.6932812268869771,2.1522862880374305e-05,-9.34,-62.6,-5.90269136428833,-36.50104522705078
5.383333333,103.1,10.330566,1998.0,-0.9587178169872964,2.7666807000059634e-05,-8.41,-56.4,-6.792868137359619,-47.355384826660156
39.91055556,41.27555556,1890.5625,2010.0,0.9510565162951535,1.4358278349391185e-05,-8.395505482,-57.79626032,-10.345434188842773,-74.3168716430664
28.2,113.0666667,44.691406,1990.0,-0.2135209154397959,0.0001878165930975,-8.25,-58.0,-7.465018272399902,-53.714698791503906
44.051,10.164,170.76562,2020.0,0.30492122465628907,0.0001241309510078,-4.76,-27.21,-6.10204553604126,-38.023353576660156
47.47051111,21.49041944,105.30859,2001.0,-0.02581844022713239,8.884951239451766e-05,-5.91,-44.1,-7.119626522064209,-47.29802322387695
-34.05,115.0249,77.78125,2007.0,0.1457991969198751,4.377017376100412e-06,-5.69,-27.0,-3.6789307594299316,-15.346656799316406
49.0392,8.365,112.44141,1999.0,0.2386727660059501,0.0,-11.7,-84.7,-9.654840469360352,-68.5325698852539
46.05,-74.28,363.76562,1978.0,-0.2884824328806098,1.389848785038339e-05,-19.6,-133.0,-11.878778457641602,-114.43070220947266
4.05,114.81,27.053711,2006.0,-0.6084768701151264,0.0001418591709807,-2.45,-6.67,-6.9384236335754395,-46.20172882080078
22.31666667,114.1666667,34.056641,1980.0,-0.970063921851507,0.0,-3.48,-17.9,-5.413626194000244,-31.580787658691406
-25.73,28.18,1326.75,1966.0,-0.7236440382959123,0.0,0.12,11.0,-2.6017212867736816,-5.265602111816406
53.23,6.55,7.7121582,1979.0,-0.9587178169872964,7.912362343631685e-05,-4.14,-27.6,-6.508425235748291,-41.826454162597656
51.3744,11.2919,162.88281,2002.0,-0.2135209154397959,8.52257217047736e-05,-5.85,-38.7,-6.474155902862549,-41.50574493408203
-34.38,-58.28,0.0,2002.0,0.2386727660059501,9.507314098300412e-05,-5.3,-37.0,-5.600439548492432,-33.329078674316406
52.98,158.65,0.0,1996.0,-0.27195815753410524,8.40784196043387e-06,-12.5,-87.2,-18.223318099975586,-140.30075073242188
51.18,8.4889,841.375,2003.0,-0.7236440382959123,0.0,-9.91,-64.9,-10.030830383300781,-71.68180084228516
-33.11011944,-64.24918333,408.09375,2021.0,-0.9741004551724206,3.2706899219192564e-05,-2.95,-5.2,-4.416479587554932,-22.249000549316406
13.07176111,-59.48972222,45.302734,1988.0,-0.27195815753410524,0.0,-0.31,9.8,-2.201406955718994,-1.5192642211914062
-33.56237778,-62.88506389,123.51562,2015.0,0.6994583270516471,0.0,-4.89,-29.3,-6.12145471572876,-38.204994201660156
41.7787,2.5047,614.3125,2010.0,-0.9587178169872964,0.0,-6.072999324,-33.77734593,-5.796350955963135,-35.162513732910156
6.329722222,99.73,3.3973389,1992.0,0.2802306751992159,1.6096571926027536e-05,-6.46,-31.6,-5.255926609039307,-30.104957580566406
46.64833333,14.31833333,448.71875,1995.0,-0.7236440382959123,1.299076757277362e-05,-10.77,-73.3,-12.314905166625977,-90.8128433227539
36.72,3.18,19.595703,2001.0,0.7236440382959124,0.0,-5.17,-28.1,-4.307302951812744,-21.227272033691406
54.5275,9.5486,43.292969,1999.0,-0.9587178169872964,2.518379369575996e-05,-5.77,-39.1,-6.946228504180908,-45.82341003417969
-34.05,115.0249,77.78125,2007.0,0.7526668275320084,4.551598976831883e-06,-1.56,-5.2,-4.249075412750244,-20.682350158691406
45.3738,-75.6862,78.394531,2020.0,-0.7116566222817751,9.752104233484715e-06,-12.93,-86.0,-10.839080810546875,-78.45157623291016
78.91666667,11.93333333,38.650391,2007.0,0.6994583270516471,0.0,-9.02,-47.7,-12.279096603393555,-90.5129165649414
-41.47,-72.93,43.574219,2011.0,0.741222010848596,0.0,-6.6,-40.7,-6.28855562210083,-39.76880645751953
4.05,114.81,27.053711,2010.0,-0.6486295610349818,4.757038914249279e-05,-9.69,-60.72,-6.748968601226807,-44.94123077392578
56.97,24.07,4.2321777,1984.0,0.9721181966290613,1.6995410987874493e-05,-4.5,-27.0,-10.041061401367188,-71.76749420166016
32.0,35.9,1014.0312,2003.0,0.2386727660059501,8.6218147771433e-05,-7.95,-40.5,-5.574965000152588,-33.090675354003906
32.37,-64.68,1.0638428,1964.0,-0.23030567023061196,4.561308742268011e-05,-3.7,-19.2,-4.263632297515869,-20.818580627441406
50.92,5.78,111.17188,1983.0,-0.2884824328806098,9.608668733562808e-06,-8.05,-52.0,-9.509048461914062,-67.31143951416016
14.97219444,-87.97477778,926.03125,2009.0,-0.2135209154397959,0.0,-5.56,-37.28,-4.964788913726807,-27.380348205566406
-27.43,153.08,5.7802734,1997.0,0.29671281927349075,0.0,-5.57,-31.6,-2.511953830718994,-4.425514221191406
-22.9,-43.17,0.0,1972.0,-0.27195815753410524,0.0001209047768497,-2.99,-16.8,-4.118063449859619,-19.456275939941406
4.05,114.81,27.053711,2007.0,-0.8115390590073611,0.0001318450667895,-15.28,-108.64,-7.996034145355225,-61.290748596191406
0.05,32.45,1135.4375,1965.0,0.6994583270516471,0.0,0.68,6.8,-2.6987671852111816,-6.173805236816406
46.72738634,8.186782163,600.90625,2002.0,-0.9741004551724206,0.0,-10.28,-76.53,-10.212430953979492,-73.2028579711914
51.93,-10.25,33.068359,1974.0,0.2386727660059501,3.549628672772087e-05,-6.55,-39.3,-6.231237888336182,-39.232398986816406
-21.2,-159.8,7.8220215,1986.0,-0.9741004551724206,1.834436602621281e-06,-7.68,-55.6,-3.1112122535705566,-10.033668518066406
10.25,-67.65,430.0,1969.0,-0.2135209154397959,0.0,-8.75,-60.6,-5.41140604019165,-33.127052307128906
21.32,103.91,609.09375,2017.0,0.9760105506323683,0.0,-3.6,-14.4,-2.550772190093994,-4.788795471191406
-23.8,133.88,544.75,2009.0,-0.9587178169872964,0.0,0.88,17.1,-1.9175477027893066,1.1372299194335938
18.295,-65.79388889,798.625,2007.0,0.42500033996955416,2.3449965738109316e-05,-3.16,-12.7,-3.807516574859619,-16.550025939941406
26.58333333,106.7166667,1077.9375,1989.0,-0.2135209154397959,3.6634726711781695e-05,-16.7,-121.2,-8.932907104492188,-74.6572036743164
-26.61361111,118.5372222,517.78125,2012.0,0.7295575540864875,0.0,-3.15,-15.2,-4.853186130523682,-26.335914611816406
-0.743055556,-90.30222222,1.7120972,2014.0,-0.9979171608653922,1.7626814496907173e-06,0.129145218,5.851637971,-1.5875916481018066,4.225120544433594
52.8911,11.7294,21.530273,1999.0,0.741222010848596,0.0,-6.05,-43.4,-6.866888523101807,-45.181129455566406
50.06166667,19.84861111,356.8125,1990.0,-0.2135209154397959,0.0,-5.65,-35.6,-7.400500297546387,-49.65057373046875
41.02444444,40.52,10.936523,2014.0,-0.2135209154397959,0.0,-4.11,-19.0,-4.648176670074463,-24.417335510253906
41.91172742,2.763346411,139.71094,2000.0,-0.23030567023061196,0.0,-4.31,-26.6,-3.739584445953369,-15.914283752441406
-0.13,-67.08,58.835938,1975.0,-0.9587178169872964,0.0,-4.74,-28.8,-2.749716281890869,-6.650611877441406
44.73805556,-0.774722222,59.488281,2020.0,-0.9634705485641486,0.0,-6.78,-39.8,-5.082457065582275,-28.481544494628906
47.81666667,13.71777778,1616.0625,2001.0,-0.5380051715382992,1.5450033970410004e-05,-17.19,-121.8,-11.470846176147461,-83.7431411743164
53.8713,8.7058,4.7202148,1981.0,0.741222010848596,0.0,-8.53,-63.2,-6.866888523101807,-45.181129455566406
26.58333333,106.7166667,1077.9375,1988.0,-0.27195815753410524,0.0,-3.11,-4.1,-5.843929767608643,-38.964454650878906
43.91281944,4.888775,30.959961,2009.0,0.9760105506323683,0.0,-7.16,-47.91,-5.874594211578369,-35.894752502441406
-13.8,-171.78,0.0,1974.0,-0.2135209154397959,3.897188435075805e-06,0.18,8.7,-3.375662326812744,-12.508522033691406
23.64,88.85,18.375977,2017.0,-0.7236440382959123,0.0,-10.79,-75.3,-6.747931480407715,-44.06787109375
-26.61361111,118.5372222,517.78125,2011.0,0.2386727660059501,0.0,-7.07,-53.8,-4.429823398590088,-22.373878479003906
49.1823,-119.559,334.40625,2009.0,-0.060213277365792774,5.869137567060534e-06,-4.08,-50.36,-14.095102310180664,-105.7234878540039
47.47051111,21.49041944,105.30859,2004.0,-0.2135209154397959,0.0,-4.06,-28.83,-6.6142659187316895,-42.81696319580078
32.63333333,-16.9,0.0,2003.0,-0.9741004551724206,0.0,-3.41,-19.0,-3.443594455718994,-13.144264221191406
64.69403056,-148.2163528,127.09766,2004.0,-0.3131070409358267,2.0520381440292116e-05,-12.68,-119.3,-17.062097549438477,-130.57455444335938
51.57,4.93,17.209961,1985.0,0.9760105506323683,3.941863542422652e-05,-8.44,-55.9,-7.642535209655762,-52.977516174316406
49.7703,9.9578,265.90625,1981.0,0.9510565162951535,0.0,-6.84,-52.1,-10.125467300415039,-72.4744644165039
-33.97,18.6,41.798828,1999.0,0.2386727660059501,3.750477117137052e-05,-0.53,5.72,-3.4072022438049316,-12.803688049316406
0.05,-51.07,16.0,1989.0,-0.01721335615583528,4.5928383769933134e-05,-4.5,-19.8,-3.0190186500549316,-9.170875549316406
40.41195035,-3.67806112,671.09375,2020.0,0.2802306751992159,0.0,-4.21,-31.5,-5.761778354644775,-34.838966369628906
66.53333333,66.66666667,16.196289,1996.0,0.2386727660059501,0.0,-24.0,-188.0,-21.261930465698242,-165.75167846679688
46.96666667,28.9,90.308594,2016.0,-0.6932812268869771,0.0,-10.06,-78.3,-5.925543308258057,-36.371559143066406
4.036666667,9.734166667,39.230469,2007.0,0.9760105506323683,0.0001144112247857,-2.65,-6.22,-2.9462342262268066,-8.489723205566406
54.61666667,39.71666667,135.66406,1982.0,0.9510565162951535,6.529520760523155e-05,-14.9,-123.0,-12.284212112426758,-90.5557632446289
34.71666667,10.68333333,23.232422,1999.0,-0.9741004551724206,0.0,-1.97,-12.0,-3.841482639312744,-16.867897033691406
46.095,14.597,283.89062,2001.0,-0.9587178169872964,0.0,-9.22,-62.4,-7.048177719116211,-47.50851058959961
-21.15,55.75,738.875,2000.0,0.2802306751992159,8.723829523660243e-06,-2.72,-1.95,-3.298025608062744,-11.781959533691406
33.46555556,126.9333333,5.9509277,1996.0,-0.5234156073655503,1.3960643627797251e-06,-7.1,-25.0,-5.186781406402588,-29.457862854003906
8.92,-79.6,11.163086,1985.0,-0.9587178169872964,0.0,-8.79,-57.9,-6.351635456085205,-40.35913848876953
0.065481835,18.31282815,311.70312,2020.0,-0.2135209154397959,0.0,-3.711329532,-12.45565435,-1.2091126441955566,7.767112731933594
45.8,28.2,40.330078,2017.0,-0.680773409477016,0.0,-4.39,-36.3,-6.630794048309326,-42.971641540527344
51.1622,14.9506,238.80469,2002.0,-0.7236440382959123,0.0,-12.71,-90.7,-10.56795883178711,-76.18070220947266
50.7311,13.7514,876.875,2002.0,-0.680773409477016,2.5298015316366215e-05,-10.85,-75.5,-6.866888523101807,-45.181129455566406
49.068224,13.614822,1118.0,2019.0,0.2386727660059501,0.0,-13.58,-98.7,-11.844278335571289,-86.8709487915039
43.365884,-8.421399,56.794922,2006.0,0.2386727660059501,0.0004042986256536,-6.94,-43.03,-5.959509372711182,-36.689430236816406
31.28333333,34.23333333,41.878906,2001.0,-0.2884824328806098,2.71792414423544e-05,-4.25,-12.2,-2.9510865211486816,-8.535133361816406
49.0392,8.365,112.44141,1985.0,-0.680773409477016,0.0001071207298082,-3.6,-24.8,-6.502359867095947,-41.769691467285156
3.783333333,103.3333333,8.0805664,2017.0,-0.2135209154397959,0.0,-8.59,-55.6,-6.866888523101807,-45.181129455566406
46.095,14.597,283.89062,1991.0,0.9510565162951535,0.0,-9.1,-65.0,-10.15871810913086,-72.75296783447266
46.22030867,7.33848445,481.70312,2003.0,0.9760105506323683,1.1186725714651402e-05,-10.78,-80.72637191,-11.018123626708984,-79.95121002197266
43.49111613,-3.800555816,50.095703,2005.0,-0.2884824328806098,2.0440269508981143e-05,-5.19,-26.14,-5.887938022613525,-36.019630432128906
42.85,-80.27,228.9375,1980.0,0.7295575540864875,2.29397883231286e-05,-7.5,-55.0,-7.590733051300049,-51.243934631347656
18.27694444,-65.78583333,628.3125,2006.0,0.6616346182422783,5.816454631712986e-06,-1.57,3.0,-2.4367432594299316,-3.7216567993164062
37.01,-7.96,0.0,1984.0,-0.27195815753410524,0.0,-4.72,-26.4,-5.32021951675415,-30.706642150878906
52.27,104.35,487.23438,1990.0,-0.9587178169872964,0.0,-11.1,-84.0,-11.053932189941406,-80.25113677978516
28.63,-106.07,1444.25,1962.0,-0.2884824328806098,0.0,-7.7,-46.5,-6.866888523101807,-45.181129455566406
53.23,6.55,7.7121582,1970.0,-0.2884824328806098,5.033146953792311e-05,-8.2,-50.2,-8.195642471313477,-56.31055450439453
23.95277778,90.27916667,23.626953,2011.0,0.29671281927349075,0.0,-4.717132529,-28.50021117,-4.455297946929932,-22.612281799316406
50.62,-96.98,216.5,1975.0,-0.7236440382959123,3.661363371065818e-05,-20.2,-147.0,-18.59163475036621,-143.38571166992188
-75.58333333,-20.56666667,105.53516,1999.0,0.9760105506323683,4.243612002701389e-06,-22.075,-168.2,-18.83504295349121,-151.49948120117188
49.38,-82.12,243.30469,2010.0,0.6994583270516471,2.351942748646252e-05,-19.88,-151.3,-18.693944931030273,-144.24264526367188
47.4828,11.0622,716.1875,1981.0,-0.7236440382959123,0.0,-15.27,-108.2,-12.678106307983398,-93.8549575805664
41.91595556,13.08333333,499.48438,2001.0,0.9070138128026359,0.0,-0.54,-0.42,-6.308268070220947,-39.953285217285156
39.95,32.88,920.125,2001.0,-0.9679377830240641,0.0,-5.33,-30.9,-6.155420780181885,-38.522865295410156
2.883333333,101.7833306,55.289062,2003.0,0.741222010848596,0.0,-10.51,-63.65,-5.806662082672119,-35.259010314941406
3.440516667,-76.00170278,3648.875,2003.0,0.741222010848596,0.0,-11.0,-81.5,-8.74063491821289,-71.9140396118164
37.01,-7.96,0.0,1988.0,0.2802306751992159,0.0,-1.61,-7.7,-3.6498169898986816,-15.074195861816406
51.57,4.93,17.209961,1983.0,-0.9741004551724206,0.0,-5.41,-29.7,-7.19602108001709,-47.87017059326172
53.23,6.55,7.7121582,2007.0,0.29671281927349075,0.0,-5.56,-43.46,-6.8198442459106445,-44.74086380004883
47.12,9.49,459.84375,2020.0,0.2386727660059501,0.0,-11.52,-79.66,-12.831571578979492,-95.1403579711914
24.91,91.84533333,16.452148,2012.0,0.9562348265919056,0.0004505318647716,-0.74,1.96,-2.1213440895080566,-0.7699966430664062
51.6,-1.1,55.042969,2003.0,0.2386727660059501,6.121297337813303e-05,-10.15,-66.8,-7.8958330154418945,-53.94683837890625
42.025,35.15833333,61.443359,2015.0,-0.2884824328806098,1.2547405958684976e-06,-9.35,-54.3,-10.483552932739258,-75.4737319946289
13.73,100.5,5.7392578,2012.0,0.2386727660059501,0.0,1.51,-16.13,-3.7856812477111816,-16.345680236816406
46.72738634,8.186782163,600.90625,1991.0,-0.9587178169872964,0.0,-9.78,-69.2,-8.851705551147461,-61.805641174316406
37.77,-25.65,137.14062,1990.0,0.741222010848596,2.1778983864351176e-05,-3.75,-26.7,-3.9021363258361816,-17.435523986816406
42.29055556,-85.58444444,244.73438,1992.0,-0.9307239310379793,0.0,-5.4,-29.0,-6.866888523101807,-45.181129455566406
33.65694444,73.26611111,580.9375,2006.0,-0.2884824328806098,3.355027729412541e-05,-5.73,-37.79,-4.924757480621338,-27.005714416503906
52.1,5.18,1.7967529,1990.0,0.2386727660059501,1.1555007404240314e-05,-7.56,-49.5,-8.530708312988281,-59.11701202392578
10.00036389,-84.10913333,1157.3125,2015.0,-0.9829265519799822,0.0,-5.78103905,-37.185838,-8.46585464477539,-68.90177154541016
4.05,114.81,27.053711,2007.0,-0.8406184056344783,0.0003106243675574,-11.98,-79.19,-8.029590606689453,-61.769508361816406
46.60305556,13.67138889,2148.125,2002.0,-0.9338372288229252,0.0,-13.99,-101.0,-8.477554321289062,-62.916847229003906
0.065481835,18.31282815,311.70312,2020.0,0.8452490573530633,0.0,-5.765118385,-27.16089557,-1.8932862281799316,1.3642807006835938
-31.95,115.97,20.375,1963.0,0.9510565162951535,0.0,-2.5,-9.4,-4.171438694000244,-19.955787658691406
14.93894444,-88.02145,661.125,2013.0,-0.9741004551724206,0.0,-4.33,-21.29,-5.678682804107666,-34.061317443847656
34.91313571,33.40214238,333.67188,2018.0,-0.7236440382959123,0.0,-7.8,-45.3,-4.758566379547119,-25.450416564941406
38.05011111,23.866675,444.85938,2017.0,0.6994583270516471,0.0,-5.33,-28.9,-6.2033371925354,-38.971290588378906
46.60305556,13.67138889,2148.125,2017.0,-0.9338372288229252,0.0,-8.624,-52.56,-8.252039909362793,-61.53022003173828
47.4828,11.0622,716.1875,1985.0,0.29671281927349075,1.921259354276117e-05,-9.32,-66.6,-9.50393295288086,-67.26859283447266
47.81666667,13.71777778,1616.0625,2020.0,0.7526668275320084,0.0,-8.902,-79.68,-9.333843231201172,-65.84394073486328
50.3381,7.6,86.441406,2012.0,0.9562348265919056,0.0002967477485071,-6.95,-55.17,-8.319171905517578,-57.733924865722656
50.4972,9.9428,920.40625,2000.0,-0.27195815753410524,0.0001232185604749,-12.28,-82.8,-10.66771125793457,-77.0162124633789
50.62,-96.98,216.5,1977.0,-0.9587178169872964,7.784306217217818e-05,-14.5,-110.0,-13.061769485473633,-97.0684585571289
35.68,51.32,1161.1875,1975.0,0.2386727660059501,0.0,-14.0,-93.6,-6.647777080535889,-43.130577087402344
19.72,-155.07,7.4401855,1967.0,-0.2884824328806098,2.299393054272514e-05,-2.21,-3.9,-2.516806125640869,-4.470924377441406
-11.40438889,-76.32505556,4444.0,2006.0,0.29671281927349075,0.0,-8.15,-48.18,-11.147665023803711,-106.2553482055664
-32.88,-68.85,762.84375,1984.0,0.9721181966290613,4.090467336936854e-05,-5.6,-31.0,-6.38560152053833,-40.67700958251953
48.8281,9.2,313.79688,1996.0,-0.970063921851507,0.0,-7.12,-53.4,-8.363510131835938,-59.38361358642578
42.58834633,-5.651107617,911.78125,2020.0,0.2802306751992159,0.0,-3.93,-24.2,-6.308268070220947,-39.953285217285156
-12.43,130.87,16.515625,1997.0,0.741222010848596,3.3763703868316952e-06,-2.98,-7.7,-4.791319370269775,-25.756935119628906
30.92611111,78.94027778,4989.5,2006.0,0.741222010848596,0.0,-30.3,-228.3,-12.273981094360352,-90.4700698852539
-41.47,-72.93,43.574219,1998.0,0.2386727660059501,0.0,-2.62,-14.2,-6.397125720977783,-40.78485870361328
-13.0,28.65,1260.6875,1988.0,-0.7116566222817751,3.785484659601934e-05,-1.98,-3.3,-5.069113254547119,-28.356666564941406
-75.58333333,-20.56666667,105.53516,2020.0,-0.23030567023061196,0.0,-27.65,-216.5,-21.139392852783203,-169.60885620117188
51.387367,-0.325697,10.34082,2021.0,-0.8758917051442433,0.0,-5.329371516,-32.68224704,-6.01894998550415,-37.245704650878906
41.91172742,2.763346411,139.71094,2012.0,0.9562348265919056,0.0,-3.86,-19.7,-5.9576897621154785,-36.672401428222656
46.95222563,7.439320571,542.53125,1983.0,0.6994583270516471,0.0,-11.65,-81.2,-14.381570816040039,-108.1229019165039
39.48056611,-0.366386255,14.827637,2005.0,-0.9587178169872964,2.629825030453503e-05,-6.4,-47.62,-4.424971103668213,-22.328468322753906
1.685556,33.616389,1096.9375,2019.0,-0.9587178169872964,0.0,-2.02,-2.5,-1.8690247535705566,1.5913314819335938
44.42,8.85,5.4519043,1975.0,-0.9741004551724206,0.0,-7.06,-41.8,-5.469427585601807,-32.103004455566406
37.29611111,14.84138889,155.96094,2001.0,0.2386727660059501,3.511118848109618e-06,-7.4,-39.0,-6.075964450836182,-37.779273986816406
13.52,2.09,210.4375,2016.0,-0.970063921851507,0.0,1.86,17.4,-1.8302063941955566,1.9546127319335938
47.8747,8.0036,1487.3125,1983.0,0.9510565162951535,0.0,-9.94,-77.7,-11.261110305786133,-81.9864273071289
22.31666667,114.1666667,34.056641,1977.0,0.2386727660059501,0.0,-6.1,-39.3,-2.9316773414611816,-8.353492736816406
36.29166667,81.00833333,2226.875,1991.0,-0.19667288979357622,0.0,1.32,26.7,-3.822073459625244,-16.686256408691406
43.73238889,7.423583333,8.8959961,2017.0,0.29671281927349075,5.391122977016494e-05,-4.55,-34.4,-4.751287937164307,-25.382301330566406
36.83,10.23,0.0,1983.0,0.9510565162951535,0.0,-5.03,-34.2,-4.811941623687744,-25.949928283691406
43.365884,-8.421399,56.794922,2003.0,-0.2135209154397959,1.1325491868774409e-06,-5.28,-14.93,-3.074820041656494,-9.693092346191406
-1.55085,29.26785,2256.25,2015.0,-0.680773409477016,0.0001420378393959,0.79,22.56,0.37758779525756836,22.616233825683594
51.35,12.43,125.46484,2009.0,0.741222010848596,4.677783726947382e-05,-5.19,-35.1,-7.071828842163086,-46.897674560546875
28.63,-106.07,1444.25,1981.0,-0.2135209154397959,0.0,-8.06,-59.2,-6.866888523101807,-45.181129455566406
44.13333333,6.333333333,881.625,2018.0,0.9760105506323683,0.0,-10.35,-73.9,-8.398983001708984,-58.013710021972656
12.13,15.03,294.5,1995.0,-0.9587178169872964,4.450349661055952e-05,-2.72,-10.5,-4.653028964996338,-24.462745666503906
78.91666667,11.93333333,38.650391,2008.0,-0.7116566222817751,0.0,-13.65,-96.1,-11.637100219726562,-85.13565826416016
-2.6,-78.56666667,1992.375,1993.0,-0.2884824328806098,0.0,-7.3,-45.8,-4.801023960113525,-25.847755432128906
-65.07944444,-63.9775,286.6875,1984.0,0.7295575540864875,3.4608406083323097e-07,-10.34,-78.0,-8.874862670898438,-73.8290786743164
22.06538333,-80.48231667,32.125,2022.0,0.9760105506323683,0.0,-1.52,-3.9,-2.143179416656494,-0.9743423461914062
46.29,-64.15,0.0,2004.0,-0.23030567023061196,0.0,-7.37,-50.7,-7.437809944152832,-53.326515197753906
-20.299175,57.47873889,391.1875,2014.0,-0.2884824328806098,3.241404101572698e-06,-1.68,-3.2,-2.516806125640869,-4.470924377441406
4.93,-52.32,5.0107422,2022.0,0.2386727660059501,0.000389274675399,-2.87,-11.1,-5.059408664703369,-28.265846252441406
-19.87086111,-43.96733333,844.875,2014.0,0.9510565162951535,0.0,-1.76,-2.1,-5.451231479644775,-31.932716369628906
-33.94638889,151.1730556,3.6643066,2011.0,-0.9587178169872964,0.0,-4.79,-18.9,-3.3538269996643066,-12.304176330566406
51.1622,14.9506,238.80469,1999.0,0.29671281927349075,0.0,-6.35,-41.5,-7.910452365875244,-53.921852111816406
34.01937778,-6.838286111,18.375977,2000.0,-0.8115390590073611,0.0,-0.11,9.61,-3.7662720680236816,-16.164039611816406
49.0422,12.1019,370.21875,2010.0,-0.9741004551724206,0.0,-8.6,-63.89,-8.862865447998047,-62.40937042236328
43.49111613,-3.800555816,50.095703,2013.0,0.9760105506323683,4.542283568298444e-05,-6.12,-36.3,-5.648355960845947,-33.777503967285156
36.88,30.7,0.0,2010.0,-0.9587178169872964,0.0,-0.600787831,5.509248532,-3.6886353492736816,-15.437477111816406
-40.35,-9.88,37.345703,1995.0,0.29671281927349075,0.0001318465510848,-4.17,-16.4,-4.593588352203369,-23.906471252441406
36.62,127.46,80.589844,2009.0,0.9760105506323683,6.115051655797288e-05,-5.7,-38.38,-6.866888523101807,-45.181129455566406
10.88,-74.78,22.039062,1987.0,0.6994583270516471,0.0,2.41,14.9,-4.084097385406494,-19.138404846191406
-35.07,173.28,71.449219,1989.0,0.6994583270516471,0.0,-1.01,-7.8,-4.826498508453369,-26.086158752441406
39.46666667,-6.333333333,410.0,2017.0,0.2386727660059501,5.652399704558775e-05,-5.4,-27.4,-6.321308612823486,-40.07532501220703
40.41195035,-3.67806112,671.09375,1989.0,-0.2884824328806098,7.68471545598004e-06,-8.02,-52.6,-7.752511024475098,-52.598960876464844
0.05,32.45,1135.4375,1966.0,0.29671281927349075,0.0,-2.34,-5.0,-1.8496155738830566,1.7729721069335938
40.67,109.85,1068.9375,1992.0,-0.6932812268869771,2.2188323782756925e-05,-6.02,-38.9,-4.137472629547119,-19.637916564941406
38.66038889,-27.22009444,77.109375,1999.0,0.6420547132365637,3.777717893171939e-06,-1.675,1.45,-3.293173313140869,-11.736549377441406
45.80666667,15.97,120.36328,2002.0,-0.4482293417404106,1.891286410682369e-05,-9.9,-67.7,-8.647085189819336,-60.091773986816406
49.38,-82.12,243.30469,2006.0,-0.680773409477016,5.8675086620496586e-05,-8.55,-59.6,-10.247663497924805,-77.9246597290039
44.42,8.85,5.4519043,1984.0,-0.9634705485641486,0.0,-5.55,-34.2,-5.08730936050415,-28.526954650878906
-34.38,-58.28,0.0,2001.0,-0.7236440382959123,7.485476089641452e-05,-3.0,-14.0,-3.317434787750244,-11.963600158691406
54.5275,9.5486,43.292969,2004.0,-0.7116566222817751,4.657544559449889e-05,-7.21,-46.0,-8.673942565917969,-60.31671905517578
53.23,6.55,7.7121582,1990.0,-0.2135209154397959,6.970958929741755e-05,-6.5,-38.8,-6.439280033111572,-41.179359436035156
-38.006017,-57.5714306,22.926758,2016.0,-0.27195815753410524,2.4686381948413327e-05,-5.49,-31.6,-5.416052341461182,-31.603492736816406
-51.7,-57.87,50.568359,1962.0,0.29671281927349075,1.1893653208971957e-05,-8.3,-63.2,-7.470248222351074,-54.59168243408203
47.81666667,13.71777778,1616.0625,2001.0,-0.5307300481619331,0.0001257451222045,-7.81,-50.4,-10.956737518310547,-79.43704986572266
46.22030867,7.33848445,481.70312,2009.0,0.29671281927349075,1.8524488041293807e-05,-3.19,-24.1,-7.088454246520996,-47.03692626953125
-20.67652,-66.63797,3679.0,2011.0,-0.2884824328806098,0.0,-10.59,-65.5,-8.858537673950195,-73.5961685180664
28.276976,84.30961,2101.5,2017.0,-0.6152845999633277,0.0009111574618145,-4.814460177,-44.42886875,-8.472179412841797,-68.0839614868164
-0.37,-78.55,3064.0,1980.0,0.2386727660059501,0.0,-5.21,-42.2,-4.9428629875183105,-39.0565299987793
45.8,28.2,40.330078,2014.0,0.6994583270516471,0.0,-10.04,-66.6,-11.949146270751953,-87.74930572509766
72.58,-38.4799,3202.0,2012.0,0.9338372288229252,2.396772288193461e-05,-39.03992674,-311.1387267,-32.32166290283203,-258.3861999511719
31.2025,29.87666667,-7.1420898,2001.0,-0.22192151300416674,0.0,-2.36,3.6,-3.5915894508361816,-14.529273986816406
40.37,-81.8,372.875,1969.0,-0.2135209154397959,6.991479313001037e-05,-5.76,-32.9,-6.022589206695557,-37.279762268066406
78.91666667,11.93333333,38.650391,2014.0,-0.7236440382959123,0.0,-10.45,-72.7,-11.984954833984375,-88.04923248291016
22.31666667,114.1666667,34.056641,2013.0,-0.2884824328806098,1.2000709830317646e-05,-7.14,-43.6,-3.3441224098205566,-12.213356018066406
-27.43,153.08,5.7802734,1963.0,0.29671281927349075,0.0,-2.7,0.6,-3.749289035797119,-16.005104064941406
45.32,-75.67,112.08594,1979.0,0.2386727660059501,0.0,-18.74,-137.8,-16.304670333862305,-123.0086441040039
51.3,3.75,9.4589844,1990.0,-0.9741004551724206,0.0,-10.42,-73.7,-7.063274383544922,-46.68126678466797
51.01666667,-114.0166667,1033.25,1994.0,-0.9587178169872964,1.162872649729252e-05,-16.1,-125.7,-16.028764724731445,-121.9195327758789
9.357072,-75.289167,200.4375,2014.0,0.9510565162951535,0.0,-0.06,5.3,-3.0190186500549316,-9.170875549316406
38.05011111,23.8675,438.375,2000.0,0.017213356155833904,0.0,-6.09,-29.8,-6.013491153717041,-37.194618225097656
46.49143367,9.898180888,1767.6875,2006.0,0.9760105506323683,6.597305036848411e-05,-13.24,-97.60886275,-13.69609260559082,-102.3814468383789
49.0392,8.365,112.44141,2008.0,0.9721181966290613,2.1599118554149754e-05,-9.37,-62.7,-8.780088424682617,-61.205787658691406
41.05916667,-100.7463889,918.34375,1997.0,-0.9760105506323682,0.0,-9.2,-56.0,-9.392671585083008,-66.33667755126953
32.65878,-16.92395,156.85938,2015.0,0.9510565162951535,0.0,-3.58,-20.4,-3.424185276031494,-12.962623596191406
47.59583333,7.594444444,248.26562,2012.0,-0.970063921851507,9.789014438865706e-05,-10.02,-75.53,-8.413403511047363,-59.82422637939453
46.39864119,6.233803787,434.125,2010.0,-0.9741004551724206,0.0,-8.06,-57.42691457,-8.6463623046875,-61.46021270751953
53.23,6.55,7.7121582,1979.0,0.6994583270516471,5.36973457201384e-05,-13.13,-95.6,-8.080460548400879,-57.39086151123047
50.9,14.8,240.94531,2016.0,0.2386727660059501,0.0,-13.19,-96.4,-10.78281021118164,-77.98026275634766
25.62,88.66,39.710938,2019.0,0.29671281927349075,0.0,-3.49,-16.9,-3.962790012359619,-18.003150939941406
36.15,-5.35,1.5737915,2009.0,0.9510565162951535,0.0,-6.08,-37.0,-4.597227573394775,-23.940528869628906
0.604166667,-77.81944444,2835.75,2016.0,0.7295575540864875,3.601983189582825e-05,-13.6,-100.2,-11.071481704711914,-105.1684341430664
51.6,-1.1,55.042969,2003.0,0.9760105506323683,0.0,-6.82,-39.4,-7.256491184234619,-49.26386642456055
7.198611111,-72.97388889,1864.375,2007.0,0.2386727660059501,0.0,-3.59,-13.66,-3.1524109840393066,-31.743064880371094
-16.346,-68.12,5119.5,1983.0,-0.680773409477016,0.0,-4.88,-19.2,-7.076846122741699,-48.176612854003906
48.24861111,16.35638889,200.63281,1978.0,0.9760105506323683,0.0,-9.5,-59.5,-10.542381286621094,-75.96646881103516
51.6,-1.1,55.042969,2012.0,-0.27195815753410524,0.0,-8.52,-61.2,-7.817094326019287,-53.13990020751953
50.8325,15.14777778,828.84375,2018.0,-0.2135209154397959,1.7814894818002358e-05,-8.31,-57.2,-6.972929000854492,-45.94526290893555
21.03,105.84,12.522461,2019.0,0.9760105506323683,0.0,-2.39,-6.0,-2.400351047515869,-3.3810806274414062
40.50691,-1.65147,1713.75,2020.0,-0.27195815753410524,8.407008863287047e-06,-7.61,-51.2,-9.654840469360352,-68.5325698852539
47.6772,9.19,442.90625,1978.0,-0.2135209154397959,0.0,-7.21,-49.2,-7.230010032653809,-48.11976623535156
-1.43,-48.48,4.737793,1984.0,-0.970063921851507,0.000121635493997,-0.7,4.0,-1.8884339332580566,1.4096908569335938
47.4828,11.0622,716.1875,2006.0,-0.9741004551724206,5.8586861996445805e-05,-7.73,-57.4,-10.056407928466797,-71.89603424072266
47.81666667,13.71777778,1616.0625,2001.0,-0.9398560579418953,0.0,-9.35,-62.2,-9.560203552246094,-67.73990631103516
13.52,2.09,210.4375,2017.0,-0.680773409477016,3.494807242532261e-05,-4.34,-23.3,-4.661520481109619,-24.542213439941406
-46.88,37.87,0.0,1962.0,-0.2884824328806098,2.150743512174813e-06,-4.1,-30.4,-5.771336555480957,-36.690223693847656
42.58834633,-5.651107617,911.78125,2001.0,-0.7236440382959123,0.0,-10.84,-73.0,-9.080625534057617,-63.72303009033203
31.08,33.83,31.658203,2002.0,0.9760105506323683,0.0,-8.3,-44.9,-3.089376926422119,-9.829322814941406
50.7311,13.7514,876.875,2007.0,-0.9587178169872964,0.0,-10.65,-72.2,-8.10356330871582,-55.53931427001953
53.8713,8.7058,4.7202148,1994.0,0.29671281927349075,4.166412054473767e-06,-4.68,-31.9,-6.866888523101807,-45.181129455566406
76.76666667,-18.66666667,0.0,2017.0,0.29671281927349075,4.728615294880001e-06,-7.28,-58.7,-15.752527236938477,-119.6058120727539
48.22,11.59,494.59375,1993.0,0.9760105506323683,1.367938421026338e-05,-7.93,-57.1,-10.951622009277344,-79.39420318603516
-13.0,28.65,1260.6875,2003.0,0.9510565162951535,0.0002346158289583,-4.81,-23.2,-5.509459018707275,-32.477638244628906
42.58834633,-5.651107617,911.78125,2013.0,-0.2135209154397959,0.0,-4.18,-25.7,-5.066687107086182,-28.333961486816406
47.4828,11.0622,716.1875,2010.0,-0.2884824328806098,0.0003272102330811,-17.94,-137.95,-12.427446365356445,-91.7554702758789
40.95,15.6354,1292.8125,2003.0,0.741222010848596,0.0,-8.1,-48.0,-6.132978916168213,-38.312843322753906
69.76666667,61.68333333,0.0,1983.0,-0.680773409477016,0.0,-11.9,-81.0,-12.345598220825195,-91.0699234008789
48.24861111,16.35638889,200.63281,1974.0,-0.2135209154397959,1.95205451802849e-08,-6.3,-38.0,-6.575144290924072,-42.450843811035156
32.97,35.5,816.46875,1966.0,0.2386727660059501,3.82852231268771e-05,-6.5,-36.3,-4.885939121246338,-26.642433166503906
45.6,13.93333333,486.53125,2000.0,-0.5667017562911184,0.0,-12.66,-89.42,-6.866888523101807,-45.181129455566406
54.5283,11.0603,1.9006348,2009.0,-0.9587178169872964,0.0,-3.04,-17.6,-7.241279602050781,-48.31697082519531
39.95,32.88,920.125,1986.0,-0.9587178169872964,4.821711627300829e-05,-0.45,4.5,-5.613783359527588,-33.453956604003906
52.2914,10.4464,80.6875,1998.0,-0.680773409477016,0.0001480197533965,-7.83,-54.9,-6.996774673461914,-46.26903533935547
46.49143367,9.898180888,1767.6875,2017.0,-0.680773409477016,0.0,-6.22,-39.9,-9.208513259887695,-64.79419708251953
0.05,32.45,1135.4375,1961.0,-0.680773409477016,0.0,0.4,18.7,-2.4610047340393066,-3.9487075805664062
-37.82,144.97,6.1674805,1986.0,0.9510565162951535,0.0,-2.45,-2.8,-5.168585300445557,-29.287574768066406
50.06166667,19.84861111,356.8125,2014.0,0.9760105506323683,0.0,-7.08,-49.4,-10.509130477905273,-75.6879653930664
42.025,35.15833333,61.443359,1966.0,-0.2884824328806098,1.301817610510625e-05,-12.59,-74.5,-10.24056625366211,-73.43851470947266
45.37,-63.27,12.535156,1979.0,-0.7236440382959123,0.0,-9.3,-65.0,-10.409378051757812,-74.85245513916016
24.83736944,-80.80080278,0.0,2002.0,0.4482293417404106,2.741486923696357e-06,-0.12,10.4,-3.822073459625244,-16.686256408691406
52.1042,8.7519,134.42188,1978.0,-0.9587178169872964,0.0,-7.71,-53.3,-6.729132175445557,-43.774593353271484
-2.77,-171.72,2.7612305,1963.0,0.9760105506323683,0.0,-0.7,-3.1,-3.618277072906494,-14.779029846191406
13.07176111,-59.48972222,45.302734,1962.0,-0.680773409477016,6.53549941489473e-05,-1.4,-4.4,-2.6405396461486816,-5.628883361816406
49.82,-74.97,386.4375,2001.0,0.9760105506323683,0.0,-8.93,-54.5,-14.903352737426758,-112.4932632446289
52.4672,13.4019,47.5625,1993.0,0.741222010848596,0.0,-6.0,-43.8,-7.057441234588623,-46.77716827392578
18.30388889,-65.74583333,553.1875,2006.0,-0.4635502709028512,2.73979571829841e-06,-2.44,-3.4,-2.895285129547119,-8.012916564941406
53.8713,8.7058,4.7202148,1981.0,0.9510565162951535,0.0,-7.67,-55.0,-7.889886856079102,-54.095558166503906
50.3119,11.8758,564.53125,2000.0,0.9562348265919056,0.0,-8.29,-58.8,-9.885038375854492,-70.4606704711914
47.47051111,21.49041944,105.30859,2009.0,0.9275416835791966,0.000125894555822,-6.02,-68.21,-9.920846939086914,-70.7605972290039
-27.43,153.08,5.7802734,1995.0,0.6994583270516471,9.383479482494296e-05,-2.65,-15.7,-2.555624485015869,-4.834205627441406
38.05011111,23.866675,444.85938,2017.0,-0.2884824328806098,0.0,-7.23,-40.9,-7.713505268096924,-52.272254943847656
17.45,78.47,527.28125,1999.0,-0.9741004551724206,9.985123324440792e-05,-9.26,-64.55,-4.273336887359619,-20.909400939941406
41.75,44.766667,0.0,2021.0,0.9760105506323683,0.0,-2.16,-4.1,-8.686731338500977,-60.42383575439453
2.883333333,101.7833306,55.289062,2014.0,-0.9587178169872964,6.252843741094694e-05,-5.03,-26.3,-6.282473087310791,-42.098060607910156
4.05,114.81,27.053711,2008.0,-0.4327755925504317,9.1312249423936e-05,-11.16,-78.87,-6.872064590454102,-45.254974365234375
46.17378583,8.788556051,407.5,2015.0,0.29671281927349075,0.0001944653195096,-4.66,-26.5,-6.632765293121338,-42.990089416503906
47.833185,1.940433,113.78516,2005.0,0.741222010848596,7.018784526735544e-05,-5.09,-34.6,-6.655055522918701,-43.198692321777344
39.95,32.88,920.125,2010.0,0.6994583270516471,0.0,-5.734154658,-26.38926442,-9.083183288574219,-63.74445343017578
-34.03,-67.97,581.875,1982.0,-0.2884824328806098,0.0,-3.2,-21.0,-6.320398807525635,-40.066810607910156
10.30944444,-84.8075,1486.125,2004.0,0.11165900712169512,0.0,-6.6,-44.0,-5.937224864959717,-41.426856994628906
39.95,32.88,920.125,1996.0,-0.7116566222817751,0.0,-5.98,-38.0,-8.868331909179688,-61.94489288330078
-53.0,-70.833333,32.589844,1993.0,-0.9587178169872964,0.0,-8.73,-68.9,-8.773284912109375,-72.3798599243164
9.0,38.73,2329.125,1961.0,0.29671281927349075,0.0,-1.5,7.5,-1.6361145973205566,3.7710189819335938
48.545,13.3528,478.40625,2012.0,-0.970063921851507,0.0001066861004801,-12.25,-87.1,-9.336400985717773,-65.86536407470703
51.35,12.43,125.46484,1994.0,-0.2884824328806098,4.88714940729551e-05,-8.34,-56.3,-10.629344940185547,-76.69486236572266
47.07777778,15.44888889,370.03125,1998.0,0.741222010848596,0.0,-10.83,-81.0,-7.796632289886475,-52.96851348876953
38.05011111,23.866675,444.85938,2006.0,-0.9587178169872964,0.0,-6.96,-43.33,-4.494116306304932,-22.975563049316406
51.93,-10.25,33.068359,1991.0,0.741222010848596,1.1418999747547788e-05,-1.52,-3.5,-5.483984470367432,-32.239234924316406
39.48056611,-0.366386255,14.827637,2021.0,-0.7236440382959123,0.0,-7.61,-45.8,-5.921297550201416,-36.331825256347656
-26.41388889,146.2558333,302.09375,2008.0,-0.6932812268869771,0.0,-3.9,-13.6,-2.4415955543518066,-3.7670669555664062
32.18,118.18,39.578125,1992.0,0.6994583270516471,0.0001334685948677,-5.25,-22.5,-4.549917697906494,-23.497779846191406
4.399,117.887,264.3125,2008.0,-0.7116566222817751,0.0001009128172881,-9.18,-63.74,-7.153836250305176,-50.847023010253906
-8.77,-63.92,52.0,1975.0,0.29671281927349075,8.30783392302692e-05,-2.33,-4.7,-4.720961093902588,-25.098487854003906
6.166666667,102.2833333,3.2288818,1996.0,-0.27195815753410524,0.0004652620991691,-6.55,-45.2,-5.528868198394775,-32.659278869628906
47.25,39.82,80.558594,1982.0,0.29671281927349075,2.165009209420532e-05,-6.1,-53.0,-7.722457408905029,-52.34723663330078
49.93333333,36.28333333,149.28125,2014.0,-0.2135209154397959,2.711295201152097e-05,-4.22,-30.5,-7.294353485107422,-48.761505126953125
-65.07944444,-63.9775,286.6875,1995.0,0.9510565162951535,5.251509652157407e-06,-10.65,-88.3,-9.116109848022461,-77.2709732055664
-33.97,18.6,41.798828,1962.0,0.2386727660059501,0.0,-3.3,-13.0,-3.298025608062744,-11.781959533691406
-5.8,-35.2,40.765625,1965.0,-0.7236440382959123,0.0,-1.6,-1.9,-1.9442353248596191,0.8874740600585938
-7.315277778,72.42805556,2.3126221,1994.0,-0.9741004551724206,1.638966568862088e-05,-2.35,-5.0,-4.028295993804932,-18.616188049316406
76.23333333,-119.2833333,6.2902832,1991.0,0.9510565162951535,0.0,-35.67,-272.9,-28.761266708374023,-228.56491088867188
47.4828,11.0622,716.1875,2012.0,0.2386727660059501,6.619529449380934e-05,-11.25,-84.78,-12.48371696472168,-92.2267837524414
36.62,127.46,80.589844,2012.0,-0.970063921851507,0.0,-4.59,-18.6,-7.0452165603637695,-47.72534942626953
35.13,-111.67,2151.0,1963.0,0.9760105506323683,0.0,-10.4,-75.6,-8.663545608520508,-70.8141860961914
48.545,13.3528,478.40625,2008.0,0.9562348265919056,4.238051769789308e-05,-9.26,-65.6,-10.690731048583984,-77.20902252197266
-15.6,-56.1,177.79688,1968.0,-0.27195815753410524,0.0,-7.87,-58.8,-2.793386936187744,-7.059303283691406
-3.12,-60.02,49.394531,1968.0,-0.7116566222817751,0.0,-1.52,0.2,-3.1985535621643066,-10.851051330566406
46.95222563,7.439320571,542.53125,2012.0,0.7295575540864875,0.0001092936508939,-7.69,-53.29,-8.909255981445312,-62.28766632080078
46.64833333,14.31833333,448.71875,1989.0,-0.9741004551724206,1.6876307199709117e-05,-11.59,-84.9,-9.575550079345703,-67.86844635009766
4.05,114.81,27.053711,2007.0,-0.9911140639934546,5.00411115353927e-05,-4.83,-28.89,-6.848949909210205,-47.443946838378906
22.06538333,-80.48231667,32.125,2020.0,-0.23030567023061196,0.0,-2.82,-11.4,-3.375662326812744,-12.508522033691406
51.18,8.4889,841.375,2007.0,-0.2135209154397959,0.0,-8.21,-55.6,-7.314778804779053,-48.8304443359375
78.07,13.63,0.0,1965.0,0.2386727660059501,0.0,-8.7,-47.1,-9.915731430053711,-70.7177505493164
34.71666667,10.68333333,23.232422,2010.0,0.9760105506323683,0.0,-2.61,-15.7,-4.500181674957275,-23.032325744628906
-0.694444444,-90.325,182.40625,2001.0,-0.9741004551724206,1.8246684021505644e-06,-1.35,-2.2,-1.8787293434143066,1.5005111694335938
63.52,-116.0,238.64844,2010.0,0.2386727660059501,0.0,-27.74,-220.3,-28.63849449157715,-227.53659057617188
64.69939722,-148.2525028,121.98047,2004.0,-0.8543221697498269,0.0,-11.73,-126.4,-17.056982040405273,-130.53170776367188
62.89179444,27.62542222,94.585938,2015.0,-0.2135209154397959,0.0,-9.29,-63.8,-8.515361785888672,-58.98847198486328
42.29055556,-85.58444444,244.73438,1993.0,0.7116566222817746,0.0,-22.1,-149.0,-11.27389907836914,-82.09354400634766
46.60305556,13.67138889,2148.125,2001.0,0.8165380514459161,4.868884934694506e-05,-6.87,-39.6,-7.787714004516602,-54.321739196777344
36.03,129.38,4.7189941,1974.0,0.9510565162951535,2.2059224136228295e-07,-4.89,-25.2,-5.880659580230713,-35.951515197753906
41.27,69.27,425.82812,1971.0,0.9510565162951535,0.0,-3.3,-8.0,-10.68305778503418,-77.1447525024414
51.83,6.25,9.5,1999.0,0.2386727660059501,0.0,-8.76,-60.6,-8.611276626586914,-59.791847229003906
4.466666667,101.3833333,1451.4375,2015.0,-0.7236440382959123,6.0138128901598975e-05,-9.83,-65.5,-8.59099006652832,-69.7790298461914
47.4828,11.0622,716.1875,1993.0,0.29671281927349075,0.0,-9.46,-64.3,-9.269899368286133,-65.30835723876953
-19.87086111,-43.96733333,844.875,2012.0,0.2386727660059501,3.326001387904398e-05,-5.95,-34.7,-5.268057346343994,-30.218482971191406
36.78,3.052222222,139.10156,2000.0,0.9721181966290613,0.0,-2.66,-20.1,-4.968428134918213,-27.414405822753906
51.83,6.25,9.5,1990.0,-0.9587178169872964,0.0,-5.55,-35.1,-6.448074817657471,-41.26166534423828
28.2,113.0666667,44.691406,1989.0,-0.2135209154397959,0.0,-11.03,-77.8,-7.82008695602417,-58.780494689941406
50.06166667,19.84861111,356.8125,1979.0,-0.2135209154397959,0.0,-7.52,-55.2,-7.453893184661865,-50.09778594970703
47.8008,11.0108,974.96875,1994.0,0.29671281927349075,0.0002839178487192,-8.42,-59.0,-9.16758918762207,-64.45142364501953
36.72,3.18,19.595703,2002.0,0.7583058084785624,0.0001719598658382,-1.77,-1.8,-4.603292942047119,-23.997291564941406
-34.90416667,-56.16666667,34.734375,2014.0,-0.7236440382959123,0.0,-8.15,-50.0,-3.5091004371643066,-13.757301330566406
50.06166667,19.84861111,356.8125,1982.0,-0.7236440382959123,0.0,-15.23,-110.9,-11.435037612915039,-83.4432144165039
46.22030867,7.33848445,481.70312,1997.0,-0.7236440382959123,0.0,-15.23,-113.9,-12.330251693725586,-90.9413833618164
13.07176111,-59.48972222,45.302734,1979.0,0.9510565162951535,2.0678728105849583e-05,-1.17,1.5,-1.1411805152893066,8.402854919433594
-53.0,-70.833333,32.589844,2015.0,-0.7236440382959123,0.0,-11.71,-74.5,-8.499387741088867,-68.4721450805664
49.0392,8.365,112.44141,1998.0,0.9760105506323683,1.0029811164713465e-05,-9.59,-69.9,-8.686731338500977,-60.42383575439453
48.545,13.3528,478.40625,2002.0,0.29671281927349075,0.0001403218338964,-5.82,-37.8,-7.336556434631348,-49.114990234375
4.05,114.81,27.053711,2010.0,0.9679377830240642,0.0,-9.74,-67.26,-6.843745231628418,-44.96454620361328
46.72738634,8.186782163,600.90625,1988.0,0.2386727660059501,5.329407031240407e-06,-13.66,-97.7,-13.742132186889648,-102.7670669555664
-25.27,-57.63,54.0,1967.0,0.29671281927349075,0.0,-2.39,-14.3,-4.312155246734619,-21.272682189941406
46.60305556,13.67138889,2148.125,2018.0,0.9657399376548549,0.0,-16.186,-128.45,-11.071836471557617,-80.4011001586914
-19.87086111,-43.96733333,844.875,2020.0,-0.7116566222817751,1.183819676953135e-05,-3.83,-17.6,-3.933676242828369,-17.730690002441406
47.8008,11.0108,974.96875,1999.0,0.8498170915275278,0.0,-18.6,-137.69,-10.74955940246582,-77.7017593383789
33.465,35.575,1032.9375,2005.0,0.6994583270516471,0.0001150540047092,-5.97,-20.94,-4.905348300933838,-26.824073791503906
49.7703,9.9578,265.90625,2003.0,0.9760105506323683,2.849828524631448e-05,-10.3,-77.45,-9.016681671142578,-63.18744659423828
37.77,-25.65,137.14062,2005.0,0.741222010848596,0.0,-4.34,-28.91,-3.5236573219299316,-13.893531799316406
-34.05,115.0249,77.78125,2018.0,0.9829265519799822,8.824674296192825e-05,-2.48,-7.9,-4.016165256500244,-18.502662658691406
48.8281,9.2,313.79688,1999.0,-0.680773409477016,0.0,-5.37,-38.45,-6.333439350128174,-40.18885040283203
-46.42,168.32,-0.90939331,1988.0,-0.9634705485641486,0.0001267190964426,-7.01,-46.7,-6.866888523101807,-45.181129455566406
56.97,24.07,4.2321777,1982.0,-0.2135209154397959,5.193670858716359e-06,-7.2,-44.0,-7.512721538543701,-50.59052276611328
34.88,35.88,0.0,1991.0,-0.2884824328806098,9.041038720170036e-05,-7.21,-35.5,-5.607717990875244,-33.397193908691406
-4.37,15.25,422.4375,1962.0,-0.9741004551724206,0.0,-4.2,-24.2,-3.962790012359619,-18.003150939941406
37.30268,-2.90198,1735.125,2018.0,0.9760105506323683,0.0,-9.15,-61.4,-6.599935531616211,-42.5887565612793
11.25,75.78,7.1804199,2003.0,-0.7236440382959123,2.9146814995328896e-05,-1.48,-0.8,-6.866888523101807,-45.181129455566406
-20.03333333,-68.85,3892.25,1985.0,-0.2884824328806098,0.0,-10.3,-68.0,-7.599246025085449,-55.629737854003906
36.15,-5.35,1.5737915,1966.0,-0.2884824328806098,0.0,-1.12,-5.6,-5.206190586090088,-29.639503479003906
50.3119,11.8758,564.53125,1987.0,0.6994583270516471,0.0,-11.33,-87.2,-12.626951217651367,-93.4264907836914
32.36666667,-6.4,467.60938,2002.0,0.9611297838723007,0.0,-8.83,-49.5,-3.6789307594299316,-15.346656799316406
47.98,-55.82,119.36328,2003.0,0.29671281927349075,0.0,-7.21,-49.9,-8.749395370483398,-60.948707580566406
46.60305556,13.67138889,2148.125,2003.0,0.47873384011578846,2.3116703232517463e-05,-22.55,-171.1,-8.378324508666992,-59.643943786621094
4.7,-74.13,2551.125,1985.0,0.29671281927349075,0.0,-7.2,-41.6,-8.59461784362793,-69.8307876586914
21.36774444,40.26815278,1971.625,2008.0,0.9760105506323683,0.0,-0.41,11.9,-1.2867493629455566,7.040550231933594
-31.95,115.97,20.375,2010.0,0.9510565162951535,0.0,-5.41,-26.5,-3.5430665016174316,-14.075172424316406
3.783333333,103.3333333,8.0805664,2015.0,-0.2884824328806098,0.0003809585759881,-8.57,-59.0,-6.866888523101807,-45.181129455566406
2.883333333,101.7833306,55.289062,2007.0,0.741222010848596,7.953719614306465e-05,-6.42,-41.02,-5.982557773590088,-36.905128479003906
36.03,129.38,4.7189941,1974.0,0.741222010848596,8.786672697169706e-05,-4.27,-27.5,-6.01470422744751,-37.205970764160156
51.116535,17.029468,118.94141,2007.0,-0.3456123126707333,9.931634849635884e-06,-7.384203329,-47.16577779,-9.392671585083008,-66.33667755126953
31.62,25.95,0.0,1986.0,0.9510565162951535,2.5784568151721032e-06,-5.0,-24.8,-3.167013645172119,-10.555885314941406
-75.58333333,-20.56666667,105.53516,2020.0,6.432490598706546e-16,4.3691677436501975e-09,-27.645,-216.48,-20.422409057617188,-164.86447143554688
51.88,-176.65,1.6268311,1966.0,0.9510565162951535,5.032252829550998e-06,-11.9,-83.8,-8.500399589538574,-62.504432678222656
50.7311,13.7514,876.875,2013.0,-0.2884824328806098,1.3674755791726056e-05,-9.17,-60.2,-10.854427337646484,-78.58011627197266
37.77,-25.65,137.14062,2006.0,0.29671281927349075,2.043130507445312e-06,-2.42,-11.81,-3.108786106109619,-10.010963439941406
33.27722222,44.38765833,39.535156,2013.0,-0.8840675099433637,0.0,-0.51,12.3,-2.7327332496643066,-6.491676330566406
39.95,32.88,920.125,2003.0,0.051619667223253764,1.0785107406263704e-05,-9.03,-61.9,-9.34663200378418,-65.95105743408203
-23.0,-47.13333333,635.21875,1998.0,0.7116566222817746,0.0001893059379654,-7.61,-51.6,-4.807089328765869,-25.904518127441406
46.72738634,8.186782163,600.90625,2013.0,0.29671281927349075,8.552760118618608e-05,-7.45,-51.94,-7.424479007720947,-49.851417541503906
51.35,12.43,125.46484,2008.0,-0.9634705485641486,0.0,-7.24,-51.0,-7.369953155517578,-50.488037109375
37.77,-25.65,137.14062,2015.0,-0.9741004551724206,8.174476533895358e-06,-4.74,-30.1,-3.7031922340393066,-15.573707580566406
-34.82175,-58.57258333,11.479492,2019.0,-0.9741004551724206,0.0,-4.31,-16.3,-3.142752170562744,-10.328834533691406
49.04,37.577,66.21875,2017.0,0.9510565162951535,0.000161821648362,-12.98,-97.1,-9.851787567138672,-70.18216705322266
-19.65028,-67.66944,3701.25,2009.0,0.9760105506323683,0.0,-16.332571,-124.5,-11.140409469604492,-106.1518325805664
-1.040555556,-80.465,36.576172,2016.0,0.6994583270516471,0.0,-0.44,6.2,-3.8827271461486816,-17.253883361816406
34.71666667,10.68333333,23.232422,1993.0,0.2386727660059501,0.0,-2.42,-4.5,-5.152815341949463,-29.139991760253906
42.11666667,44.96666667,1107.4375,2018.0,0.29671281927349075,0.0,-4.3,-24.8,-6.0401787757873535,-37.444374084472656
52.8,5.05,-4.4990234,1991.0,-0.2135209154397959,0.0,-3.15,-23.5,-6.427149295806885,-41.065834045410156
-46.88,37.87,0.0,2001.0,0.6994583270516471,1.1750637895602267e-05,-4.25,-24.56,-5.133406162261963,-28.958351135253906
53.23,6.55,7.7121582,1976.0,-0.6932812268869771,7.600695425935555e-06,-5.52,-34.6,-6.49993371963501,-41.746986389160156
-20.67777778,139.4875,339.82812,2012.0,-0.7116566222817751,0.0,3.06,27.4,-1.8835816383361816,1.4551010131835938
-1.68218,29.22716,1527.1875,2019.0,0.6994583270516471,0.0001359701564069,3.84,38.0,-2.7036194801330566,-6.219215393066406
64.13,-21.93,12.141602,2001.0,0.6994583270516471,0.0,-7.96,-54.5,-8.70335578918457,-60.563087463378906
36.62,127.46,80.589844,2016.0,0.9562348265919056,0.0,-2.4,-6.3,-5.897642612457275,-36.110450744628906
53.32,-60.42,46.541016,2003.0,0.2386727660059501,0.0,-19.25,-141.5,-20.109167098999023,-155.22494506835938
47.4828,11.0622,716.1875,1999.0,0.29671281927349075,0.0,-6.93,-46.25,-8.368289947509766,-57.756629943847656
46.96666667,28.9,90.308594,2011.0,-0.680773409477016,0.0,-4.04078432,-28.85250329,-6.553612232208252,-42.24933624267578
58.75,-94.06,16.645508,1990.0,-0.2135209154397959,4.896875907434151e-06,-16.36,-130.6,-13.764680862426758,-103.35999298095703
44.23,-79.77,234.99219,2000.0,-0.23030567023061196,0.0,-8.15,-57.2,-7.447332859039307,-53.462379455566406
-17.83,31.02,1473.25,1972.0,0.9562348265919056,0.0,-4.69,-24.1,-5.372381687164307,-31.194801330566406
32.63333333,-16.9,0.0,1988.0,-0.7116566222817751,1.3750450307270512e-05,-4.43,-14.9,-3.7128968238830566,-15.664527893066406
-33.94638889,151.1730556,3.6643066,2014.0,0.6994583270516471,0.0,-3.71,-15.3,-4.295172214508057,-21.113746643066406
46.60305556,13.67138889,2148.125,2018.0,0.9886775902323405,0.0001786129287211,-6.769,-39.24,-10.31162166595459,-75.6125259399414
28.276976,84.30961,2101.5,2016.0,-0.8717063187093217,0.0,-11.32081084,-84.05132151,-8.74063491821289,-71.9140396118164
10.86,0.2,372.54688,2019.0,-0.8263541987239094,0.0,-6.72,-43.56,-1.9515137672424316,0.8193588256835938
32.63333333,-16.9,0.0,1995.0,0.2386727660059501,6.353717253659852e-06,-0.14,3.2,-3.6692261695861816,-15.255836486816406
-38.73263889,-72.58922222,110.76172,1990.0,-0.9741004551724206,0.0,-9.4,-66.0,-4.794958591461182,-25.790992736816406
60.96666667,69.06666667,17.537109,1997.0,0.6994583270516471,6.237048182811122e-06,-18.9,-150.9,-20.003515243530273,-155.21139526367188
28.58,77.2,222.79688,1992.0,0.2802306751992159,0.0,-0.56,1.5,-2.448873996734619,-3.8351821899414062
26.19083333,91.79527778,99.136719,2003.0,-0.2135209154397959,0.0,-8.41,-58.33,-6.757256984710693,-44.15514373779297
-34.05,115.0249,77.78125,2008.0,-0.060213277365792774,8.62381057231687e-05,-4.82,-29.4,-3.3974976539611816,-12.712867736816406
52.2914,10.4464,80.6875,1980.0,-0.23030567023061196,3.688115612021648e-05,-7.22,-55.3,-6.328587055206299,-40.14344024658203
-62.12,-58.56,454.85938,1990.0,-0.2884824328806098,3.403351542972275e-08,-13.6,-98.0,-9.604207992553711,-86.48451232910156
50.92,5.78,111.17188,2009.0,0.9175836260593937,1.890773637569509e-05,-6.96,-43.98,-8.21226692199707,-56.449806213378906
-34.23583333,142.0866667,49.828125,2008.0,-0.23030567023061196,0.0,-3.88,-18.0,-3.526083469390869,-13.916236877441406
9.0,38.73,2329.125,1995.0,0.6994583270516471,0.0,-0.19,11.5,-0.6268372535705566,13.216331481933594
49.068224,13.614822,1118.0,2018.0,-0.2884824328806098,0.0,-11.89,-83.2,-11.575714111328125,-84.62149810791016
-31.95,115.78,12.910645,1992.0,-0.6932812268869771,3.413247759453952e-05,-4.76,-17.8,-3.1597352027893066,-10.487770080566406
47.81666667,13.71777778,1616.0625,2021.0,-0.5160623910158526,9.429890633327886e-05,-13.279,-94.36,-10.593536376953125,-76.39493560791016
40.50691,-1.65147,1713.75,2017.0,0.29671281927349075,0.0,-4.14,-24.4,-5.957083225250244,-36.666725158691406
76.52,-68.83,35.275391,1969.0,-0.2884824328806098,0.0,-33.78,-258.4,-19.8477725982666,-175.47140502929688
48.545,13.3528,478.40625,2009.0,-0.9587178169872964,0.0,-5.4,-33.7,-7.774251937866211,-52.78105926513672
40.80638889,-104.7547222,1641.75,1994.0,-0.7583058084785625,0.0,-13.9,-104.0,-12.671607971191406,-96.53482818603516
4.427,117.9086111,399.76562,2007.0,-0.9741004551724206,0.000162795477081,-7.89,-49.86,-7.239419460296631,-50.60845184326172
41.9,13.31666667,1152.75,2001.0,-0.9587178169872964,0.0,-6.85,-34.35,-6.426058769226074,-41.455177307128906
-22.9,-43.17,0.0,1976.0,0.9721181966290613,6.469109939644113e-05,-3.16,-12.7,-4.771910190582275,-25.575294494628906
43.73238889,7.423583333,8.8959961,2013.0,-0.7236440382959123,0.0001278551790164,-7.5,-51.58,-6.390757083892822,-40.725257873535156
0.05,32.45,1135.4375,2002.0,0.6994583270516471,0.0,-1.78,-1.95,-1.8447632789611816,1.8183822631835938
82.5,-62.33333333,62.875,1990.0,0.741222010848596,5.392314051277936e-06,-29.37,-230.0,-28.08601951599121,-222.90914916992188
-33.94638889,151.1730556,3.6643066,2012.0,0.2802306751992159,0.0,-5.35,-24.5,-3.962790012359619,-18.003150939941406
6.48,38.51,2779.625,1999.0,0.29671281927349075,0.0,-0.78,12.75,-0.7578492164611816,11.990257263183594
2.883333333,101.7833306,55.289062,1993.0,-0.2884824328806098,8.473695925204083e-05,-10.13,-66.87,-6.866888523101807,-45.181129455566406
-34.38,-58.28,0.0,1989.0,0.29671281927349075,0.0,-6.5,-37.0,-5.024229526519775,-27.936622619628906
-21.2,-159.8,7.8220215,1991.0,0.29671281927349075,2.0714210222649854e-06,-4.26,-24.3,-4.057409763336182,-18.888648986816406
47.8008,11.0108,974.96875,1980.0,-0.27195815753410524,0.0,-15.84,-110.9,-12.841802597045898,-95.2260513305664
-3.25,-79.98333333,2.8572998,1993.0,6.432490598706546e-16,0.0,-1.87,-6.12,-2.337271213531494,-2.7907485961914062
60.18008889,24.83286111,14.698242,2012.0,0.9721181966290613,3.746605216292664e-06,-11.98,-85.9,-11.836605072021484,-86.80667877197266
36.98,35.3,22.958008,1968.0,0.2386727660059501,0.0,-6.79,-28.9,-5.565260410308838,-32.999855041503906
46.22030867,7.33848445,481.70312,2012.0,0.7295575540864875,0.0001120140586863,-11.53,-87.1,-8.668827056884766,-60.27387237548828
33.86666667,35.56666667,226.0625,2002.0,0.9657399376548549,0.0,1.19,11.6,-4.645750522613525,-24.394630432128906
9.4778,-75.469,40.359375,2018.0,-0.9587178169872964,5.447033981909044e-05,-5.57,-35.3,-5.652601718902588,-33.817237854003906
18.47,-70.02,1.0,1996.0,-0.6932812268869771,2.865498208848294e-05,-4.95,-33.8,-3.564901828765869,-14.279518127441406
41.78,-87.75,186.0,1974.0,0.9760105506323683,2.3756879272696096e-06,-3.91,-21.2,-6.95720911026001,-45.93764114379883
36.15,-5.35,1.5737915,2022.0,-0.2884824328806098,0.0,-4.23,-19.7,-5.343267917633057,-30.922340393066406
46.05,-74.28,363.76562,1975.0,-0.7236440382959123,0.0,-11.8,-76.0,-12.826456069946289,-95.0975112915039
-34.05,115.0249,77.78125,2015.0,-0.6152845999633277,0.0,-4.17,-10.1,-3.225241184234619,-11.100807189941406
46.72738634,8.186782163,600.90625,2014.0,0.9510565162951535,0.0,-15.6,-116.4,-11.493865966796875,-83.93595123291016
5.383333333,103.1,10.330566,2014.0,-0.2135209154397959,8.038089436013252e-05,-4.49,-26.9,-6.385904788970947,-40.679847717285156
25.51900833,-80.491375,5.5644531,1998.0,0.5160623910158528,0.0,-3.44,-21.7,-3.6352601051330566,-14.937965393066406
-4.37,15.25,422.4375,1965.0,0.9760105506323683,0.0001648449251661,-4.8,-24.2,-5.201338291168213,-29.594093322753906
38.79273611,-9.105733333,36.355469,2002.0,-0.9209712877166346,6.82312311255373e-05,-0.84,2.6,-4.181143283843994,-20.046607971191406
-0.166666667,-78.48333333,2781.625,2018.0,-0.7236440382959123,2.28215467359405e-05,-9.59,-65.3,-8.422298431396484,-67.3722915649414
-1.52603,29.24557,3419.5,2015.0,0.9760105506323683,7.384063064819202e-05,-6.294,-31.06,-3.5091004371643066,-13.757301330566406
47.07777778,15.44888889,370.03125,1985.0,-0.680773409477016,0.0,-7.01,-45.2,-6.6903862953186035,-43.529335021972656
47.07777778,15.44888889,370.03125,1994.0,-0.7236440382959123,0.0,-11.53,-82.7,-10.869773864746094,-78.70865631103516
31.66666667,35.98333333,714.65625,2002.0,0.2386727660059501,1.3624829989566932e-05,-5.12,-22.3,-5.063047885894775,-28.299903869628906
48.24861111,16.35638889,200.63281,1980.0,-0.9634705485641486,0.0,-7.98,-60.4,-7.7941389083862305,-52.99320983886719
53.23,6.55,7.7121582,2007.0,0.6994583270516471,8.437150427198503e-06,-6.4,-44.73,-8.173454284667969,-58.28063201904297
47.07777778,15.44888889,370.03125,1991.0,-0.2135209154397959,9.682229574536905e-06,-6.52,-43.4,-6.673858165740967,-43.374656677246094
48.18427778,16.389575,201.11719,2002.0,0.6287628145958344,0.0,-6.36,-44.8,-9.726457595825195,-69.1324234008789
-40.68,144.69,82.167969,2008.0,-0.6932812268869771,8.922578672354575e-06,-4.37,-25.9,-3.957937717437744,-17.957740783691406
38.00194982,-1.170837424,61.660156,2012.0,-0.6932812268869771,8.540418093616609e-06,-2.37,-9.4,-3.9700684547424316,-18.071266174316406
-12.43,130.87,16.515625,1978.0,-0.9587178169872964,0.0,0.89,10.6,-1.9418091773986816,0.9101791381835938
19.72,-155.07,7.4401855,1964.0,0.2802306751992159,1.1868542969750706e-05,-1.8,-3.1,-2.783682346343994,-6.968482971191406
35.27,-75.55,0.0,1973.0,-0.2884824328806098,0.0001736829726723,-4.17,-15.5,-4.512312412261963,-23.145851135253906
28.22,-177.37,0.0,1989.0,-0.9587178169872964,1.211742164741736e-05,-6.17,-38.1,-3.312582492828369,-11.918190002441406
0.616666667,-69.2,92.0,1973.0,0.9760105506323683,9.827777103055269e-05,-11.2,-79.0,-5.8460869789123535,-35.627967834472656
31.62,25.95,0.0,1988.0,0.6994583270516471,4.071292096341495e-06,0.31,4.7,-3.084524631500244,-9.783912658691406
10.59,-85.62,95.164062,1990.0,-0.7236440382959123,4.847955278819427e-05,-6.53,-42.8,-5.6422905921936035,-33.720741271972656
51.93,-10.25,33.068359,2010.0,0.9510565162951535,3.277260020695394e-06,-7.34,-51.2,-5.725386142730713,-34.498390197753906
17.46,106.62,2.4233398,2021.0,0.9510565162951535,0.0,-1.63,-2.6,-2.7909607887268066,-7.036598205566406
-23.8,133.88,544.75,1962.0,-0.7236440382959123,0.0,2.8,8.1,-2.317862033843994,-2.6091079711914062
43.365884,-8.421399,56.794922,2008.0,0.2802306751992159,7.1433469202020206e-06,-2.28,-13.23,-4.166586399078369,-19.910377502441406
-24.78,-65.4,1227.625,2001.0,0.741222010848596,0.0,-4.0,-15.0,-5.278975009918213,-30.320655822753906
51.93,-10.25,33.068359,1979.0,0.9510565162951535,0.0,-4.52,-26.6,-5.954927444458008,-36.90392303466797
17.25,54.08333333,863.25,1989.0,0.440518784350495,0.0,-0.11,12.6,-1.4080567359924316,5.905296325683594
60.72,-135.07,695.0,1962.0,0.9510565162951535,0.0,-22.7,-173.7,-21.712095260620117,-169.52218627929688
22.31666667,114.1666667,34.056641,2008.0,0.2386727660059501,6.851230136817321e-05,-2.85,-6.05,-3.598867893218994,-14.597389221191406
62.89179444,27.62542222,94.585938,2013.0,0.2386727660059501,0.0,-16.77,-122.0,-17.154176712036133,-131.34579467773438
-19.87086111,-43.96733333,844.875,2015.0,0.9760105506323683,0.0,-6.84,-42.0,-5.4657883644104,-32.068946838378906
10.00036389,-84.10913333,1157.3125,2018.0,-0.060213277365792774,4.153264671913348e-05,-4.799397104,-30.1842249,-6.39060115814209,-44.033729553222656
47.6772,9.19,442.90625,1982.0,0.6994583270516471,0.0,-18.69,-136.5,-14.008138656616211,-104.9950942993164
48.8281,9.2,313.79688,1973.0,0.9510565162951535,7.460427150363103e-05,-11.93,-85.9,-10.20987319946289,-73.18143463134766
38.98916547,-3.920273851,626.8125,2021.0,0.9760105506323683,0.0,-4.86,-32.4,-6.125093936920166,-38.239051818847656
43.73238889,7.423583333,8.8959961,2015.0,-0.9587178169872964,3.805809683399275e-05,-5.49,-31.8,-4.860464572906494,-26.404029846191406
37.77,-25.65,137.14062,1995.0,-0.9587178169872964,0.0,-1.43,-3.4,-3.2955994606018066,-11.759254455566406
-23.8,133.88,544.75,2006.0,-0.2135209154397959,0.0,-3.33,-9.6,-3.3829407691955566,-12.576637268066406
9.4778,-75.469,40.359375,2021.0,0.9760105506323683,0.0,-3.86,-25.3,-2.9559388160705566,-8.580543518066406
4.7,-74.13,2551.125,2013.0,-0.680773409477016,0.0,-12.3,-88.33,-7.484740734100342,-54.709503173828125
36.15,-5.35,1.5737915,2013.0,-0.9741004551724206,0.0,-2.81,-13.0,-4.612997531890869,-24.088111877441406
46.60305556,13.67138889,2148.125,2018.0,-0.2636654927280072,9.618974581826478e-05,-4.977,-24.85,-12.289327621459961,-90.5986099243164
46.72738634,8.186782163,600.90625,2022.0,0.6994583270516471,0.0,-9.61,-66.0,-13.471010208129883,-100.4961929321289
52.1,5.18,1.7967529,2009.0,-0.6354323008901775,0.0,-6.3,-35.43,-6.866888523101807,-45.181129455566406
49.03146667,-119.4651694,282.5,2010.0,0.440518784350495,1.9113118469249457e-05,-10.6,-89.0,-14.729425430297852,-111.0364761352539
-2.95,-60.2,55.640625,1989.0,-0.8631421280499115,0.0,-0.73,4.2,-3.186422824859619,-10.737525939941406
49.19472222,-123.0172222,1.3475342,2017.0,0.741222010848596,7.855021976865828e-06,-5.21,-61.1,-11.483634948730469,-83.85025787353516
36.15,-5.35,1.5737915,2011.0,-0.680773409477016,0.0,-6.864454063,-37.19700176,-3.477560520172119,-13.462135314941406
60.72,-135.07,695.0,1962.0,-0.2135209154397959,0.0,-16.9,-134.2,-21.313085556030273,-166.18014526367188
54.6789,13.4342,38.980469,2004.0,-0.7116566222817751,4.445355079951696e-05,-9.55,-66.0,-9.468124389648438,-66.96866607666016
21.44,91.99,9.9770508,2015.0,0.29671281927349075,6.956249853828922e-05,-4.61,-31.9,-4.391005039215088,-22.010597229003906
40.7930564,-4.010553289,1892.5,2014.0,-0.2135209154397959,0.0,-6.77,-42.2,-5.971333026885986,-37.92694854736328
63.52,-116.0,238.64844,2000.0,0.9562348265919056,0.0,-30.05,-231.9,-24.290311813354492,-191.11691284179688
4.7,-74.13,2551.125,1999.0,-0.9587178169872964,3.633091182564385e-05,-12.325,-84.6,-7.83550500869751,-59.000465393066406
40.8203002,0.493333172,52.294922,2020.0,-0.9634705485641486,0.0,-2.17,-12.8,-4.627554416656494,-24.224342346191406
38.05011111,23.866675,444.85938,2018.0,-0.9741004551724206,0.0,-5.83,-36.1,-4.497755527496338,-23.009620666503906
55.47,10.33,17.571289,1964.0,-0.6932812268869771,0.0,-3.5,-26.1,-6.788796901702881,-44.45030975341797
19.27116389,-99.20359444,2580.375,2010.0,0.6807734094770161,0.0,-3.68,-20.6,-4.82407283782959,-28.383880615234375
51.3,3.75,9.4589844,1994.0,-0.5667017562911184,0.0,-4.33,-28.7,-6.866888523101807,-45.181129455566406
-38.47,-62.16,195.67188,1983.0,0.6994583270516471,6.528723315568641e-05,-4.2,-17.8,-5.988623142242432,-36.961891174316406
28.58,77.2,222.79688,1976.0,-0.6932812268869771,0.0001446036767447,-6.53,-40.9,-7.839132785797119,-59.052223205566406
-25.73,28.18,1326.75,1966.0,0.9760105506323683,0.0,-1.67,-11.2,-3.8147950172424316,-16.618141174316406
8.92,-79.6,11.163086,1993.0,-0.9587178169872964,0.0,-3.0,-13.1,-6.378929615020752,-40.61457061767578
50.8325,15.14777778,828.84375,2012.0,-0.7116566222817751,0.0,-14.06,-98.2,-10.833965301513672,-78.40872955322266
46.60305556,13.67138889,2148.125,2002.0,-0.5524353131676203,0.0,-7.16,-42.4,-12.903188705444336,-95.7402114868164
49.0392,8.365,112.44141,1992.0,-0.970063921851507,5.696774678654037e-05,-8.59,-57.3,-8.09306526184082,-57.310768127441406
42.85,-80.27,228.9375,1979.0,0.741222010848596,0.0,-9.1,-75.0,-6.866888523101807,-45.181129455566406
45.8,28.2,40.330078,2016.0,0.7295575540864875,0.0,-5.84,-37.7,-8.447580337524414,-58.420753479003906
-0.37,-78.55,3064.0,1991.0,0.29671281927349075,0.0,-12.31,-90.5,-9.117923736572266,-77.2968521118164
9.49,138.09,7.6940918,1972.0,-0.27195815753410524,1.805856481951196e-05,-4.07,-21.2,-5.02908182144165,-27.982032775878906
52.8,5.05,-4.4990234,1996.0,-0.9995462806873573,3.815118361671921e-06,-4.85,-31.1,-6.866888523101807,-45.181129455566406
52.8,5.05,-4.4990234,2006.0,0.5808002734538009,2.1860165361431427e-05,-10.51,-78.13,-6.964895248413086,-46.57939910888672
52.93,4.78,0.63311768,1986.0,0.9510565162951535,0.0,-7.26,-51.8,-7.705161094665527,-52.97443389892578
41.78,-87.75,186.0,1979.0,0.2386727660059501,6.466141348937526e-05,-17.64,-131.9,-12.130884170532227,-87.9948501586914
53.8713,8.7058,4.7202148,1993.0,0.2386727660059501,3.062927135033533e-05,-6.01,-41.4,-8.951457977294922,-62.641151428222656
-13.0,28.65,1260.6875,2006.0,0.9510565162951535,0.0,-6.24,-41.28,-5.451231479644775,-31.932716369628906
41.733333,43.516667,0.0,2014.0,-0.7236440382959123,0.0,-15.25,-111.7,-9.06783676147461,-63.61591339111328
58.26388889,26.46138889,70.085938,2015.0,0.6994583270516471,1.1663262739602942e-05,-14.05,-103.9,-13.85978889465332,-103.7525405883789
43.54983333,13.60116667,546.1875,2018.0,0.29671281927349075,0.0,-4.9,-27.1,-5.280188083648682,-30.332008361816406
47.8008,11.0108,974.96875,1997.0,-0.9587178169872964,1.8080962036037818e-05,-5.76,-33.16,-8.647085189819336,-60.091773986816406
41.64083945,-4.754446679,735.625,2018.0,-0.2135209154397959,2.941626917163376e-06,-3.81,-29.2,-4.905348300933838,-26.824073791503906
10.00036389,-84.10913333,1157.3125,2015.0,0.9721181966290613,0.0,1.017634971,7.569058714,-2.740011692047119,-6.559791564941406
4.365694444,18.58725,381.14062,2016.0,0.9721181966290613,0.0,1.28,14.4,-1.3352723121643066,6.586448669433594
-37.82,144.97,6.1674805,1964.0,0.9721181966290613,0.0,-6.7,-37.2,-4.982985019683838,-27.550636291503906
33.27722222,44.38765833,39.535156,2015.0,-0.034421611622745804,0.0,-3.14,-6.67,-3.5091004371643066,-13.757301330566406
22.7,90.36,5.9089355,2020.0,-0.6932812268869771,0.0001544557017041,-8.69,-59.2,-7.576572418212891,-55.306251525878906
47.12,9.49,459.84375,2023.0,0.9760105506323683,2.937547833425924e-05,-9.36,-68.49,-10.721424102783203,-77.46610260009766
13.03,123.94,881.09375,1998.0,0.6994583270516471,0.0,-1.39,2.8,-3.409628391265869,-12.826393127441406
4.05,114.81,27.053711,2010.0,0.09453674981719912,0.0,-8.61,-54.09,-7.718962669372559,-57.337745666503906
36.846389,-2.356942,16.541016,2006.0,-0.9587178169872964,0.0,-1.74,-18.99,-4.333990573883057,-21.477027893066406
4.05,114.81,27.053711,2007.0,0.9536809966304457,7.733279198873788e-05,-7.09,-47.12,-6.8586626052856445,-45.10414505004883
38.73,-27.22,557.78125,1999.0,0.6994583270516471,0.0001148863884736,-5.635,-31.65,-3.817221164703369,-16.640846252441406
42.58834633,-5.651107617,911.78125,2005.0,0.2386727660059501,1.951869853655808e-05,-10.83,-76.53,-10.066638946533203,-71.98172760009766
40.41666667,-7.55,1295.4375,1996.0,0.7295575540864875,8.301089110318571e-05,-7.55,-46.7,-6.159060001373291,-38.556922912597656
46.49143367,9.898180888,1767.6875,2015.0,0.2386727660059501,4.643753072741674e-06,-16.26,-121.3,-15.49675178527832,-117.4634780883789
-36.6395,-72.09198611,118.87109,1991.0,0.9760105506323683,0.0,-6.7,-47.0,-5.90795373916626,-36.206947326660156
-34.05,115.0249,77.78125,2016.0,-0.2802306751992161,3.327482772874646e-05,-2.94,-7.1,-3.346548557281494,-12.236061096191406
23.95277778,90.27916667,23.626953,2021.0,-0.9587178169872964,0.0002740863419603,-7.83,-53.9,-7.20014762878418,-50.94654083251953
4.93,-52.32,5.0107422,2022.0,-0.9741004551724206,0.0,-2.86,-14.2,-3.6449646949768066,-15.028785705566406
-20.47,-54.67,554.875,1990.0,0.8406184056344782,0.0,-10.74,-75.5,-5.208616733551025,-29.662208557128906
23.03,72.55,52.095703,2007.0,-0.008606996888688009,0.0,-2.7,-11.8,-2.6114258766174316,-5.356422424316406
38.77,-27.19,280.32812,1998.0,-0.2884824328806098,0.0,-3.67,-13.2,-4.079245090484619,-19.092994689941406
64.13,-21.93,12.141602,1976.0,0.7295575540864875,0.0,-8.78,-65.8,-6.866888523101807,-45.181129455566406
19.28,166.65,4.0,1975.0,-0.680773409477016,5.407720891525969e-05,-2.08,-9.4,-2.8734498023986816,-7.808570861816406
52.4672,13.4019,47.5625,1995.0,-0.7236440382959123,8.533148502465338e-05,-9.37,-71.3,-9.070394515991211,-63.63733673095703
45.3738,-75.6862,78.394531,2017.0,-0.2135209154397959,0.0002958666591439,-11.07,-77.8,-7.318012237548828,-48.95967102050781
12.13,15.03,294.5,1965.0,0.29671281927349075,0.0,6.2,47.8,-0.6947693824768066,12.580589294433594
-24.78,-65.4,1227.625,2001.0,0.9510565162951535,0.0,-11.1,-76.0,-5.428183078765869,-31.717018127441406
36.78,3.052222222,139.10156,2003.0,-0.9741004551724206,0.0,-0.84,8.6,-4.739157199859619,-25.268775939941406
49.0422,12.1019,370.21875,1985.0,0.6994583270516471,0.0,-12.42,-93.6,-13.261274337768555,-98.7394790649414
35.230556,129.080278,54.740234,2019.0,-0.9741004551724206,0.0,-6.61,-40.4,-6.866888523101807,-45.181129455566406
48.24861111,16.35638889,200.63281,2014.0,0.29671281927349075,0.0,-10.75,-85.5,-7.634854316711426,-51.613487243652344
44.13333333,6.333333333,881.625,2011.0,0.9510565162951535,0.0,-8.76,-64.05,-8.428398132324219,-58.26007843017578
-65.07944444,-63.9775,286.6875,1998.0,-0.680773409477016,1.8971387884516e-07,-10.07,-80.6,-9.235963821411133,-86.98453521728516
33.725,36.13027778,1575.9375,1992.0,-0.27195815753410524,7.27713413652964e-05,-8.73,-50.1,-6.56240701675415,-42.331642150878906
46.72738634,8.186782163,600.90625,2010.0,-0.7236440382959123,0.0,-15.79,-119.2359019,-12.545103073120117,-92.7409439086914
-31.15583333,136.8052778,166.9375,2009.0,0.9760105506323683,0.0,1.75,3.8,-3.6837830543518066,-15.392066955566406
78.91666667,11.93333333,38.650391,1998.0,0.9510565162951535,0.0001198606769321,-10.78,-75.8,-12.32002067565918,-90.8556900024414
-65.07944444,-63.9775,286.6875,1985.0,-0.9741004551724206,6.177543346657406e-06,-5.25,-46.5,-7.915005683898926,-93.5367431640625
26.08333333,119.2833333,13.927246,1992.0,0.9562348265919056,2.1934331016382203e-05,-3.91,-17.1,-3.943380832672119,-17.821510314941406
38.98916547,-3.920273851,626.8125,2013.0,0.741222010848596,0.0,-5.0,-30.2,-5.423330783843994,-31.671607971191406
37.05,29.65,1426.5,1993.0,0.741222010848596,0.0,-10.08,-51.8,-4.304876804351807,-21.204566955566406
39.46666667,-6.333333333,410.0,2015.0,-0.7236440382959123,0.0,-7.36,-44.6,-5.839415073394775,-35.565528869628906
5.383333333,103.1,10.330566,2020.0,0.7295575540864875,1.0840447430382484e-05,-5.55,-32.1,-5.32021951675415,-30.706642150878906
-17.58833333,-149.5805556,473.71875,2000.0,0.8800122039735357,1.8754080883809365e-05,-1.75,-2.9,-4.052557468414307,-18.843238830566406
41.66056063,-1.004162565,244.98438,2004.0,-0.9634705485641486,0.0,-0.53,-6.11,-5.382086277008057,-31.285621643066406
58.38277778,21.81416667,5.9343262,2022.0,0.6994583270516471,1.7741936972015537e-05,-12.53,-97.6,-12.233057022094727,-90.1272964477539
4.618216667,-74.12840833,2560.5,1999.0,-0.9587178169872964,3.633091182564385e-05,-10.55,-72.5,-7.83550500869751,-59.000465393066406
32.2361,-110.9439,753.21875,1995.0,0.6994583270516471,3.5473716707201675e-05,-11.38549223,-79.45595855,-6.866888523101807,-45.181129455566406
-26.81666667,-65.21666667,453.07812,2001.0,-0.2884824328806098,0.0003440431319177,-1.3,5.0,-5.949198246002197,-36.592933654785156
-23.8,133.88,544.75,2008.0,-0.27195815753410524,0.0,-2.63,-9.6,-3.162161350250244,-10.510475158691406
33.65694444,73.26611111,580.9375,1993.0,0.2386727660059501,0.0,-3.81,-17.1,-4.777975559234619,-25.632057189941406
40.50691,-1.65147,1713.75,2019.0,-0.680773409477016,3.927381840185262e-05,-5.01,-28.0,-5.5240159034729,-32.613868713378906
12.69325,-7.995494444,382.5625,1965.0,-0.680773409477016,0.0,-6.2,-39.7,-5.612570285797119,-33.442604064941406
-41.47,-72.93,43.574219,2011.0,0.2386727660059501,0.0,-3.33,-22.3,-6.387117862701416,-40.691200256347656
46.60305556,13.67138889,2148.125,2002.0,-0.3131070409358267,0.0,-7.97,-48.6,-13.563089370727539,-101.2674331665039
-18.67178694,34.07239317,343.8125,2011.0,0.2386727660059501,0.0,-7.24,-47.7,-3.006887912750244,-9.057350158691406
38.00194982,-1.170837424,61.660156,2008.0,-0.23030567023061196,0.0,-2.66,-14.91,-3.356253147125244,-12.326881408691406
-33.95833333,18.46111111,109.49609,2005.0,0.2386727660059501,0.0,-1.94,-7.0,-3.4314637184143066,-13.030738830566406
49.0975,19.59,572.9375,2000.0,-0.6932812268869771,8.437619544565678e-05,-5.55,-37.3,-6.866888523101807,-45.181129455566406
26.19083333,91.79527778,99.136719,2004.0,0.9562348265919056,0.0,-0.2,3.6,-2.254782199859619,-2.0187759399414062
82.5,-62.33333333,62.875,1993.0,0.741222010848596,7.756328159302939e-06,-30.81,-227.5,-28.126943588256836,-223.25192260742188
48.24861111,16.35638889,200.63281,1962.0,-0.680773409477016,0.0,-4.5,-33.5,-6.870193958282471,-45.13807678222656
47.4828,11.0622,716.1875,1992.0,-0.6932812268869771,0.0,-9.6,-68.2,-6.703881740570068,-43.65563201904297
-75.58333333,-20.56666667,105.53516,1982.0,0.6994583270516471,2.785344366673611e-06,-13.28,-97.1,-16.79169464111328,-135.33578491210938
37.77,-25.65,137.14062,2020.0,0.7295575540864875,1.8465729226591066e-05,-2.34,-9.2,-3.4896912574768066,-13.575660705566406
28.58,77.2,222.79688,1969.0,0.6994583270516471,0.0,-2.96,-21.8,-0.19013071060180664,17.303245544433594
50.9,14.8,240.94531,2017.0,0.741222010848596,1.4534101865137927e-05,-6.44,-46.5,-7.597766876220703,-51.30284881591797
-21.2,-159.8,7.8220215,1980.0,-0.9634705485641486,8.491424523526803e-06,-1.06,6.6,-3.1451783180236816,-10.351539611816406
-23.8,133.88,544.75,2011.0,-0.2135209154397959,0.0,-4.45,-38.9,-3.3780884742736816,-12.531227111816406
45.37,-63.27,12.535156,1976.0,-0.7116566222817751,0.000214612489799,-12.0,-81.0,-10.092216491699219,-72.19596099853516
45.32,-75.67,112.08594,2016.0,0.2802306751992159,0.0,-8.9,-61.1,-8.82229232788086,-61.55927276611328
60.18008889,24.83286111,14.698242,2006.0,-0.7236440382959123,3.054082480957732e-05,-12.7,-88.2,-11.759872436523438,-86.16397857666016
26.58333333,106.7166667,1077.9375,1989.0,-0.2884824328806098,0.0,-4.33,-11.4,-4.847787857055664,-28.432289123535156
49.7478,6.6581,259.26562,1999.0,-0.7236440382959123,0.0,-9.44,-66.15,-9.156078338623047,-64.35501861572266
-53.0,-70.833333,32.589844,2010.0,-0.9741004551724206,0.0,-15.28,-115.0,-8.44406509399414,-67.6828384399414
68.5,112.4333333,105.19531,1996.0,-0.970063921851507,0.0,-28.1,-218.8,-25.425954818725586,-200.62887573242188
45.32,-75.67,112.08594,1976.0,0.6994583270516471,0.0,-14.59,-104.7,-14.76011848449707,-111.2935562133789
-31.95,115.97,20.375,1962.0,-0.2884824328806098,5.6029381084954366e-05,0.6,15.6,-3.268911838531494,-11.509498596191406
-27.78,-64.27,189.97656,1984.0,0.2802306751992159,9.46527325140778e-06,-2.5,-6.0,-6.189993381500244,-38.846412658691406
43.83758,10.35235,-1.0,2008.0,-0.27195815753410524,1.7629994545131922e-05,-7.6,-51.29,-6.6709771156311035,-43.347694396972656
-33.45,-70.7,507.65625,1974.0,0.741222010848596,4.780553808814148e-06,-8.31,-53.6,-6.361643314361572,-40.452796936035156
-45.35,-72.07,583.1875,1990.0,0.9510565162951535,0.0,-13.6,-99.0,-9.041740417480469,-76.2099380493164
-27.43,153.08,5.7802734,2011.0,0.29671281927349075,0.0,-2.12,-2.8,-3.0675415992736816,-9.624977111816406
6.565555556,100.2348889,28.0,2002.0,-0.9741004551724206,0.000142876888276,-7.8,-48.24,-6.718015193939209,-46.570289611816406
47.81666667,13.71777778,1616.0625,2019.0,-0.1712931441814778,0.0,-22.37,-173.87,-8.272375106811523,-56.95325469970703
2.816666667,101.5833333,1.5,2003.0,0.6994583270516471,0.0,-5.53,-20.95,-5.735697269439697,-34.594886779785156
33.65694444,73.26611111,580.9375,2001.0,0.9760105506323683,5.852989124832675e-05,0.59,10.5,-2.453726291656494,-3.8805923461914062
45.3738,-75.6862,78.394531,2018.0,-0.680773409477016,4.38941060565412e-05,-6.55,-41.0,-7.574283599853516,-53.57463836669922
46.37222222,6.470833333,387.75,2018.0,0.741222010848596,0.0,-6.09,-41.1,-7.1153106689453125,-47.261871337890625
45.06767778,22.79993889,366.15625,2019.0,0.2386727660059501,0.0,-14.53,-103.1,-12.626951217651367,-93.4264907836914
22.31666667,114.1666667,34.056641,1992.0,-0.9634705485641486,0.0,-6.36,-40.7,-6.866888523101807,-45.181129455566406
-16.49888889,-68.12305556,3582.75,2004.0,-0.27195815753410524,0.0,-9.53,-66.3,-9.46800422668457,-82.2914810180664
-27.17,-109.43,140.28906,1996.0,0.6994583270516471,2.828521928677219e-06,-1.91,-2.7,-3.1645874977111816,-10.533180236816406
68.96666667,33.05,0.059604645,1981.0,-0.2135209154397959,3.050728264497593e-05,-8.3,-56.0,-9.754592895507812,-69.36808013916016
50.9,14.8,240.94531,2017.0,-0.2884824328806098,3.81675963581074e-05,-13.87,-100.6,-11.074394226074219,-80.42252349853516
4.05,114.81,27.053711,2010.0,-0.1712931441814778,0.0005353968590497,-12.39,-86.001,-7.337139129638672,-51.890235900878906
43.365884,-8.421399,56.794922,2020.0,-0.970063921851507,0.0001501098449807,-3.98,-19.0,-4.793745517730713,-25.779640197753906
52.2914,10.4464,80.6875,1981.0,-0.2135209154397959,0.0001043124138959,-5.86,-41.6,-6.27126932144165,-39.607032775878906
9.93,-84.1,1135.125,2019.0,0.9760105506323683,0.0,-2.08,-4.4,-2.904989719390869,-8.103736877441406
-54.78,-68.28,104.83984,1998.0,-0.7236440382959123,0.0,-9.4,-69.0,-8.702543258666992,-71.3705825805664
45.32,-75.67,112.08594,1983.0,0.9760105506323683,6.580191984539852e-05,-11.9,-83.0,-11.146011352539062,-81.02237701416016
76.76666667,-18.66666667,0.0,2017.0,0.9760105506323683,0.0,-15.47,-113.3,-19.727277755737305,-152.89767456054688
36.84083333,-3.123611111,1183.9375,2005.0,-0.27195815753410524,4.501083822106011e-05,-8.91,-54.79,-7.8209309577941895,-53.172035217285156
22.31666667,114.1666667,34.056641,1995.0,0.9510565162951535,2.4860701159923337e-06,-2.25,-3.7,-3.754141330718994,-16.050514221191406
51.93,-10.25,33.068359,2008.0,0.9721181966290613,4.403518232720671e-06,-5.12,-29.92,-5.745401859283447,-34.685707092285156
46.60305556,13.67138889,2148.125,1974.0,0.2386727660059501,1.0576629392744508e-05,-11.2,-78.8,-13.491472244262695,-100.6675796508789
-0.121944444,-67.14916667,97.964844,1975.0,-0.9741004551724206,0.000131779408548,-2.7,-5.0,-2.8346314430236816,-7.445289611816406
51.88,-176.65,1.6268311,1963.0,0.9510565162951535,3.370470949448645e-05,-9.1,-70.6,-8.505783081054688,-62.55486297607422
9.0,38.73,2329.125,2007.0,0.6994583270516471,0.0,2.54,35.54,-0.6316895484924316,13.170921325683594
43.73238889,7.423583333,8.8959961,2013.0,0.9510565162951535,0.0,-6.69,-47.87,-5.940100193023682,-36.507789611816406
50.3119,11.8758,564.53125,2000.0,0.2802306751992159,0.0,-4.86,-33.35,-7.900221347808838,-53.836158752441406
38.28,21.79,113.0625,2006.0,0.2386727660059501,0.0,-6.84,-42.55,-6.23790979385376,-39.294837951660156
-6.18,106.83,5.1230469,1979.0,0.29671281927349075,8.151470683515072e-05,0.52,3.8,-5.547064304351807,-32.829566955566406
10.25,-67.65,430.0,1974.0,-0.9741004551724206,1.1001337043126114e-05,-6.08,-44.4,-6.007425785064697,-37.137855529785156
37.77,-25.65,137.14062,1997.0,-0.2884824328806098,4.451231143320911e-05,-3.35,-16.8,-4.44680643081665,-22.532814025878906
68.96666667,33.05,0.059604645,1983.0,0.2386727660059501,0.0,-20.0,-154.0,-17.88569450378418,-137.47286987304688
46.17378583,8.788556051,407.5,2011.0,0.9510565162951535,0.0,-9.6,-63.44,-9.956655502319336,-71.0605239868164
41.05916667,-100.7463889,918.34375,1989.0,-0.3131070409358267,0.0001770546659827,-6.1,-45.0,-7.76116418838501,-68.2768325805664
50.9,14.8,240.94531,2017.0,-0.7236440382959123,0.0,-10.01,-67.1,-10.677942276000977,-77.1019058227539
2.883333333,101.7833306,55.289062,2007.0,-0.2884824328806098,0.000164409255376,-5.88,-40.15,-6.866888523101807,-45.181129455566406
37.90111111,40.20361111,674.46875,2018.0,-0.9741004551724206,0.0,-3.98,-16.8,-3.627981662750244,-14.869850158691406
9.357072,-75.289167,200.4375,2004.0,-0.23030567023061196,0.0,-8.23,-57.15,-5.920682430267334,-37.755104064941406
49.0975,19.59,572.9375,1998.0,0.9510565162951535,0.0,-9.43,-65.4,-11.087182998657227,-80.5296401977539
23.05,-82.21666667,123.02734,2012.0,-0.27195815753410524,0.0,-1.22,-3.0,-2.822500705718994,-7.331764221191406
50.4972,9.9428,920.40625,2003.0,-0.2884824328806098,7.646784069947898e-05,-10.31,-66.85,-10.40426254272461,-74.80960845947266
46.72738634,8.186782163,600.90625,2016.0,-0.6932812268869771,0.0,-5.36,-33.44,-6.407436847686768,-40.88135528564453
44.42,8.85,5.4519043,1963.0,-0.2135209154397959,3.138971806038171e-05,-3.9,-21.7,-3.5576233863830566,-14.211402893066406
37.1644591,-5.611393166,86.394531,2002.0,0.9510565162951535,0.0,-5.79,-33.73,-4.837416172027588,-26.188331604003906
41.64083945,-4.754446679,735.625,2021.0,0.6994583270516471,0.0001039963826769,-10.3,-71.5,-8.52175521850586,-59.042030334472656
-46.42,168.32,-0.90939331,1987.0,-0.7236440382959123,2.01743641810026e-05,-4.99,-34.6,-6.866888523101807,-45.181129455566406
41.67805556,26.55916667,95.183594,2008.0,-0.970063921851507,0.0001546575222164,-8.77,-56.69,-7.198423385620117,-47.74687194824219
6.329722222,99.73,3.3973389,1987.0,-0.2135209154397959,9.76377705228515e-05,-4.64,-24.7,-5.653208255767822,-33.822914123535156
-20.67777778,139.4875,339.82812,2013.0,0.6994583270516471,0.0,0.09,10.5,-5.156454563140869,-29.174049377441406
49.7478,6.6581,259.26562,2011.0,-0.2884824328806098,9.535361459711568e-05,-8.44,-66.56,-10.189411163330078,-73.01004791259766
-2.883333333,-78.98333333,2530.0,1993.0,0.9510565162951535,0.0,-15.04,-108.7,-8.220956802368164,-64.4997329711914
44.42,8.85,5.4519043,1976.0,-0.6932812268869771,0.0,-4.85,-24.2,-3.7517151832580566,-16.027809143066406
46.095,14.597,283.89062,1996.0,-0.27195815753410524,0.0,-10.86,-72.7,-12.38652229309082,-91.4126968383789
13.07176111,-59.48972222,45.302734,1976.0,0.2386727660059501,0.0001642939605517,0.99,12.5,-1.5827393531799316,4.270530700683594
33.65694444,73.26611111,580.9375,1993.0,0.29671281927349075,0.0,1.19,26.76,-1.3304200172424316,6.631858825683594
53.23,6.55,7.7121582,2006.0,-0.2884824328806098,0.0,-5.7,-37.39,-8.592094421386719,-59.63117218017578
48.8281,9.2,313.79688,1980.0,0.7295575540864875,0.0,-7.65,-56.8,-8.240402221679688,-56.685462951660156
31.62,25.95,0.0,2002.0,-0.970063921851507,0.0,-5.76,-25.8,-2.7618470191955566,-6.764137268066406
-75.58333333,-20.56666667,105.53516,1976.0,-0.970063921851507,7.450580596923828e-08,-23.31,-177.8,-21.144174575805664,-168.65243530273438
7.47,151.85,0.0,1974.0,0.9760105506323683,0.0002382835809839,-5.24,-36.6,-4.837416172027588,-26.188331604003906
50.92,5.78,111.17188,1999.0,-0.37770796520396466,5.83920746066724e-06,-3.49,-23.3,-7.441424369812012,-49.99334716796875
-46.88,37.87,0.0,1961.0,-0.7236440382959123,3.520615791785531e-05,-5.2,-36.0,-4.768270969390869,-25.541236877441406
47.81666667,13.71777778,1616.0625,2019.0,-0.6486295610349818,0.0,-15.167,-107.26,-11.325054168701172,-82.52201080322266
9.357072,-75.289167,200.4375,2011.0,-0.680773409477016,0.0001003205907181,-5.622390803,-36.65548561,-6.266417026519775,-39.561622619628906
48.78,-123.13,148.02344,1997.0,-0.2884824328806098,0.0001186531371786,-9.48,-69.5,-10.71319580078125,-77.98157501220703
36.98,35.3,22.958008,2011.0,-0.7236440382959123,0.0,-10.58301826,-68.99986936,-4.628767490386963,-24.235694885253906
12.69325,-7.995494444,382.5625,1998.0,0.9760105506323683,0.0,4.0,28.9,-1.2139649391174316,7.721702575683594
-30.08,-51.18,244.72656,1973.0,0.9510565162951535,0.0,-6.74,-41.0,-6.0110650062561035,-37.171913146972656
-27.17,-109.43,140.28906,1993.0,0.29671281927349075,4.134430855629034e-05,-2.56,-1.7,-3.0820984840393066,-9.761207580566406
46.98141401,6.607999655,1046.0625,1996.0,-0.27195815753410524,0.0,-12.04,-85.5,-13.271505355834961,-98.8251724243164
12.13,15.03,294.5,1965.0,0.9510565162951535,0.0,8.6,56.4,0.37758779525756836,22.616233825683594
-24.78,-65.4,1227.625,1999.0,-0.2135209154397959,0.0,-7.8,-55.0,-3.419332981109619,-12.917213439941406
-53.0,-70.833333,32.589844,1997.0,-0.9741004551724206,0.0,-8.02,-66.8,-8.776912689208984,-72.4316177368164
4.05,114.81,27.053711,2007.0,-0.9979171608653922,0.0001131279350374,-8.54,-61.27,-6.841090679168701,-47.33032989501953
50.7311,13.7514,876.875,2005.0,-0.9587178169872964,2.215637687186245e-05,-7.68,-52.2,-8.107398986816406,-55.571449279785156
76.76666667,-18.66666667,0.0,2016.0,-0.7116566222817751,0.0,-16.89,-125.6,-18.775793075561523,-144.92819213867188
8.92,-79.6,11.163086,1986.0,-0.2135209154397959,0.0,-5.42,-37.5,-5.127340793609619,-28.901588439941406
52.141,-106.6244,507.71875,1994.0,-0.2135209154397959,2.3066269932314757e-05,-10.0,-105.3,-13.870019912719727,-103.8382339477539
42.033333,43.483333,1077.1875,2017.0,0.29671281927349075,0.0,-8.34,-54.7,-5.98559045791626,-36.933509826660156
51.35,12.43,125.46484,1987.0,0.9510565162951535,0.0,-11.5,-79.9,-9.308265686035156,-65.62970733642578
31.99730278,34.81616111,44.347656,1985.0,-0.9741004551724206,0.0,-4.2,-26.8,-3.1694397926330566,-10.578590393066406
13.73,100.5,5.7392578,2004.0,-0.9634705485641486,0.0,-8.6,-54.9,-7.474087715148926,-53.844093322753906
42.025,35.15833333,61.443359,2017.0,-0.9587178169872964,0.0,-6.32,-34.3,-5.9140191078186035,-36.263710021972656
-20.901,55.484,83.28125,2009.0,-0.7236440382959123,8.057419108808972e-06,-2.0,-4.9,-2.240225315093994,-1.8825454711914062
-34.05,115.0249,77.78125,2018.0,-0.9984354211555643,7.33675915398635e-06,-0.51,11.7,-2.9607911109924316,-8.625953674316406
40.41195035,-3.67806112,671.09375,2019.0,0.9760105506323683,0.0,-5.88,-35.9,-7.604800701141357,-51.36176300048828
49.0422,12.1019,370.21875,2008.0,0.2386727660059501,2.242996015411336e-05,-14.77,-120.1,-11.509212493896484,-84.06449127197266
20.03333333,110.35,20.03418,1997.0,-0.9587178169872964,0.0,-6.07,-55.6,-7.145773887634277,-49.160011291503906
51.57,4.93,17.209961,1987.0,0.6994583270516471,9.74873637460405e-06,-9.87,-71.9,-8.087817192077637,-58.196495056152344
40.8203002,0.493333172,52.294922,2009.0,-0.2884824328806098,0.0,-8.01,-54.97,-5.920084476470947,-36.320472717285156
49.5971,11.0055,285.1875,2017.0,-0.2884824328806098,1.571184111526236e-05,-14.07,-104.0,-10.96185302734375,-79.47989654541016
13.07,123.91,325.17188,1992.0,0.2802306751992159,0.0,-5.27,-31.1,-4.644537448883057,-24.383277893066406
43.91281944,4.888775,30.959961,1998.0,0.29671281927349075,2.3550303012598303e-05,-4.32,-27.6,-4.717321872711182,-25.064430236816406
-34.38,-58.28,0.0,1996.0,0.2802306751992159,1.5641226127627306e-05,-2.8,-8.4,-5.662306308746338,-33.908058166503906
47.37233597,8.083138245,397.48438,2010.0,-0.680773409477016,3.415297396713868e-05,-8.87,-63.35721815,-6.288858890533447,-39.771644592285156
48.24861111,16.35638889,200.63281,2020.0,-0.9634705485641486,0.0,-10.01,-71.4,-7.947396755218506,-56.437965393066406
-1.43,-48.48,4.737793,1975.0,-0.7236440382959123,8.00703201093711e-05,-1.02,-1.2,-2.293600559234619,-2.3820571899414062
32.97,35.5,816.46875,1988.0,-0.27195815753410524,0.0001370440149912,-7.48,-33.6,-5.7053704261779785,-34.311073303222656
22.78,5.52,1374.375,1993.0,-0.8543221697498269,0.0,0.37,2.9,-2.172293186187744,-1.2468032836914062
52.8,5.05,-4.4990234,1995.0,-0.8800122039735356,5.099991903989576e-05,-6.75,-42.3,-6.216681003570557,-39.096168518066406
51.3744,11.2919,162.88281,1999.0,0.6994583270516471,0.0,-11.0,-74.7,-9.856903076171875,-70.22501373291016
7.266666667,80.6,481.4375,1993.0,-0.2135209154397959,0.0001805586798582,-3.7,-18.0,-4.525656223297119,-23.270729064941406
40.2778,-111.7148,1406.625,2016.0,-0.7116566222817751,0.0,-15.94,-112.0,-10.956061363220215,-84.6862564086914
40.7930564,-4.010553289,1892.5,2018.0,-0.680773409477016,2.1010873751947656e-05,-0.34,-3.1,-5.824251651763916,-35.423622131347656
50.8325,15.14777778,828.84375,2010.0,0.29671281927349075,3.0794621125096455e-05,-8.36,-52.8,-7.976953983306885,-54.478858947753906
-22.9,-43.17,0.0,1975.0,-0.9741004551724206,0.0001029255072353,-1.87,10.7,-2.900137424468994,-8.058326721191406
51.116535,17.029468,118.94141,2008.0,-0.970063921851507,0.0,-8.3,-58.9,-8.541952133178711,-60.21167755126953
40.8203002,0.493333172,52.294922,2021.0,-0.680773409477016,0.0,-3.77,-15.4,-3.899710178375244,-17.412818908691406
62.08,129.75,94.992188,1978.0,-0.9587178169872964,0.0,-17.3,-151.0,-18.581403732299805,-143.30001831054688
42.58834633,-5.651107617,911.78125,2021.0,-0.2135209154397959,0.0,-6.85,-52.6,-5.089735507965088,-28.549659729003906
25.086675,-80.45309444,2.7862549,2001.0,-0.888057322629493,0.0002070804184768,-0.42,6.1,-3.632833957672119,-14.915260314941406
41.64083945,-4.754446679,735.625,2000.0,0.2802306751992159,6.726266292389482e-06,-2.16,-21.0,-5.840628147125244,-35.576881408691406
28.58,77.2,222.79688,1964.0,0.6994583270516471,0.0,-0.2,-9.4,-0.18527841567993164,17.348655700683594
-0.166666667,-78.48333333,2781.625,2018.0,0.9760105506323683,5.0757549615809694e-05,-14.82,-107.4,-9.954126358032227,-89.2270278930664
28.276976,84.30961,2101.5,2016.0,-0.3617137307297674,0.000642213912215,-6.709346622,-45.82223504,-8.709798812866211,-71.4740982055664
-54.78,-68.28,104.83984,1984.0,-0.27195815753410524,2.180109913751949e-05,-7.6,-58.0,-9.050809860229492,-76.3393325805664
-38.47,-62.16,195.67188,1983.0,-0.680773409477016,0.0,-3.0,-15.5,-5.633799076080322,-33.641273498535156
46.60305556,13.67138889,2148.125,1978.0,-0.7236440382959123,1.1051537512685172e-05,-18.09,-130.8,-10.974641799926758,-79.5870132446289
33.21722222,-87.54305556,64.535156,2005.0,-0.14579919691987442,0.0,-2.4,-12.7,-3.613424777984619,-14.733619689941406
58.26388889,26.46138889,70.085938,2021.0,0.29671281927349075,9.284201951231807e-05,-6.58,-47.2,-8.251913070678711,-56.78186798095703
4.349,117.998,157.48438,2007.0,-0.2135209154397959,0.0,-7.71,-55.35,-7.7003703117370605,-57.072486877441406
49.0975,19.59,572.9375,2003.0,0.6994583270516471,3.296398790553212e-05,-26.76,-208.6,-12.575796127319336,-92.9980239868164
39.48056611,-0.366386255,14.827637,2003.0,0.6994583270516471,0.0,-3.22,-11.56,-5.458509922027588,-32.000831604003906
51.1622,14.9506,238.80469,2010.0,0.741222010848596,0.0,-7.51,-50.6,-7.572828769683838,-51.093971252441406
52.98,158.65,0.0,1997.0,0.741222010848596,0.0,-14.2,-109.1,-12.187017440795898,-89.7416763305664
60.18008889,24.83286111,14.698242,2018.0,0.9760105506323683,0.0,-11.18,-81.7,-11.872413635253906,-87.10660552978516
50.3119,11.8758,564.53125,2005.0,0.2386727660059501,6.466353079304099e-05,-9.7,-70.95,-10.506572723388672,-75.66654205322266
42.033333,43.483333,1077.1875,2018.0,-0.9587178169872964,0.0001659175468375,-5.71,-30.4,-5.137045383453369,-28.992408752441406
37.77,-25.65,137.14062,2005.0,0.6994583270516471,9.149900506599806e-06,-4.86,-27.9,-3.2567811012268066,-11.395973205566406
-6.88,39.2,52.724609,1969.0,0.741222010848596,0.0,-3.61,-16.3,-2.672079563140869,-5.924049377441406
22.31666667,114.1666667,34.056641,1995.0,0.9760105506323683,0.0,-3.02,-11.4,-3.5527710914611816,-14.165992736816406
38.05011111,23.8675,438.375,2001.0,-0.41719360261231697,0.0002234316925751,-7.01,-31.1,-5.143110752105713,-29.049171447753906
47.07777778,15.44888889,370.03125,1999.0,0.6994583270516471,4.985975465388037e-05,-19.19,-145.0,-12.40186882019043,-91.5412368774414
48.18427778,16.389575,201.11719,2002.0,0.9813064702716093,1.4664978152723052e-05,-11.18,-80.5,-9.549972534179688,-67.65421295166016
40.41195035,-3.67806112,671.09375,2014.0,0.741222010848596,8.568436896894127e-05,-3.47,-22.9,-5.604078769683838,-33.363136291503906
38.28,21.79,113.0625,2009.0,0.2386727660059501,5.688091550837271e-05,-6.54,-41.2,-6.194239139556885,-38.886146545410156
31.99730278,34.81616111,44.347656,1961.0,-0.2884824328806098,0.0,-5.4,-30.0,-4.849546909332275,-26.301856994628906
53.8713,8.7058,4.7202148,2009.0,-0.2884824328806098,4.873351826972794e-06,-12.68,-90.45,-9.300592422485352,-65.56543731689453
26.27,50.62,2.3325195,1984.0,-0.27195815753410524,0.0,-1.24,-4.7,-0.7384400367736816,12.171897888183594
47.81666667,13.71777778,1616.0625,2003.0,0.9483615800121715,0.0,-7.87,-47.9,-12.14097785949707,-89.3560562133789
51.1622,14.9506,238.80469,2011.0,0.29671281927349075,1.819716089812573e-05,-6.28,-45.4,-7.732048988342285,-52.427574157714844
25.7325,-80.16323611,3.5220947,2006.0,-0.2884824328806098,0.0,-1.06,-8.5,-2.4949707984924316,-4.266578674316406
40.2778,-111.7148,1406.625,2020.0,-0.27195815753410524,3.081266549997963e-05,-18.99,-141.6,-12.555242538452148,-126.3373794555664
-0.1968,-78.436,2400.75,2022.0,0.9760105506323683,9.1408692242112e-06,-15.97,-120.8,-8.550176620483398,-69.1967544555664
41.02444444,40.52,10.936523,2011.0,-0.7236440382959123,0.0,-10.48079597,-66.63840978,-8.422002792358398,-58.206520080566406
54.5283,11.0603,1.9006348,1998.0,0.29671281927349075,0.0,-6.31,-42.4,-6.866888523101807,-45.181129455566406
46.60305556,13.67138889,2148.125,1991.0,-0.9587178169872964,0.0,-7.3,-37.4,-8.495335578918457,-62.718482971191406
36.62,127.46,80.589844,2013.0,-0.9587178169872964,0.0,-7.79,-48.1,-7.468255519866943,-54.48844909667969
51.6,-1.1,55.042969,1998.0,-0.9587178169872964,0.0,-8.05,-57.1,-6.23245096206665,-39.243751525878906
45.32,-75.67,112.08594,2004.0,0.9562348265919056,0.0,-10.89,-71.1,-10.84675407409668,-78.5158462524414
51.93,-10.25,33.068359,1979.0,0.2386727660059501,0.0001786601060302,-6.56,-46.0,-6.270359516143799,-39.59851837158203
34.01937778,-6.838286111,18.375977,2002.0,-0.7116566222817751,0.0,-6.06,-36.79,-4.380087375640869,-21.908424377441406
45.68,126.62,168.53906,1986.0,-0.2135209154397959,0.0,-10.15,-76.7,-9.739246368408203,-69.23954010009766
4.7,-74.13,2551.125,2020.0,-0.23030567023061196,0.0,-9.98,-73.7,-7.909874439239502,-60.061500549316406
25.07,110.08,385.5,1987.0,-0.9587178169872964,0.0,-8.24,-55.0,-8.556526184082031,-69.2873306274414
44.13333333,6.333333333,881.625,2002.0,0.6994583270516471,8.37848801893415e-06,-11.87,-85.9,-8.556285858154297,-59.33124542236328
-20.299175,57.47873889,391.1875,2018.0,0.29671281927349075,3.5783782550424803e-06,-2.05,-0.8,-2.9850525856018066,-8.853004455566406
-1.283611111,29.69194444,1930.4375,2001.0,-0.7236440382959123,0.000111898756586,-2.71,-10.9,-2.380941867828369,-3.1994400024414062
-29.15241944,-67.43877778,972.1875,2021.0,0.741222010848596,0.0,-7.45,-37.6,-6.304022312164307,-39.913551330566406
46.39864119,6.233803787,434.125,2017.0,0.2386727660059501,4.618944512913004e-05,-9.79,-66.0,-11.314823150634766,-82.43631744384766
31.99730278,34.81616111,44.347656,1975.0,0.6994583270516471,8.865562995197251e-05,-5.6,-32.0,-3.6983399391174316,-15.528297424316406
49.7478,6.6581,259.26562,1979.0,0.9510565162951535,2.326157664356288e-05,-9.18,-64.3,-9.411853790283203,-66.49735260009766
-33.45,-70.7,507.65625,1995.0,-0.9587178169872964,0.0,-3.51,-3.0,-5.470640659332275,-32.114356994628906
52.88333333,-1.083333333,60.794922,1992.0,0.9721181966290613,0.0001145497517427,-5.7,-40.0,-7.506682395935059,-52.376609802246094
6.166666667,102.2833333,3.2288818,2016.0,0.6994583270516471,3.5669283533934504e-05,-2.23,-8.7,-4.95144510269165,-27.255470275878906
33.65694444,73.26611111,580.9375,1999.0,-0.680773409477016,0.0,-5.12,-31.33,-5.35903787612915,-31.069923400878906
64.69939722,-148.2525028,121.98047,2004.0,-0.5595892624101763,1.661241185502149e-05,-16.71,-137.2,-17.236024856567383,-132.03134155273438
36.88,30.7,0.0,1988.0,0.7295575540864875,0.0001768672082107,-4.7,-24.3,-4.469854831695557,-22.748512268066406
4.7,-74.13,2551.125,1999.0,-0.680773409477016,0.0,-6.225,-35.1,-7.483380317687988,-54.690093994140625
46.57248471,8.332719621,1924.0,1984.0,0.9721181966290613,1.6514386516064405e-05,-18.74,-137.7,-13.082231521606445,-97.2398452758789
-4.62,55.45,13.739746,1963.0,0.29671281927349075,5.038981544203125e-05,-4.2,-19.9,-3.3635315895080566,-12.394996643066406
-1.48732,29.07066,1905.0,2015.0,0.9760105506323683,6.799878610763699e-05,-3.966,-12.53,-2.720602512359619,-6.378150939941406
-3.72,-38.55,19.124023,1990.0,0.29671281927349075,2.6039622753160074e-05,-1.57,0.4,-2.2329468727111816,-1.8144302368164062
34.71666667,10.68333333,23.232422,2010.0,-0.7236440382959123,0.0,-4.65,-22.8,-4.799810886383057,-25.836402893066406
54.5275,9.5486,43.292969,2000.0,-0.9634705485641486,6.51431837468408e-05,-4.9,-28.1,-7.02091121673584,-46.44300079345703
4.7,-74.13,2551.125,2003.0,-0.2135209154397959,0.0,-12.19,-90.7,-7.923478603363037,-60.255592346191406
51.18,8.4889,841.375,2013.0,0.29671281927349075,0.0,-8.25,-57.4,-7.439505577087402,-49.97727966308594
51.1622,14.9506,238.80469,2000.0,0.6994583270516471,1.2009908459731378e-05,-8.88,-63.3,-10.58586311340332,-76.3306655883789
-8.587013889,-38.57735833,323.625,1974.0,-0.680773409477016,9.938354139649165e-08,2.2,10.0,-2.516806125640869,-4.470924377441406
51.3,3.75,9.4589844,2000.0,-0.9141279881853337,0.0,-8.49,-57.5,-6.080816745758057,-37.824684143066406
46.06666667,14.51666667,298.53125,2002.0,-0.5667017562911184,0.0,-4.34,-23.75,-6.866888523101807,-45.181129455566406
-4.37,15.25,422.4375,1961.0,-0.2135209154397959,0.0,-0.4,15.6,-3.5721802711486816,-14.347633361816406
46.78,23.61,336.76562,2022.0,0.9760105506323683,0.0,-9.55,-69.5,-10.125467300415039,-72.4744644165039
-0.743055556,-90.30222222,1.7120972,2015.0,-0.04302223300453034,5.634906301565934e-06,-1.0979053,3.600171095,-1.4662842750549316,5.360374450683594
51.83,6.25,9.5,1996.0,-0.23030567023061196,0.0,-5.2,-35.2,-6.358307361602783,-40.42157745361328
36.88,30.7,0.0,1987.0,0.6994583270516471,0.0002141119766747,-4.58,-30.0,-5.305662631988525,-30.570411682128906
54.0967,13.4056,1.5458374,2004.0,-0.9634705485641486,0.0,-6.18,-40.7,-7.46305513381958,-50.65606689453125
-75.58333333,-20.56666667,105.53516,1976.0,-0.9634705485641486,2.226205887616898e-06,-19.17,-141.1,-21.146896362304688,-168.69125366210938
64.13,-21.93,12.141602,2014.0,0.29671281927349075,0.0,-8.25,-62.2,-8.009565353393555,-54.75200653076172
10.00036389,-84.10913333,1157.3125,2017.0,-0.9796136916454901,0.0002182647731387,-10.84839316,-76.62448856,-8.428609848022461,-68.46417999267578
46.60305556,13.67138889,2148.125,2001.0,0.8631421280499114,4.3034524424001575e-05,-4.82,-19.9,-8.473238945007324,-59.93201446533203
36.72,3.18,19.595703,2003.0,0.9368813462954315,2.739820774877444e-05,-5.15,-32.2,-4.759779453277588,-25.461769104003906
46.95222563,7.439320571,542.53125,2005.0,-0.9587178169872964,2.730794221861288e-05,-11.06,-76.23,-8.2340087890625,-56.63190460205078
13.73,100.5,5.7392578,1975.0,0.741222010848596,0.0003406172909308,-6.68,-42.6,-4.480772495269775,-22.850685119628906
36.83,10.23,0.0,1977.0,-0.7236440382959123,0.0,-2.86,-16.1,-5.015738010406494,-27.857154846191406
2.883333333,101.7833306,55.289062,2011.0,-0.7236440382959123,8.440348028670996e-05,-7.18,-48.21,-6.9219889640808105,-50.090736389160156
-46.42,168.32,-0.90939331,2010.0,-0.9741004551724206,0.0001315897970926,-6.02,-38.5,-6.866888523101807,-45.181129455566406
40.7930564,-4.010553289,1892.5,2019.0,0.6994583270516471,0.0,-10.0,-62.7,-10.936275482177734,-79.26566314697266
19.28,166.65,4.0,1975.0,0.9760105506323683,0.0001662880968069,-0.7,6.1,-2.468283176422119,-4.016822814941406
-22.71,-46.46583333,1095.0625,1998.0,0.5307300481619334,0.0,-7.7,-46.38,-4.678503513336182,-24.701148986816406
46.65772518,8.292706832,1061.3125,2003.0,0.741222010848596,4.193582935840823e-05,-6.98,-44.02,-9.335121154785156,-65.85465240478516
-18.91472222,47.55805556,1278.5,2018.0,-0.9741004551724206,0.0,-2.2,-3.7,-2.570181369781494,-4.970436096191406
-33.62,-78.83,0.0,1970.0,0.29671281927349075,8.219942537834868e-05,0.33,-3.6,-5.508245944976807,-32.466285705566406
46.64833333,14.31833333,448.71875,1984.0,-0.6932812268869771,0.0,-7.12,-46.2,-6.518129825592041,-41.917274475097656
-2.53,140.72,68.566406,1988.0,0.6994583270516471,0.0,-5.61,-34.8,-5.906134128570557,-36.189918518066406
49.7478,6.6581,259.26562,2001.0,-0.680773409477016,0.0,-5.57,-34.3,-6.228811740875244,-39.209693908691406
52.1,5.18,1.7967529,2007.0,0.6807734094770161,7.208921488199849e-06,-5.93,-39.32,-7.59329080581665,-51.265357971191406
0.05,32.45,1135.4375,1963.0,-0.2884824328806098,2.3563405193272047e-05,-4.3,-24.9,-4.389791965484619,-21.999244689941406
49.0392,8.365,112.44141,1990.0,0.29671281927349075,1.7700291209621355e-05,-4.19,-28.3,-6.866888523101807,-45.181129455566406
13.07176111,-59.48972222,45.302734,1992.0,-0.970063921851507,2.401489291514736e-05,-0.53,6.1,-3.5285096168518066,-13.938941955566406
36.88,30.7,0.0,1981.0,0.9510565162951535,4.316241756896488e-05,-7.3,-40.7,-4.707617282867432,-24.973609924316406
-0.121944444,-67.14916667,97.964844,1975.0,-0.2135209154397959,5.019630043534562e-05,-6.2,-38.0,-3.540640354156494,-14.052467346191406
39.46666667,-6.333333333,410.0,2019.0,-0.9587178169872964,0.0,-1.55,-4.5,-4.958723545074463,-27.323585510253906
72.58,-38.4799,3202.0,2012.0,-0.6287628145958345,5.541780046769418e-05,-26.71965853,-199.5804273,-28.188329696655273,-223.76608276367188
31.2025,29.87666667,-7.1420898,2002.0,-0.35367612217637207,4.023057499580318e-06,-4.33,-16.0,-4.280615329742432,-20.977516174316406
-1.55085,29.26785,2256.25,2015.0,-0.9741004551724206,7.022757199592888e-05,-3.183,-10.77,-2.531363010406494,-4.607154846191406
-25.23582483,-57.51472879,81.433594,2020.0,-0.6994583270516471,0.0,-4.32,-20.7,-3.278616428375244,-11.600318908691406
36.03,129.38,4.7189941,1965.0,-0.680773409477016,0.0001234326919075,-6.46,-44.0,-7.3466620445251465,-52.026100158691406
40.40725278,-3.686133333,653.5,2002.0,0.9979171608653922,0.0,-7.44,-45.1,-7.489701747894287,-50.39771270751953
4.469205556,-74.36964167,1950.1875,1999.0,0.29671281927349075,0.0,-16.16,-116.7,-8.121192932128906,-63.076393127441406
36.98,35.3,22.958008,2021.0,-0.2135209154397959,0.0,0.92,9.0,-2.531363010406494,-4.607154846191406
49.1823,-119.559,334.40625,2008.0,-0.801361088174677,0.0001113869220716,-17.2,-135.0,-12.423341751098633,-92.35991668701172
44.13333333,6.333333333,881.625,2020.0,0.9721181966290613,0.0,-3.58,-30.3,-8.404098510742188,-58.056556701660156
36.83,10.23,0.0,1976.0,-0.27195815753410524,3.492214818834327e-05,-5.66,-30.0,-5.049704074859619,-28.175025939941406
-65.07944444,-63.9775,286.6875,1995.0,-0.9587178169872964,7.687435754633043e-07,-9.9,-77.1,-8.220451354980469,-93.34680938720703
-17.61527778,-149.5194444,909.0,2001.0,0.6994583270516471,0.0001966591662494,-3.82,-25.2,-4.4176926612854,-22.260353088378906
31.72,35.78333333,804.96875,1990.0,0.9510565162951535,0.0,-4.42,-15.5,-4.462576389312744,-22.680397033691406
41.78,-87.75,186.0,1968.0,-0.9634705485641486,1.1825029105239082e-05,-4.79,-33.4,-6.394699573516846,-40.76215362548828
-7.315277778,72.42805556,2.3126221,1979.0,0.6994583270516471,8.899007661966607e-05,-4.05,-27.3,-3.5091004371643066,-13.757301330566406
48.545,13.3528,478.40625,2011.0,-0.680773409477016,9.14507036213763e-05,-6.98,-48.1,-6.4362473487854,-41.150978088378906
6.906666667,79.87,14.911133,1985.0,0.741222010848596,2.9238661227282137e-05,-2.99,-11.2,-3.9361023902893066,-17.753395080566406
40.41666667,-7.55,1295.4375,1996.0,0.6994583270516471,8.26102404971607e-05,-6.3,-37.5,-8.131715774536133,-55.68213653564453
31.95765,35.84828333,916.125,2003.0,0.9760105506323683,0.0,-5.01,-23.2,-4.460150241851807,-22.657691955566406
54.6789,13.4342,38.980469,2005.0,-0.7236440382959123,3.163026849506423e-05,-10.05,-67.3,-9.35814094543457,-66.0474624633789
-34.38,-58.28,0.0,1992.0,-0.27195815753410524,0.0,-6.0,-37.0,-4.411627292633057,-22.203590393066406
-20.299175,57.47873889,391.1875,2015.0,0.9510565162951535,1.593316119397059e-05,-5.64,-32.6,-3.2664856910705566,-11.486793518066406
2.816666667,101.5833333,1.5,2001.0,0.6994583270516471,0.0,-5.07,-24.5,-5.735697269439697,-34.594886779785156
13.03,123.92,624.1875,1990.0,-0.7236440382959123,9.793944627745076e-05,-4.4,-21.6,-4.731878757476807,-25.200660705566406
37.77,-25.65,137.14062,1994.0,-0.9741004551724206,1.4059332897886634e-05,-4.18,-20.8,-3.5479187965393066,-14.120582580566406
47.4828,11.0622,716.1875,1991.0,-0.680773409477016,6.006404146319255e-05,-7.36,-49.7,-6.672645092010498,-43.363304138183594
9.29255,123.1759167,823.65625,1998.0,-0.9741004551724206,0.0,-7.55,-49.0,-6.866888523101807,-45.181129455566406
48.8281,9.2,313.79688,1964.0,-0.970063921851507,0.0,-11.0,-80.6,-8.106760025024414,-55.56609344482422
39.95,32.88,920.125,2002.0,-0.680773409477016,0.0,-5.14,-33.4,-5.403921604156494,-31.489967346191406
53.23,6.55,7.7121582,1988.0,0.9721181966290613,5.896720722375903e-06,-6.12,-45.7,-7.669686317443848,-52.81488800048828
48.24861111,16.35638889,200.63281,2022.0,-0.9587178169872964,2.2427142539527267e-05,-8.21,-56.5,-7.81185245513916,-55.25190734863281
55.01,73.38,112.85156,1990.0,0.6994583270516471,8.135132702591363e-06,-19.8,-160.0,-20.47414207458496,-159.15328979492188
48.18427778,16.389575,201.11719,2003.0,0.9999907397361901,0.0,-14.0,-114.1,-9.427200317382812,-66.62589263916016
-34.03,-67.97,581.875,1982.0,-0.9587178169872964,1.3244120054878294e-05,-2.8,3.7,-5.707796573638916,-34.333778381347656
47.8008,11.0108,974.96875,1979.0,0.741222010848596,0.000205752250622,-11.51,-81.9,-9.28268814086914,-65.41547393798828
41.91172742,2.763346411,139.71094,2017.0,0.741222010848596,0.0,-2.9,-15.9,-5.084883213043213,-28.504249572753906
-3.12,-60.02,49.394531,1990.0,0.4937755501599772,0.0,-2.19,-3.0,-4.190847873687744,-20.137428283691406
51.56666667,46.03333333,151.39844,1982.0,-0.680773409477016,0.0,-8.7,-60.0,-8.601045608520508,-59.706153869628906
2.883333333,101.7833306,55.289062,2016.0,-0.6932812268869771,9.718858200358228e-05,-5.1,-28.7,-6.571769714355469,-45.546669006347656
2.933333333,11.98333333,676.84375,1994.0,-0.8452490573530633,0.0001108958676923,-4.23,-20.7,-2.8734498023986816,-7.808570861816406
25.01666667,102.6833333,1907.8125,1986.0,-0.9587178169872964,4.228627585689537e-05,-10.09,-68.9,-8.427740097045898,-67.4499282836914
46.72738634,8.186782163,600.90625,1986.0,-0.9741004551724206,6.117365956015419e-06,-10.61,-77.2,-10.2252197265625,-73.30997467041016
4.365694444,18.58725,381.14062,2011.0,0.741222010848596,0.0,0.109844852,15.11424364,-1.1217713356018066,8.584495544433594
10.36512,0.46944,148.03125,2018.0,0.008606996888688698,0.0,-4.52,-24.62,-3.3732361793518066,-12.485816955566406
28.22,-177.37,0.0,1975.0,0.9510565162951535,4.267907570465468e-06,-1.79,-0.5,-3.3004517555236816,-11.804664611816406
39.03,141.81,81.234375,1983.0,0.9760105506323683,0.0001241167483385,-5.64,-33.4,-6.866888523101807,-45.181129455566406
-31.95,115.78,12.910645,1983.0,-0.7236440382959123,0.0,-6.4,-39.2,-3.1742920875549316,-10.624000549316406
4.399,117.887,264.3125,2008.0,0.9562348265919056,0.0,-7.18,-45.58,-6.733842849731445,-45.566505432128906
48.8281,9.2,313.79688,2000.0,-0.7116566222817751,9.622293146094309e-05,-12.8,-103.8,-10.621671676635742,-76.6305923461914
-53.0,-70.833333,32.589844,1999.0,0.741222010848596,0.0,-8.98,-68.15,-8.485784530639648,-68.2780532836914
14.559667,-90.937833,1575.0625,2021.0,-0.680773409477016,0.0,-7.23,-45.9,-4.739157199859619,-25.268775939941406
51.1622,14.9506,238.80469,1998.0,0.741222010848596,9.283123290515505e-06,-6.27,-44.2,-7.446859359741211,-50.03887176513672
41.13333333,-8.6,59.621094,1996.0,-0.7116566222817751,8.586642070440575e-05,-4.82,-21.9,-4.917479038238525,-26.937599182128906
47.81666667,13.71777778,1616.0625,2001.0,-0.7909456567567774,0.0,-14.46,-94.4,-12.749723434448242,-94.4548110961914
37.15805556,15.02694444,444.70312,1999.0,0.9760105506323683,0.0,-2.2,-2.0,-5.206190586090088,-29.639503479003906
46.39864119,6.233803787,434.125,1993.0,-0.7236440382959123,0.0003517035511322,-10.48,-82.2,-12.657644271850586,-93.6835708618164
47.4828,11.0622,716.1875,1984.0,-0.27195815753410524,2.3539554604212757e-05,-16.06,-116.2,-13.179426193237305,-98.0539321899414
47.37233597,8.083138245,397.48438,2003.0,0.6994583270516471,2.773860251181759e-05,-18.1,-137.6477507,-12.09238052368164,-88.94901275634766
32.81333333,130.7291667,25.359375,2017.0,0.9510565162951535,0.0,-6.91,-42.7,-4.666372776031494,-24.587623596191406
46.78,23.61,336.76562,2019.0,0.9760105506323683,1.814944516809192e-05,-10.65,-76.3,-10.107563018798828,-72.32450103759766
43.78,87.62,900.71875,1988.0,-0.27195815753410524,5.555572442972334e-06,-20.14,-142.3,-16.54543113708496,-126.2470474243164
-13.0,28.65,1260.6875,1970.0,0.6994583270516471,0.0001084815594367,-7.18,-45.0,-6.388986110687256,-42.048683166503906
25.7325,-80.16323611,3.5220947,2006.0,-0.2636654927280072,0.0001764798362273,-0.01,2.8,-2.618704319000244,-5.424537658691406
47.8008,11.0108,974.96875,1992.0,0.7295575540864875,0.0,-8.01,-61.3,-10.498899459838867,-75.6022720336914
14.77,-17.0625,22.137695,2013.0,-0.680773409477016,3.629477942013182e-05,-5.560871261,-37.92089727,-3.477560520172119,-13.462135314941406
47.37233597,8.083138245,397.48438,2023.0,-0.680773409477016,0.0,-6.06,-43.34,-6.358004093170166,-40.418739318847656
50.4972,9.9428,920.40625,2008.0,-0.7116566222817751,5.040977703174576e-05,-9.74,-63.9,-10.365896224975586,-74.4882583618164
-65.07944444,-63.9775,286.6875,1986.0,-0.2135209154397959,1.747667123776477e-07,-13.67,-105.3,-9.424470901489258,-81.6703872680664
50.4972,9.9428,920.40625,1999.0,0.741222010848596,0.0,-6.13,-40.1,-8.60999870300293,-59.78113555908203
9.4778,-75.469,40.359375,2018.0,-0.2135209154397959,0.0,-5.2,-33.8,-5.616394996643066,-33.7353515625
47.59583333,7.594444444,248.26562,1985.0,0.29671281927349075,1.147845159721328e-05,-5.83,-43.5,-7.454532623291016,-50.10314178466797
-33.95833333,18.46111111,109.49609,1996.0,-0.23030567023061196,0.0,-5.9,-19.0,-3.4945435523986816,-13.621070861816406
-37.82,144.97,6.1674805,2012.0,-0.9634705485641486,1.8914999600383453e-05,-3.63,-15.3,-4.307302951812744,-21.227272033691406
48.4042,2.6965,79.179688,2017.0,0.741222010848596,0.0,-8.32,-54.4,-6.378323078155518,-40.60889434814453
47.59583333,7.594444444,248.26562,1988.0,0.9721181966290613,8.380458893952891e-06,-7.47,-53.0,-9.549972534179688,-67.65421295166016
37.01,-7.96,0.0,1991.0,0.9510565162951535,0.0,-5.28,-31.6,-4.548704624176025,-23.486427307128906
36.15,-5.35,1.5737915,1981.0,-0.2884824328806098,0.0001609176688361,-3.48,-19.4,-4.429823398590088,-22.373878479003906
46.49143367,9.898180888,1767.6875,1998.0,0.6994583270516471,0.0,-20.67,-159.7,-15.338171005249023,-116.1352310180664
18.29888889,-65.695,59.626953,2006.0,0.6152845999633276,0.0004037786857225,-1.26,3.1,-2.7569947242736816,-6.718727111816406
51.6,-1.1,55.042969,2020.0,0.6994583270516471,5.245396550890291e-06,-6.19,-41.5,-7.061994552612305,-47.26545715332031
6.9506,79.8795,3.7172852,2014.0,-0.680773409477016,0.0001212556962855,-4.28,-26.0,-3.0384278297424316,-9.352516174316406
-31.95,115.97,20.375,1964.0,0.7295575540864875,6.323135949060088e-06,-1.8,-6.9,-4.222387790679932,-20.432594299316406
43.92,7.13,584.375,1997.0,-0.2884824328806098,0.0,-9.12,-53.7,-8.960411071777344,-62.71613311767578
36.846389,-2.356942,16.541016,2011.0,-0.9741004551724206,0.0,-5.47,-35.9,-4.885939121246338,-26.642433166503906
16.73,-169.52,0.0,1975.0,-0.2135209154397959,1.1471595826151317e-05,-1.14,-2.2,-2.410055637359619,-3.4719009399414062
64.13,-21.93,12.141602,1973.0,-0.2135209154397959,5.153875463292934e-06,-7.89,-58.4,-7.946900367736816,-54.227134704589844
13.73,100.5,5.7392578,1999.0,-0.9587178169872964,0.0,-7.21,-46.6,-7.315372467041016,-51.579689025878906
53.8713,8.7058,4.7202148,1985.0,-0.9741004551724206,0.0,-5.74,-38.7,-7.570472717285156,-51.66497802734375
43.68333333,-1.066666667,17.238281,2001.0,-0.680773409477016,0.0,-0.9,-4.9,-4.086523532867432,-19.161109924316406
4.05,114.81,27.053711,2009.0,0.2802306751992159,0.0,-7.53,-42.77,-7.303743839263916,-52.34119415283203
43.933,-60.007,2.6035156,2018.0,-0.9634705485641486,8.14946906757541e-06,-3.362,-16.99,-6.487802982330322,-41.633460998535156
47.98,-55.82,119.36328,1999.0,0.2386727660059501,0.0,-10.6,-69.9,-12.95499038696289,-95.91333770751953
51.83,6.25,9.5,1988.0,0.9721181966290613,8.986827197077218e-06,-5.71,-41.8,-7.63706111907959,-52.571678161621094
-7.315277778,72.42805556,2.3126221,1976.0,0.2386727660059501,3.572961941245012e-05,-4.93,-30.7,-3.5624756813049316,-14.256813049316406
51.116535,17.029468,118.94141,2006.0,-0.8214765533024145,3.135474617010914e-05,-7.171349143,-47.71933281,-7.663629055023193,-51.85449981689453
13.73,100.5,5.7392578,2011.0,-0.9587178169872964,0.0001195911536342,-7.91,-57.3,-7.450053691864014,-53.501197814941406
43.54983333,13.60116667,546.1875,2015.0,0.9760105506323683,2.7508058337843977e-06,-6.87,-41.7,-6.271572589874268,-39.60987091064453
51.83,6.25,9.5,1986.0,0.29671281927349075,9.026208135765046e-05,-6.35,-43.8,-6.783641338348389,-44.402061462402344
32.81333333,130.7291667,25.359375,2017.0,0.741222010848596,0.0,-6.07,-40.6,-4.701551914215088,-24.916847229003906
55.67,12.3,26.070312,1970.0,0.741222010848596,0.0,-7.24,-51.7,-7.280285835266113,-48.6436767578125
67.15,32.35,0.0,1996.0,0.9562348265919056,7.400341473839944e-06,-15.3,-127.6,-15.967378616333008,-121.4053726196289
4.466666667,101.3833333,1451.4375,2021.0,0.2386727660059501,0.0002084391016978,-9.4,-64.8,-6.866888523101807,-45.181129455566406
41.7787,2.5047,614.3125,2012.0,0.2802306751992159,0.0,-4.28,-30.63,-6.030625343322754,-37.418235778808594
50.92,5.78,111.17188,2004.0,0.06021327736579302,0.0,-6.43,-42.32,-6.944127082824707,-45.66252517700195
48.24861111,16.35638889,200.63281,2000.0,-0.970063921851507,0.0,-8.29,-53.75,-8.595197677612305,-61.114479064941406
43.49111613,-3.800555816,50.095703,2006.0,0.9510565162951535,2.3852919639466563e-06,-3.59,-18.64,-5.7927117347717285,-35.128456115722656
-31.15583333,136.8052778,166.9375,2011.0,-0.9587178169872964,0.0,5.14,25.8,-2.065542697906494,-0.24777984619140625
51.93,-10.25,33.068359,1982.0,-0.2884824328806098,8.178855205187574e-05,-6.0,-37.7,-6.1645188331604,-38.608009338378906
-75.58333333,-20.56666667,105.53516,2018.0,-0.8674563547295971,1.349842772537226e-07,-17.05,-131.02,-22.25616455078125,-179.45431518554688
45.3738,-75.6862,78.394531,2021.0,0.6994583270516471,1.3020831829635426e-05,-15.26,-110.5,-13.895597457885742,-104.0524673461914
40.2778,-111.7148,1406.625,2015.0,0.29671281927349075,0.0,-11.01,-82.3,-6.866888523101807,-45.181129455566406
45.65,13.75,0.0,2003.0,0.29671281927349075,4.572387479129248e-05,-4.42,-31.42,-5.993475437164307,-37.007301330566406
45.37,-63.27,12.535156,1980.0,0.2802306751992159,0.0,-6.6,-47.0,-8.553728103637695,-59.30982208251953
53.23,6.55,7.7121582,1989.0,0.29671281927349075,1.4681713764730375e-05,-8.61,-50.3,-6.849782466888428,-45.02104187011719
34.9,-120.45,72.417969,1962.0,0.741222010848596,0.0,-3.2,-25.5,-5.156454563140869,-29.174049377441406
35.27,-75.55,0.0,1963.0,-0.7236440382959123,0.0,-5.4,-31.6,-4.086523532867432,-19.161109924316406
9.0,38.73,2329.125,1964.0,-0.6932812268869771,0.0002231856778962,-5.3,-35.4,-3.074820041656494,-9.693092346191406
46.60305556,13.67138889,2148.125,1987.0,0.29671281927349075,0.0001364412310067,-10.37,-69.9,-8.34308910369873,-60.74602508544922
6.2,100.4,3.8469238,1992.0,0.7295575540864875,0.0,-6.02,-33.2,-5.080030918121338,-28.458839416503906
33.86666667,35.56666667,226.0625,2001.0,-0.5667017562911184,0.0,-3.29,0.6,-3.865744113922119,-17.094947814941406
48.24861111,16.35638889,200.63281,1988.0,-0.27195815753410524,0.0,-11.69,-85.9,-11.990070343017578,-88.09207916259766
53.23,6.55,7.7121582,1987.0,-0.9587178169872964,1.5995092326193117e-05,-4.78,-23.5,-6.5123677253723145,-41.86334991455078
52.16666667,0.25,32.667969,1980.0,0.2386727660059501,0.0,-10.3,-69.0,-8.226335525512695,-56.56763458251953
47.6772,9.19,442.90625,1994.0,0.6994583270516471,6.582025525858626e-05,-12.19,-99.1,-12.739492416381836,-94.3691177368164
-12.43,130.87,16.515625,1978.0,0.741222010848596,0.0,-3.25,-9.6,-4.69912576675415,-24.894142150878906
46.57248471,8.332719621,1924.0,2022.0,-0.2135209154397959,1.367367076454684e-05,-5.82,-30.9,-7.742280006408691,-52.513267517089844
-34.05,115.0249,77.78125,2017.0,-0.6152845999633277,4.0250470192404464e-05,-6.3,-28.7,-3.2082581520080566,-10.941871643066406
34.72,113.65,108.5625,1989.0,-0.2884824328806098,0.0,-9.23,-59.6,-6.948400020599365,-46.34406280517578
13.48,22.45,788.75,1969.0,-0.9741004551724206,0.0,-2.97,-16.6,-0.8645997047424316,10.991233825683594
45.03527778,24.28416667,223.875,2021.0,0.29671281927349075,0.0001470388815505,-9.25,-71.0,-6.405920505523682,-40.867164611816406
-32.88,-68.85,762.84375,1985.0,-0.2884824328806098,7.017184543656185e-05,-2.4,-15.0,-6.333136081695557,-40.186012268066406
46.05,-74.28,363.76562,1982.0,0.6994583270516471,0.0,-18.6,-132.0,-16.00318717956543,-121.7052993774414
20.03333333,110.35,20.03418,1991.0,0.29671281927349075,0.0,-7.93,-54.7,-6.10204553604126,-38.023353576660156
36.72,3.18,19.595703,2002.0,-0.5234156073655503,8.356340913451277e-06,-6.07,-31.8,-4.285467624664307,-21.022926330566406
47.8008,11.0108,974.96875,1978.0,-0.680773409477016,0.0,-8.95,-57.7,-7.455811500549316,-50.113853454589844
51.57,4.93,17.209961,1985.0,0.741222010848596,2.7341566237737425e-05,-8.24,-55.0,-6.866888523101807,-45.181129455566406
41.91172742,2.763346411,139.71094,2015.0,-0.680773409477016,1.234207047673408e-05,-3.94,-22.6,-4.483198642730713,-22.873390197753906
4.377083333,18.56247222,359.875,2012.0,0.9562348265919056,0.0,1.74,29.27,-1.2721924781799316,7.176780700683594
26.27,50.62,2.3325195,2013.0,-0.7236440382959123,0.0,1.05,19.33,-0.45700693130493164,14.805686950683594
-46.42,168.32,-0.90939331,1983.0,0.9760105506323683,0.0003116160223726,-7.1,-49.7,-6.866888523101807,-45.181129455566406
47.42692898,9.400776879,758.46875,2004.0,0.6994583270516471,0.0,-12.15,-86.33704558,-12.770185470581055,-94.6261978149414
45.8,28.2,40.330078,2009.0,0.9760105506323683,0.0001568141742609,-9.49,-62.37,-8.530071258544922,-59.31889343261719
47.59583333,7.594444444,248.26562,2005.0,0.9510565162951535,3.287637446192093e-05,-6.15,-45.9,-9.319774627685547,-65.72611236572266
45.32,-75.67,112.08594,2007.0,0.9510565162951535,0.0,-13.17,-96.7,-10.83140754699707,-78.3873062133789
42.58834633,-5.651107617,911.78125,2012.0,0.9562348265919056,2.8515625672298484e-05,-0.6,-1.8,-8.629180908203125,-59.941810607910156
36.15,-5.35,1.5737915,1966.0,0.6994583270516471,0.0,-5.3,-28.6,-4.275763034820557,-20.932106018066406
-3.823991667,-73.377425,90.707031,2008.0,0.9562348265919056,4.416256342665292e-05,-7.48,-52.14,-6.241549015045166,-39.328895568847656
-8.587013889,-38.57735833,323.625,1975.0,0.6994583270516471,0.0002068749454338,-2.7,-11.0,-4.258780002593994,-20.773170471191406
-21.43846,-65.71519,2957.125,2011.0,0.6994583270516471,0.0,-17.54,-127.4,-9.259407043457031,-79.3154067993164
0.966666667,-79.63333333,0.0,1992.0,-0.23030567023061196,0.0001757538266247,-1.57,1.1,-2.866171360015869,-7.740455627441406
52.2914,10.4464,80.6875,1980.0,0.2386727660059501,2.5843701223493557e-05,-10.44,-75.0,-10.47076416015625,-75.36661529541016
42.58834633,-5.651107617,911.78125,2006.0,-0.2884824328806098,0.0,-7.24,-43.21,-9.355583190917969,-66.02603912353516
15.6,32.55,385.92188,1978.0,-0.2135209154397959,0.0,-1.6,-7.3,-1.6021485328674316,4.088890075683594
25.7325,-80.16323611,3.5220947,2003.0,-0.9988797155850335,0.0001184661887236,-3.12,-31.3,-4.468641757965088,-22.737159729003906
52.1,5.18,1.7967529,2005.0,-0.7354170229639858,6.5198873926419765e-06,-11.02,-74.82,-6.784470558166504,-44.31290054321289
0.453055556,33.195,1174.25,2014.0,0.741222010848596,0.0,-1.22,-1.8,-2.177145481109619,-1.2922134399414062
-7.315277778,72.42805556,2.3126221,1996.0,0.2802306751992159,4.950237416778691e-05,-3.05,-17.0,-4.261206150054932,-20.795875549316406
22.7,90.36,5.9089355,2014.0,-0.9741004551724206,0.0,-3.13,-14.5,-7.696742534637451,-57.020729064941406
46.06666667,14.51666667,298.53125,2002.0,-0.6354323008901775,7.50758499634685e-06,-2.97,-5.05,-7.34039306640625,-49.147125244140625
76.76666667,-18.66666667,0.0,2006.0,0.9760105506323683,0.0,-14.96,-113.49,-21.466550827026367,-167.46554565429688
46.22030867,7.33848445,481.70312,2007.0,-0.2135209154397959,0.0,-6.06,-41.94428707,-6.486286640167236,-41.61927032470703
9.0,38.73,2329.125,1992.0,-0.27195815753410524,0.0,-2.85,-11.5,-2.109213352203369,-0.6564712524414062
62.89179444,27.62542222,94.585938,2012.0,-0.27195815753410524,1.3696625501324888e-05,-16.67,-122.4,-16.24873161315918,-123.7619400024414
39.91055556,41.27555556,1890.5625,2021.0,0.741222010848596,0.0,-7.28,-47.0,-5.808481693267822,-35.276039123535156
7.04,125.19,719.1875,1998.0,0.29671281927349075,0.0,-9.22,-62.9,-6.958584308624268,-48.701454162597656
46.64833333,14.31833333,448.71875,1996.0,-0.23030567023061196,0.0,-6.83,-44.5,-6.866888523101807,-45.181129455566406
36.846389,-2.356942,16.541016,2011.0,-0.7236440382959123,0.0,-4.26,-25.3,-5.413626194000244,-31.580787658691406
-40.35,-9.88,37.345703,1998.0,0.741222010848596,0.0001150191528722,-4.95,-31.2,-4.627554416656494,-24.224342346191406
44.0206,10.28423,552.5625,2014.0,-0.2135209154397959,9.17552551982226e-06,-7.04,-46.08,-5.101866245269775,-28.663185119628906
-38.006017,-57.5714306,22.926758,2016.0,0.2802306751992159,0.0,-5.96,-35.3,-5.958902835845947,-36.683753967285156
46.17378583,8.788556051,407.5,1991.0,-0.2884824328806098,6.939490958757233e-06,-15.16,-120.1,-12.463254928588867,-92.0553970336914
52.2914,10.4464,80.6875,2012.0,0.9562348265919056,0.0002551501966081,-6.7,-57.1,-8.672662734985352,-60.306007385253906
-33.95833333,18.46111111,109.49609,2001.0,-0.23030567023061196,0.0,-0.05,6.0,-3.506674289703369,-13.734596252441406
50.9,14.8,240.94531,2013.0,-0.7236440382959123,0.0,-10.54,-76.2,-10.642133712768555,-76.8019790649414
39.95,32.88,920.125,2013.0,0.2386727660059501,0.0,-11.91,-82.62,-11.230417251586914,-81.7293472290039
53.23,6.55,7.7121582,2007.0,0.6084768701151261,2.366772969253361e-05,-5.56,-43.46,-7.819652080535889,-53.16132354736328
-13.8,-171.78,0.0,1963.0,0.9510565162951535,5.387129567679949e-05,-4.2,-16.8,-4.319433689117432,-21.340797424316406
51.6,-1.1,55.042969,2015.0,-0.9741004551724206,0.0,-6.45,-42.1,-6.724841117858887,-44.03347396850586
-2.433333333,-54.71666667,57.433594,1989.0,-0.8717063187093217,0.0,-2.26,-4.5,-3.1451783180236816,-10.351539611816406
49.7703,9.9578,265.90625,1987.0,-0.2135209154397959,7.436697160301264e-06,-6.62,-43.7,-6.302809238433838,-39.902198791503906
36.98,35.3,22.958008,2009.0,0.9510565162951535,0.0,-5.88,-29.03,-4.668798923492432,-24.610328674316406
27.7,106.88,860.71875,1991.0,-0.9587178169872964,0.0,-6.81,-49.2,-8.141145706176758,-63.361061096191406
4.05,114.81,27.053711,2008.0,-0.5808002734538013,0.0001303514000028,-16.34,-119.65,-7.17230224609375,-49.538490295410156
36.03,129.38,4.7189941,1963.0,-0.680773409477016,0.0,-9.54,-63.1,-7.368428707122803,-52.336647033691406
37.77,-25.65,137.14062,1995.0,0.741222010848596,0.0,-0.81,-1.55,-3.6546692848205566,-15.119606018066406
7.266666667,80.6,481.4375,1993.0,0.9510565162951535,0.0,-2.3,0.0,-4.735517978668213,-25.234718322753906
-1.48732,29.07066,1905.0,2014.0,0.2386727660059501,2.5249868485843763e-05,-0.69,11.73,0.6299071311950684,24.977561950683594
69.76666667,61.68333333,0.0,1981.0,0.2386727660059501,1.792165903680143e-06,-20.0,-146.0,-19.2259578704834,-148.69869995117188
13.55,144.83,113.0,1964.0,-0.7116566222817751,3.716276842169464e-05,-4.4,-28.0,-4.365530490875244,-21.772193908691406
44.73805556,-0.774722222,59.488281,2021.0,0.9760105506323683,0.0,-3.97,-26.6,-5.767237186431885,-34.890052795410156
1.685556,33.616389,1096.9375,2020.0,0.6994583270516471,0.0,-2.14,-7.5,-2.0825257301330566,-0.40671539306640625
53.23,6.55,7.7121582,1981.0,-0.7236440382959123,0.0,-6.66,-35.6,-8.009565353393555,-54.75200653076172
52.98,158.65,0.0,1998.0,0.6994583270516471,9.487278475717176e-06,-11.6,-86.9,-15.210283279418945,-115.0640640258789
-6.18,106.83,5.1230469,1986.0,-0.9587178169872964,5.800647704745643e-05,-6.98,-43.2,-4.861677646636963,-26.415382385253906
50.92,5.78,111.17188,1989.0,-0.9587178169872964,9.263405445381068e-06,-4.9,-27.7,-6.473246097564697,-41.497230529785156
43.91281944,4.888775,30.959961,2005.0,-0.2884824328806098,1.1951433407375587e-05,-7.3,-46.96,-6.342840671539307,-40.276832580566406
46.98141401,6.607999655,1046.0625,2021.0,0.9760105506323683,0.0,-10.85,-73.64,-11.639657974243164,-85.1570816040039
-12.43,130.87,16.515625,1981.0,-0.2884824328806098,0.0001003287470666,-3.75,-34.3,-5.132193088531494,-28.946998596191406
-13.0,28.65,1260.6875,2014.0,0.6994583270516471,0.0001050011414918,-5.78,-30.7,-4.591162204742432,-23.883766174316406
-41.15,-71.33,951.28125,1999.0,0.9510565162951535,0.0,-10.5,-70.0,-8.459482192993164,-67.9028091430664
61.22,-48.12,20.967773,1973.0,-0.2884824328806098,2.216484608652536e-05,-11.89,-83.8,-9.989788055419922,-88.92730712890625
45.3738,-75.6862,78.394531,2021.0,-0.9587178169872964,0.0,-3.38,-13.7,-7.701853275299072,-53.092994689941406
-33.97,18.6,41.798828,1971.0,0.2386727660059501,0.0,-0.76,6.0,-3.298025608062744,-11.781959533691406
46.20239,7.84117,1546.1875,2017.0,0.9510565162951535,0.0,-14.46,-107.7,-13.051538467407227,-96.9827651977539
-15.6,-56.1,177.79688,1978.0,0.6994583270516471,3.5433637094683945e-05,-15.32,-104.0,-5.255926609039307,-30.104957580566406
-19.23,-66.95972,3702.875,2010.0,0.741222010848596,0.0,-10.4566733,-66.6,-11.129526138305664,-105.9965591430664
39.95,32.88,920.125,2004.0,0.9562348265919056,3.844915408990346e-05,-4.47,-19.4,-8.26725959777832,-56.91040802001953
48.78,-123.13,148.02344,2007.0,0.2386727660059501,8.278487075585872e-05,-9.95,-67.3,-12.22282600402832,-90.0416030883789
-37.82,144.97,6.1674805,2012.0,0.2802306751992159,0.0,-8.31,-54.9,-4.956297397613525,-27.300880432128906
56.21666667,43.81666667,76.433594,1983.0,0.741222010848596,0.0,-6.0,-37.0,-9.823652267456055,-69.9465103149414
44.13333333,6.333333333,881.625,2018.0,0.9510565162951535,0.0,-8.03,-61.5,-8.423282623291016,-58.21723175048828
46.095,14.597,283.89062,2002.0,0.6994583270516471,2.133324960595928e-05,-7.76,-53.4,-11.644773483276367,-85.1999282836914
46.64833333,14.31833333,448.71875,1988.0,0.9562348265919056,1.2648129086301196e-05,-11.73,-84.5,-12.005416870117188,-88.22061920166016
14.93894444,-88.02145,661.125,2009.0,0.9760105506323683,0.0,-1.63,-2.38,-1.7428650856018066,2.7719955444335938
33.42,36.52,607.25,1993.0,0.2386727660059501,0.0,-10.53,-58.9,-5.14553689956665,-29.071876525878906
63.52,-116.0,238.64844,2001.0,-0.680773409477016,2.3164555386756547e-05,-16.45,-127.6,-17.207107543945312,-134.33108520507812
50.3381,7.6,86.441406,1997.0,0.9760105506323683,2.1485069737536836e-05,-7.46,-56.3,-8.213546752929688,-56.46051788330078
13.07176111,-59.48972222,45.302734,1973.0,0.9760105506323683,3.41336453857366e-05,-0.88,4.5,-0.9956116676330566,9.765159606933594
26.27,50.62,2.3325195,1994.0,0.9760105506323683,0.0,-0.87,-5.0,-0.5200867652893066,14.215354919433594
-40.35,-9.88,37.345703,2012.0,0.2802306751992159,0.0001716526167001,-3.89471888,-21.94012251,-4.655455112457275,-24.485450744628906
-34.05,115.0249,77.78125,2010.0,-0.455906693508459,2.97573501484294e-06,-7.41,-48.4,-3.268911838531494,-11.509498596191406
22.70946111,-83.15526111,96.832031,1984.0,-0.23030567023061196,0.0001018139810184,-1.37,0.1,-3.395071506500244,-12.690162658691406
-18.91472222,47.55805556,1278.5,2013.0,0.6994583270516471,2.1140071112313308e-05,-10.35,-69.6,-5.2328782081604,-29.889259338378906
9.93,-84.1,1135.125,2015.0,0.6994583270516471,0.0,-5.19,-28.7,-7.5919904708862305,-55.526222229003906
76.76666667,-18.66666667,0.0,2012.0,-0.970063921851507,0.0,-21.59,-189.3,-18.315397262573242,-141.07199096679688
47.81666667,13.71777778,1616.0625,2021.0,0.9510565162951535,0.0,-10.685,-69.98,-11.148569107055664,-81.0438003540039
48.8281,9.2,313.79688,2007.0,-0.7236440382959123,7.569377885374706e-06,-8.42,-54.2,-10.442628860473633,-75.1309585571289
4.05,114.81,27.053711,2006.0,-0.9368813462954315,0.0001306638732785,-7.3,-45.25,-7.780181407928467,-58.211158752441406
48.4042,2.6965,79.179688,2016.0,-0.9634705485641486,0.0,-6.04,-36.9,-5.966787815093994,-36.757545471191406
41.91595556,13.08333333,499.48438,2002.0,-0.27195815753410524,5.284050530462992e-06,-6.07,-35.24,-8.641969680786133,-60.048927307128906
10.00036389,-84.10913333,1157.3125,2016.0,-0.8996308696522434,0.0003231574955862,-5.775463,-34.478169,-6.313111782073975,-44.259010314941406
-20.47,-54.67,554.875,1991.0,0.4937755501599772,7.726567855570465e-05,-8.0,-48.9,-5.198912143707275,-29.571388244628906
45.32,-75.67,112.08594,2016.0,0.9721181966290613,0.0,-10.84,-71.5,-10.64980697631836,-76.86624908447266
8.983333333,79.9,2.5202637,1983.0,0.741222010848596,9.97383631329285e-06,-1.8,-2.2,-3.894857883453369,-17.367408752441406
46.60305556,13.67138889,2148.125,2018.0,-0.9562348265919058,0.0,-7.452,-43.05,-8.21030044555664,-61.10047149658203
4.93,-52.32,5.0107422,2021.0,-0.9587178169872964,0.0,-1.73,-2.8,-3.540640354156494,-14.052467346191406
41.67805556,26.55916667,95.183594,2022.0,-0.2884824328806098,0.0,-6.26,-38.0,-9.639493942260742,-68.4040298461914
1.98,-157.46,0.0,1963.0,0.9510565162951535,7.686409844609443e-06,-2.2,-12.4,-3.443594455718994,-13.144264221191406
37.162,-8.485,6.5202637,2014.0,0.9760105506323683,0.0,-5.11,-28.8,-4.251501560211182,-20.705055236816406
47.8008,11.0108,974.96875,1997.0,0.741222010848596,3.56171622115653e-05,-9.34,-69.14,-9.447662353515625,-66.79727935791016
33.725,36.13027778,1575.9375,1993.0,0.6994583270516471,0.0,-9.59,-61.8,-5.162519931793213,-29.230812072753906
64.13,-21.93,12.141602,1997.0,0.9760105506323683,0.0,-6.7,-45.7,-8.611716270446777,-60.25769805908203
42.29055556,-85.58444444,244.73438,1992.0,-0.9829265519799822,5.527238681679592e-05,-2.5,-49.0,-9.028190612792969,-63.283851623535156
36.15,-5.35,1.5737915,1987.0,-0.680773409477016,0.0,-3.41,-16.8,-3.521231174468994,-13.870826721191406
14.52,121.0,3.6977539,1964.0,0.6994583270516471,0.0,-0.2,-4.4,-4.719748020172119,-25.087135314941406
30.67,104.02,504.75,1997.0,0.29671281927349075,0.0001723533932818,-3.18,-28.5,-6.866888523101807,-45.181129455566406
8.92,-79.6,11.163086,1992.0,-0.6932812268869771,4.634103243006393e-05,-4.04,-25.8,-6.123880863189697,-38.227699279785156
6.9506,79.8795,3.7172852,2010.0,0.2386727660059501,0.0,-6.019199537,-35.35818804,-4.067114353179932,-18.979469299316406
47.98,-55.82,119.36328,2003.0,-0.9587178169872964,0.0,-9.26,-61.0,-7.084737300872803,-47.86869812011719
41.05916667,-100.7463889,918.34375,1998.0,0.3456123126707335,3.266308340243995e-05,-9.4,-70.0,-6.866888523101807,-45.181129455566406
-19.4,-68.95,4213.25,1986.0,0.9760105506323683,0.0,-15.4,-113.0,-10.015798568725586,-90.1069107055664
46.98141401,6.607999655,1046.0625,1997.0,0.2386727660059501,0.0,-16.3,-122.8,-12.693452835083008,-93.9834976196289
6.2,100.4,3.8469238,2000.0,0.2386727660059501,0.0,-5.5,-31.1,-5.069113254547119,-28.356666564941406
-27.43,153.08,5.7802734,2005.0,-0.680773409477016,0.0,-0.22,6.9,-2.400351047515869,-3.3810806274414062
46.37222222,6.470833333,387.75,2021.0,-0.7236440382959123,0.0,-11.8,-91.0,-10.345434188842773,-74.3168716430664
38.05011111,23.8675,438.375,2001.0,-0.3049212246562894,3.372733772266656e-05,-11.93,-75.8,-7.320853233337402,-48.94792938232422
37.97,23.72,100.17578,2015.0,-0.9587178169872964,2.8909635148011148e-05,-4.25,-19.5,-4.008886814117432,-18.434547424316406
50.3381,7.6,86.441406,2002.0,0.741222010848596,4.2037667299155146e-05,-6.93,-51.85,-6.866888523101807,-45.181129455566406
51.6,-1.1,55.042969,1983.0,0.2386727660059501,6.473466055467725e-05,-6.4,-43.0,-7.90735387802124,-54.08106994628906
33.46555556,126.9333333,5.9509277,1995.0,-0.3294084822245302,0.0003249128931201,-8.4,-58.0,-5.400282382965088,-31.455909729003906
51.6,-1.1,55.042969,1982.0,-0.7236440382959123,2.6221949156024493e-05,-8.5,-59.0,-7.638051509857178,-51.64026641845703
47.81666667,13.71777778,1616.0625,2019.0,0.4327755925504312,0.0,-11.546,-85.24,-10.32241439819336,-74.12406158447266
-34.05,115.0249,77.78125,2008.0,0.09453674981719912,0.0,-3.76,-12.0,-3.409628391265869,-12.826393127441406
51.93,-10.25,33.068359,1997.0,-0.9741004551724206,0.0004244369920343,-5.91,-37.2,-5.598013401031494,-33.306373596191406
45.32,-75.67,112.08594,2008.0,-0.9634705485641486,0.0,-7.48,-49.53515721,-7.989742755889893,-54.585975646972656
66.49686111,25.75518056,108.88672,2009.0,0.29671281927349075,8.453237387584522e-05,-8.85,-65.0,-11.982397079467773,-88.0278091430664
-0.37,-78.55,3064.0,1997.0,-0.7236440382959123,6.179784577398095e-06,-10.6,-74.8,-8.493040084838867,-68.3815689086914
46.49722222,28.3,150.79688,2014.0,0.29671281927349075,7.627371087437496e-05,-3.97,-27.0,-6.866888523101807,-45.181129455566406
2.883333333,101.7833306,55.289062,2015.0,-0.9587178169872964,6.502497126348317e-05,-5.05,-27.2,-6.2608137130737305,-41.857521057128906
-40.35,-9.88,37.345703,2001.0,-0.9587178169872964,7.607121119690419e-07,-4.46,-29.04,-4.367956638336182,-21.794898986816406
-4.38,-69.98,65.0,1990.0,0.8880573226294932,0.0,-8.4,-55.6,-6.866888523101807,-45.181129455566406
48.545,13.3528,478.40625,2007.0,0.2386727660059501,0.0,-9.32,-67.0,-12.432561874389648,-91.7983169555664
35.13,-111.67,2151.0,1967.0,-0.2884824328806098,0.0,-8.45,-60.0,-7.264583587646484,-50.855079650878906
47.6772,9.19,442.90625,2009.0,-0.7236440382959123,4.507670746534132e-05,-16.11,-120.9,-12.079591751098633,-88.8418960571289
6.166666667,102.2833333,3.2288818,2018.0,-0.2884824328806098,0.0002294956793775,-6.25,-38.9,-6.866888523101807,-45.181129455566406
51.93,-10.25,33.068359,1992.0,0.7295575540864875,2.267351374030113e-05,-4.09,-26.2,-5.673830509185791,-34.015907287597656
44.42,8.85,5.4519043,1991.0,0.741222010848596,0.0,-8.11,-59.8,-5.269270420074463,-30.229835510253906
53.8713,8.7058,4.7202148,2009.0,0.6994583270516471,2.465862053213641e-05,-8.45,-57.1,-8.745013236999512,-62.27246856689453
50.3119,11.8758,564.53125,1996.0,-0.23030567023061196,7.31527034076862e-05,-7.57,-56.2,-7.3917975425720215,-49.53551483154297
-12.43,130.87,16.515625,1987.0,0.2386727660059501,0.0007594900671392,-7.75,-48.5,-5.109144687652588,-28.731300354003906
-37.82,144.97,6.1674805,1972.0,-0.27195815753410524,0.0,-0.07,3.8,-4.801023960113525,-25.847755432128906
36.78,3.052222222,139.10156,1998.0,-0.7236440382959123,0.0,-3.3,-22.0,-5.69445276260376,-34.208900451660156
22.31666667,114.1666667,34.056641,2001.0,0.9510565162951535,0.0,-6.81,-44.1,-3.7128968238830566,-15.664527893066406
51.387367,-0.325697,10.34082,2021.0,0.7748840413670407,0.0,-0.45,-7.14,-5.794531345367432,-35.145484924316406
46.89,7.49,659.34375,2012.0,0.6994583270516471,9.173147554975004e-05,-13.68,-104.86,-13.036191940307617,-96.8542251586914
18.37583333,-65.73277778,2.0092773,2006.0,-0.8587639582758031,3.996401937911287e-05,-3.5,-15.6,-3.9263978004455566,-17.662574768066406
35.86222222,-106.3,2218.75,1993.0,-0.655156357209085,0.0,-9.16,-62.0,-7.756147384643555,-57.868263244628906
51.67,-110.2,697.40625,2002.0,-0.680773409477016,4.759162038681097e-05,-15.76,-120.6,-14.013254165649414,-105.0379409790039
40.80638889,-104.7547222,1641.75,1994.0,0.9932568492674143,0.0,-23.0,-175.0,-15.74229621887207,-119.5201187133789
23.05,-82.21666667,123.02734,2008.0,0.7295575540864875,1.643973337195348e-05,-1.73,-2.55,-2.5823121070861816,-5.083961486816406
26.20576389,43.96005556,652.0,2011.0,0.7526668275320084,0.0002662878250703,4.19,39.49,0.33876943588256836,22.252952575683594
47.38333333,123.9166667,143.5,1990.0,0.2386727660059501,0.0,-24.11,-197.7,-17.783384323120117,-136.61593627929688
54.5275,9.5486,43.292969,1998.0,0.9760105506323683,9.180145752907263e-06,-9.72,-69.6,-8.379800796508789,-57.85303497314453
-22.9,-43.17,0.0,1984.0,-0.970063921851507,0.0,-2.8,-5.0,-2.914694309234619,-8.194557189941406
-34.05,115.0249,77.78125,2009.0,-0.14579919691987442,1.7062784536392428e-06,-4.18,-15.7,-3.3926453590393066,-12.667457580566406
19.28,166.65,4.0,1968.0,-0.970063921851507,0.0001497082703281,-1.03,-13.7,-4.142324924468994,-19.683326721191406
7.0,125.25,1722.75,1994.0,-0.2884824328806098,0.0,-12.31,-87.6,-7.977895259857178,-61.031959533691406
4.036666667,9.734166667,39.230469,2006.0,-0.680773409477016,7.361578173004091e-05,-2.68,-7.15,-3.0869507789611816,-9.806617736816406
37.77,-25.65,137.14062,1962.0,-0.2884824328806098,9.05221440916648e-06,-5.8,-30.4,-4.906561374664307,-26.835426330566406
31.33,27.21666667,24.701172,2001.0,-0.2884824328806098,0.0,-3.92,-17.8,-4.683355808258057,-24.746559143066406
40.008,-105.2682583,1647.3125,2009.0,-0.7236440382959123,0.0,-20.83,-158.52,-11.348611831665039,-86.4594497680664
52.8911,11.7294,21.530273,2010.0,-0.7236440382959123,2.5078845283132974e-05,-9.92,-69.6,-8.84019660949707,-61.70923614501953
51.18,8.4889,841.375,2001.0,0.9760105506323683,2.7768272047978822e-05,-9.3,-65.4,-9.20979118347168,-64.8049087524414
39.1,117.1666667,3.3602295,1991.0,-0.2135209154397959,0.0,-9.94,-60.8,-7.825528621673584,-58.858131408691406
62.89179444,27.62542222,94.585938,2017.0,-0.9587178169872964,6.182050128700212e-05,-10.78,-72.6,-10.79815673828125,-78.10880279541016
50.92,5.78,111.17188,1984.0,0.7295575540864875,0.0,-11.56,-80.8,-6.866888523101807,-45.181129455566406
72.58,-38.4799,3202.0,2011.0,-0.154308820664281,1.488002817495726e-05,-49.00770758,-394.5931741,-39.544761657714844,-318.8857116699219
-65.07944444,-63.9775,286.6875,2016.0,0.2802306751992159,7.40458900778591e-08,-13.83,-110.4,-9.192293167114258,-78.3578872680664
50.7311,13.7514,876.875,2006.0,0.741222010848596,0.0001239368284586,-10.55,-79.8,-8.743001937866211,-60.89514923095703
47.833185,1.940433,113.78516,2011.0,0.9510565162951535,0.0,-2.9,-16.2,-7.811339378356934,-53.091697692871094
-21.2,-159.8,7.8220215,1984.0,0.2386727660059501,0.0001067819321178,-7.09,-44.9,-3.695913791656494,-15.505592346191406
-40.68,144.69,82.167969,2008.0,-0.9634705485641486,2.7480160497361798e-05,-2.37,-11.5,-3.7614197731018066,-16.118629455566406
42.033333,43.483333,1077.1875,2018.0,-0.9741004551724206,0.0,-8.44,-48.7,-6.7861433029174805,-44.42547607421875
-34.05,115.0249,77.78125,2012.0,0.06021327736579302,1.2473310562199913e-06,-4.59,-19.4,-3.307730197906494,-11.872779846191406
-34.05,115.0249,77.78125,2016.0,-0.9873494423939864,1.3387464150582673e-06,-3.96,-16.8,-2.9607911109924316,-8.625953674316406
39.95,32.88,920.125,2010.0,-0.2884824328806098,3.118398308288306e-05,-4.455077006,-17.09004967,-10.25847053527832,-73.5884780883789
5.383333333,103.1,10.330566,1998.0,0.741222010848596,4.707141488324851e-05,-3.65,-15.3,-5.280188083648682,-30.332008361816406
47.37233597,8.083138245,397.48438,2022.0,0.741222010848596,1.267066181753762e-05,-7.31,-51.9,-7.812618255615234,-53.10240936279297
-53.0,-70.833333,32.589844,1994.0,-0.9741004551724206,0.0,-10.85,-81.0,-8.766029357910156,-72.2763442993164
-34.93,138.58,24.027344,1984.0,0.2802306751992159,0.0,-5.02,-28.6,-4.331564426422119,-21.454322814941406
33.1,45.95,58.107422,2023.0,-0.661634618242279,0.0,-3.48,-4.01,-4.496542453765869,-22.998268127441406
45.32,-75.67,112.08594,2013.0,-0.9587178169872964,0.0,-9.51,-64.9,-7.70033597946167,-52.70594024658203
42.29055556,-85.58444444,244.73438,1993.0,0.3375228995941133,5.0661165005294606e-05,-13.9,-91.0,-6.866888523101807,-45.181129455566406
42.7728,-0.33149,1302.3125,2017.0,0.9760105506323683,0.0,-8.23,-52.2,-9.631820678710938,-68.33975982666016
38.05011111,23.866675,444.85938,2018.0,-0.9587178169872964,0.0,-4.81,-24.8,-4.386152744293213,-21.965187072753906
76.23333333,-119.2833333,6.2902832,1993.0,-0.2884824328806098,0.0,-33.02,-252.1,-25.272489547729492,-199.34347534179688
10.00036389,-84.10913333,1157.3125,2017.0,0.4093559588156213,0.0,-9.564319429,-67.70016494,-6.997488498687744,-47.044410705566406
34.72,113.65,108.5625,1988.0,0.7295575540864875,0.0,-5.36,-40.1,-5.171011447906494,-29.310279846191406
-20.67777778,139.4875,339.82812,2007.0,0.9510565162951535,0.0,-3.05,-19.2,-5.173437595367432,-29.332984924316406
50.4972,9.9428,920.40625,1999.0,0.2386727660059501,0.0,-10.67,-74.6,-10.690731048583984,-77.20902252197266
33.21722222,-87.54305556,64.535156,2006.0,-0.47115950767386394,6.84379119775258e-05,-1.7,-9.0,-3.501821994781494,-13.689186096191406
-40.68,144.69,82.167969,2013.0,0.741222010848596,3.4724162105703726e-06,-6.46,-37.6,-4.655455112457275,-24.485450744628906
-2.53,140.72,68.566406,1974.0,0.6994583270516471,5.102296199765988e-05,-6.7,-51.4,-5.944345951080322,-36.547523498535156
42.29055556,-85.58444444,244.73438,1992.0,-0.4327755925504317,0.0001051879953593,-17.1,-106.0,-7.052472114562988,-47.82886505126953
33.21722222,-87.54305556,64.535156,2008.0,0.7354170229639855,4.806070865015499e-05,-6.2,-37.3,-3.8487610816955566,-16.936012268066406
41.75,44.766667,0.0,2021.0,0.2386727660059501,0.0,-13.37,-100.0,-12.453023910522461,-91.9697036743164
43.49111613,-3.800555816,50.095703,2006.0,-0.680773409477016,5.916840564168524e-06,-2.25,-10.09,-3.982199192047119,-18.184791564941406
54.5275,9.5486,43.292969,2001.0,-0.680773409477016,0.0,-7.17,-49.6,-7.14680290222168,-47.5256462097168
-15.6,-56.1,177.79688,1989.0,-0.2884824328806098,5.7208420912502334e-05,-5.62,-33.8,-4.210257053375244,-20.319068908691406
41.66056063,-1.004162565,244.98438,2013.0,0.9510565162951535,0.0,-5.9,-43.5,-6.527834415435791,-42.008094787597656
47.6772,9.19,442.90625,1978.0,-0.7236440382959123,3.3000134862959385e-05,-10.49,-74.4,-11.872413635253906,-87.10660552978516
0.05,-51.07,16.0,1990.0,0.4937755501599772,0.0001142593537224,-3.02,-11.9,-3.919119358062744,-17.594459533691406
25.7325,-80.16323611,3.5220947,2000.0,0.42500033996955416,0.0001438786712242,-1.77,-2.6,-3.865744113922119,-17.094947814941406
48.22,11.59,494.59375,1998.0,0.9510565162951535,1.0298855158907829e-05,-9.25,-64.6,-10.905582427978516,-79.00858306884766
26.87472222,80.93888889,116.25,2003.0,-0.680773409477016,0.0,-10.26,-71.7,-5.829103946685791,-35.469032287597656
31.62,25.95,0.0,1995.0,-0.7236440382959123,6.271014717640355e-05,-1.67,4.3,-3.1645874977111816,-10.533180236816406
28.276976,84.30961,2101.5,2017.0,0.9988797155850336,0.0,1.816801269,24.9707407,-0.17072153091430664,17.484886169433594
36.98,35.3,22.958008,2006.0,-0.2135209154397959,0.0,-0.2,-2.33,-3.0044617652893066,-9.034645080566406
48.22,11.59,494.59375,1994.0,-0.7236440382959123,0.0,-15.45,-115.0,-11.987512588500977,-88.0706558227539
39.28333333,-7.416666667,492.75,1990.0,0.2386727660059501,0.0002837914798874,-5.21,-26.1,-5.973459720611572,-36.819984436035156
21.32,103.91,609.09375,2020.0,0.6994583270516471,3.344067954458296e-05,0.45,3.8,-3.991903781890869,-18.275611877441406
56.93604,24.09549,1.7421875,2019.0,0.9760105506323683,0.0,-6.52,-51.9,-9.961771011352539,-71.1033706665039
62.28,-114.27,159.84375,1989.0,-0.2135209154397959,0.0,-15.5,-109.0,-15.854837417602539,-120.4627456665039
55.75,37.57,130.52344,1975.0,0.9760105506323683,0.0,-10.3,-84.9,-11.982397079467773,-88.0278091430664
23.05,-82.21666667,123.02734,2015.0,-0.2884824328806098,0.0,-3.64,-22.3,-2.6890625953674316,-6.082984924316406
47.59583333,7.594444444,248.26562,1983.0,-0.9587178169872964,0.0,-5.25,-33.0,-6.889761447906494,-45.31914520263672
32.53,35.85,648.125,2001.0,0.9760105506323683,0.0,-6.86,-43.3,-4.566900730133057,-23.656715393066406
47.4828,11.0622,716.1875,2010.0,-0.2135209154397959,0.0002723677607718,-7.36,-50.85,-6.684624195098877,-43.47541046142578
35.13,-111.67,2151.0,1965.0,-0.2884824328806098,0.0,-15.06,-109.0,-7.239416122436523,-50.496009826660156
60.18008889,24.83286111,14.698242,2013.0,0.9760105506323683,0.0,-9.3,-66.9,-11.841720581054688,-86.84952545166016
13.995364,-91.200961,12.702637,2021.0,0.9510565162951535,0.0,-3.05,-12.1,-2.0631165504455566,-0.22507476806640625
30.92611111,78.94027778,4989.5,2004.0,-0.6932812268869771,0.0001569402520544,-17.5,-128.5,-11.82284164428711,-92.7129898071289
63.37,-135.52,588.34375,1986.0,0.2386727660059501,0.0,-25.4,-218.0,-24.54608726501465,-193.25924682617188
38.05011111,23.8675,438.375,2008.0,0.5086709438521044,3.657345951069146e-05,-10.46,-82.76,-6.2649006843566895,-39.54743194580078
51.6,-1.1,55.042969,1986.0,0.2386727660059501,6.239882168301847e-06,-9.3,-69.0,-8.091413497924805,-55.43755340576172
58.15,-4.975,69.511719,2005.0,-0.9741004551724206,0.0,-8.64,-68.75,-7.917168617248535,-54.38684844970703
-0.411,32.526,1192.1875,2004.0,-0.9634705485641486,0.0,-0.29,12.2,-1.6894898414611816,3.2715072631835938
39.46666667,-6.333333333,410.0,2003.0,-0.2884824328806098,0.0,-10.98,-75.65,-6.316456317901611,-40.02991485595703
-41.47,-72.93,43.574219,2012.0,0.2386727660059501,0.0,-5.17,-32.0,-6.4056172370910645,-40.86432647705078
-21.02823729,55.47161911,1175.3125,2017.0,0.19667288979357647,1.4068034943193196e-05,-3.735,-14.66,-4.424971103668213,-22.328468322753906
-0.743055556,-90.30222222,1.7120972,2015.0,0.24702218048093552,6.398576715582749e-06,0.258333809,1.843807621,-1.7331604957580566,2.8628158569335938
43.587,13.51533333,153.78906,2017.0,0.6994583270516471,0.0,-4.78,-30.4,-6.758849143981934,-44.1700439453125
64.13,-21.93,12.141602,1961.0,0.29671281927349075,0.0,-7.4,-50.2,-8.156636238098145,-55.983848571777344
48.24861111,16.35638889,200.63281,1986.0,0.29671281927349075,1.4952148376323748e-05,-10.44,-78.2,-8.00317096710205,-54.698448181152344
41.91172742,2.763346411,139.71094,2006.0,0.2386727660059501,0.0,-8.41,-56.09,-6.771283149719238,-44.286407470703125
50.4972,9.9428,920.40625,1980.0,-0.7116566222817751,8.238743612309918e-05,-11.77,-81.7,-10.238008499145508,-73.4170913696289
4.365694444,18.58725,381.14062,2011.0,-0.9741004551724206,9.566443623043595e-05,-4.597746967,-24.25525454,-3.356253147125244,-12.326881408691406
64.13,-21.93,12.141602,2009.0,0.6994583270516471,1.647315002628602e-05,-7.19,-49.3,-8.850427627563477,-61.79492950439453
47.47051111,21.49041944,105.30859,2002.0,0.9829265519799822,4.713906673714519e-05,-2.1,-29.7,-9.335121154785156,-65.85465240478516
47.12,9.49,459.84375,2022.0,0.6994583270516471,0.0,-10.13,-77.5,-13.210119247436523,-98.3110122680664
-15.85,-47.93,1012.8125,1967.0,-0.9741004551724206,0.0002859796804841,-1.77,-3.0,-2.9559388160705566,-8.580543518066406
45.32,-75.67,112.08594,1999.0,0.29671281927349075,2.6828862246475182e-05,-7.4,-47.8,-8.083740234375,-55.37328338623047
4.05,114.81,27.053711,2008.0,-0.008606996888688009,4.576030551106669e-05,-14.23,-102.98,-7.620559215545654,-55.933815002441406
-22.94916667,-46.54916667,855.53125,1997.0,0.440518784350495,0.0,-4.91,-22.47,-4.671225070953369,-24.633033752441406
45.80666667,15.97,120.36328,1991.0,0.6994583270516471,0.0,-15.21,-121.0,-11.545021057128906,-84.36441802978516
44.42,8.85,5.4519043,1991.0,0.29671281927349075,0.0001819373283069,-3.07,-15.6,-4.768270969390869,-25.541236877441406
52.88333333,-1.083333333,60.794922,1991.0,0.741222010848596,7.885322702350095e-06,-3.0,-16.0,-6.866888523101807,-45.181129455566406
-46.42,168.32,-0.90939331,1987.0,-0.2884824328806098,0.0,-5.72,-39.3,-6.833509922027588,-44.86875915527344
12.69325,-7.995494444,382.5625,1964.0,-0.6932812268869771,0.0,-10.7,-77.5,-5.257139682769775,-30.116310119628906
36.88,30.7,0.0,1993.0,0.9510565162951535,0.0,-5.49,-32.9,-4.848333835601807,-26.290504455566406
37.77,-25.65,137.14062,2019.0,-0.680773409477016,4.540494046523236e-06,-2.45,-7.6,-2.992331027984619,-8.921119689941406
36.88,30.7,0.0,2010.0,0.9510565162951535,8.528865873813629e-05,-0.001278576,6.243203364,-4.889578342437744,-26.676490783691406
45.32,-75.67,112.08594,2002.0,-0.680773409477016,0.0,-5.9,-35.7,-7.515646934509277,-53.37470245361328
49.7703,9.9578,265.90625,1984.0,-0.7116566222817751,0.0,-7.98,-58.4,-10.01292610168457,-71.5318374633789
48.24861111,16.35638889,200.63281,2007.0,-0.2884824328806098,0.0,-13.29,-98.96,-11.964492797851562,-87.87784576416016
0.05,32.45,1135.4375,2004.0,-0.27195815753410524,9.908063657348976e-05,-0.42,10.8,-0.8403382301330566,11.218284606933594
-0.13,-67.08,58.835938,1974.0,0.29671281927349075,2.7128871806780808e-05,-6.72,-51.7,-4.011312961578369,-18.457252502441406
49.5971,11.0055,285.1875,2011.0,0.29671281927349075,2.002209294005297e-05,-5.85,-39.75,-7.517197608947754,-50.628013610839844
47.81666667,13.71777778,1616.0625,2021.0,-0.455906693508459,1.3479448170983233e-05,-8.025,-50.49,-11.156242370605469,-81.10807037353516
32.53,35.85,648.125,2002.0,0.9510565162951535,0.0,-6.45,-32.2,-4.6700119972229,-24.621681213378906
-1.5075,-77.94388889,958.9375,2017.0,-0.2135209154397959,0.0,-6.12,-44.4,-3.414480686187744,-12.871803283691406
50.7,5.47,141.75781,1968.0,0.2802306751992159,6.559122266480699e-05,-5.62,-38.6,-7.618228912353516,-51.47423553466797
47.4828,11.0622,716.1875,1983.0,-0.7236440382959123,0.0,-14.1,-109.3,-12.688337326049805,-93.9406509399414
-36.8,-59.83,137.54688,2001.0,-0.680773409477016,0.0,-5.4,-30.0,-3.9603638648986816,-17.980445861816406
3.741666667,38.575,1331.25,1995.0,0.29671281927349075,1.4806969375058545e-05,0.32,14.0,-1.5827393531799316,4.270530700683594
-34.05,115.0249,77.78125,2006.0,-0.5160623910158526,4.695327788795112e-06,-3.63,-9.2,-3.2713379859924316,-11.532203674316406
36.98,35.3,22.958008,2003.0,-0.9741004551724206,0.0,-2.96,-10.4,-4.139898777008057,-19.660621643066406
41.15305556,-96.49277778,352.0625,1993.0,0.6744436188329455,0.0,-15.5,-103.0,-7.440784454345703,-49.98799133300781
36.88,30.7,0.0,1973.0,-0.7236440382959123,0.0,-5.28,-21.9,-4.944166660308838,-27.187355041503906
19.2,-96.13,0.0,1980.0,0.7295575540864875,0.0,-1.33,-7.6,-2.138327121734619,-0.9289321899414062
53.23,6.55,7.7121582,2009.0,0.9510565162951535,2.818517714331392e-05,-7.25,-48.26,-7.77276611328125,-53.795814514160156
26.58333333,106.7166667,1077.9375,1989.0,0.741222010848596,0.0,-2.58,-8.0,-3.036001682281494,-9.329811096191406
-17.83,31.02,1473.25,2001.0,-0.2884824328806098,0.0,-4.01,-16.8,-4.127768039703369,-19.547096252441406
-20.901,55.484,83.28125,2014.0,-0.7236440382959123,2.0697701984317973e-05,-1.1,1.3,-2.3202881813049316,-2.6318130493164062
46.37222222,6.470833333,387.75,1992.0,-0.9634705485641486,0.0001862588833319,-7.01,-46.2,-7.917258262634277,-55.222110748291016
6.417169444,2.329255556,12.735352,2007.0,0.9760105506323683,0.0,-2.43,-8.65,-2.6065735816955566,-5.311012268066406
-54.78,-68.28,104.83984,1996.0,0.9721181966290613,6.451227818615735e-05,-13.2,-99.5,-8.522062301635742,-68.7956314086914
51.3744,11.2919,162.88281,2010.0,-0.2884824328806098,4.271231591701508e-05,-18.64,-138.2,-10.573074340820312,-76.22354888916016
46.20239,7.84117,1546.1875,2020.0,0.2386727660059501,1.912953484861646e-05,-19.93,-149.38,-14.627115249633789,-110.1795425415039
34.01937778,-6.838286111,18.375977,2000.0,-0.06880242680232064,0.0,-3.79,-11.44,-2.2823853492736816,-9.542194366455078
47.98,-55.82,119.36328,1999.0,-0.7236440382959123,6.32811279501766e-05,-6.91,-41.5,-9.074230194091797,-63.669471740722656
47.59583333,7.594444444,248.26562,2002.0,-0.2884824328806098,9.511107782600448e-05,-9.22,-68.35,-11.302034378051758,-82.3292007446289
-34.05,115.0249,77.78125,2005.0,-0.3697245428906732,1.240094661625335e-06,-1.16,2.8,-3.2907471656799316,-11.713844299316406
28.63,-106.07,1444.25,1988.0,-0.7116566222817751,0.0,-1.29,-23.0,-6.319185733795166,-40.055458068847656
53.23,6.55,7.7121582,1981.0,-0.9587178169872964,3.5458178899716586e-06,-5.82,-32.2,-6.50963830947876,-41.837806701660156
0.05,32.45,1135.4375,2017.0,-0.680773409477016,0.0,-0.12,11.5,-1.5293641090393066,4.770042419433594
7.198611111,-72.97388889,1864.375,2006.0,-0.9741004551724206,0.0,-9.65,-64.75,-8.902070999145508,-74.2172622680664
-20.901,55.484,83.28125,2016.0,-0.27195815753410524,3.5455263969197404e-06,-2.51,-8.5,-2.526510715484619,-4.561744689941406
47.59583333,7.594444444,248.26562,2000.0,0.2386727660059501,8.38447012938559e-05,-8.29,-58.0,-9.680418014526367,-68.7468032836914
41.05916667,-100.7463889,918.34375,1994.0,-0.994217906893952,1.2150821021350566e-05,-9.7,-65.0,-9.401622772216797,-66.41165924072266
6.417169444,2.329255556,12.735352,2008.0,0.2802306751992159,0.0,-2.93,-10.3,-2.749716281890869,-6.650611877441406
46.095,14.597,283.89062,2003.0,-0.2135209154397959,2.239509194623679e-05,-5.05,-31.2,-6.512064456939697,-41.860511779785156
52.93,4.78,0.63311768,1985.0,-0.2884824328806098,1.1048161923099542e-06,-7.55,-46.6,-8.34910774230957,-57.59595489501953
42.58834633,-5.651107617,911.78125,2007.0,0.29671281927349075,0.0,-8.5,-61.24,-5.686567783355713,-34.135108947753906
49.81666667,23.95,322.9375,1982.0,-0.680773409477016,0.0,-6.7,-55.0,-7.112273216247559,-47.23643112182617
78.07,13.63,0.0,1965.0,0.9760105506323683,0.0,-9.2,-62.6,-9.049932479858398,-63.46595001220703
60.96666667,69.06666667,17.537109,1996.0,0.9721181966290613,7.680687303945888e-06,-20.3,-165.6,-15.435365676879883,-116.9493179321289
38.03333333,114.4166667,86.800781,1989.0,0.29671281927349075,0.0,-9.45,-67.7,-6.789403438568115,-44.45598602294922
31.18333333,29.95,-4.0114746,1989.0,0.9510565162951535,2.026503352681175e-05,-4.97,-27.1,-3.3004517555236816,-11.804664611816406
24.35,109.4,101.74609,1988.0,0.9562348265919056,3.1971230782801285e-05,-2.03,-8.5,-3.453299045562744,-13.235084533691406
48.36,-4.57,68.214844,2000.0,0.2802306751992159,0.0,-2.3,-10.0,-5.8266777992248535,-35.446327209472656
56.93604,24.09549,1.7421875,2020.0,0.7295575540864875,1.4093370737100486e-05,-6.5,-45.4,-8.634296417236328,-59.984657287597656
-31.95,115.78,12.910645,1986.0,0.6994583270516471,0.0,-7.2,-46.2,-4.105932712554932,-19.342750549316406
-27.17,-109.43,140.28906,2015.0,0.6994583270516471,1.442705706722336e-05,-2.55,1.5,-3.3926453590393066,-12.667457580566406
-40.68,144.69,82.167969,2004.0,-0.6932812268869771,4.676852404372767e-05,3.43,20.0,-3.996756076812744,-18.321022033691406
51.6,-1.1,55.042969,1999.0,-0.9741004551724206,0.0,-7.03,-45.5,-6.923213005065918,-45.42893981933594
-40.68,144.69,82.167969,1980.0,-0.970063921851507,1.3446596312860493e-05,-5.98,-35.4,-3.909414768218994,-17.503639221191406
43.49111613,-3.800555816,50.095703,2009.0,-0.680773409477016,3.833746632153634e-06,-2.4,-4.47,-4.038000583648682,-18.707008361816406
-0.13,-67.08,58.835938,1973.0,0.9760105506323683,0.0001468330447096,-6.58,-43.4,-5.513098239898682,-32.511695861816406
40.67,109.85,1068.9375,1990.0,0.9510565162951535,0.0,-14.3,-90.6,-9.872249603271484,-70.35355377197266
48.22,11.59,494.59375,1993.0,-0.9741004551724206,3.480277882772498e-05,-11.6,-82.0,-9.529510498046875,-67.48282623291016
64.13,-21.93,12.141602,1975.0,0.2386727660059501,0.0,-7.21,-48.1,-9.890153884887695,-70.5035171508789
46.37222222,6.470833333,387.75,1994.0,0.9760105506323683,0.0,-9.76,-75.3,-9.542299270629883,-67.5899429321289
52.8,5.05,-4.4990234,2007.0,-0.4405187843504952,0.0,-6.71,-44.46,-6.866888523101807,-45.181129455566406
45.37,-63.27,12.535156,1979.0,-0.9741004551724206,0.0,-8.3,-44.0,-8.899024963378906,-62.20197296142578
-27.43,153.08,5.7802734,1981.0,0.9510565162951535,0.0,-1.19,2.4,-3.7226014137268066,-15.755348205566406
35.68,139.77,22.099609,1974.0,-0.680773409477016,3.222109080525115e-05,-6.76,-44.7,-6.990006446838379,-46.937660217285156
-7.315277778,72.42805556,2.3126221,1999.0,0.6994583270516471,0.0001463110820623,-3.76,-17.0,-4.62148904800415,-24.167579650878906
12.69325,-7.995494444,382.5625,2016.0,-0.6932812268869771,0.0002155908878194,-6.18,-38.3,-4.790106296539307,-25.745582580566406
74.72,-94.98,67.636719,1990.0,0.9510565162951535,0.0,-36.68,-291.2,-30.62331199645996,-244.16110229492188
46.17378583,8.788556051,407.5,2018.0,-0.9741004551724206,0.0,-11.36,-74.5,-8.43311882019043,-59.853111267089844
41.75,44.766667,0.0,2013.0,-0.2135209154397959,0.0,-7.22,-46.1,-4.8252854347229,-26.074806213378906
71.3,-156.78,0.0,1967.0,-0.2135209154397959,4.67311974716722e-06,-14.11,-112.1,-17.64015007019043,-135.41622924804688
-34.05,115.0249,77.78125,2018.0,-0.23867276600594997,0.0,-1.3,3.4,-3.3344178199768066,-12.122535705566406
6.2,100.4,3.8469238,2018.0,0.6994583270516471,0.0,-3.8,-22.5,-4.860464572906494,-26.404029846191406
13.995364,-91.200961,12.702637,2018.0,-0.7236440382959123,0.0,-3.22,-15.3,-4.691847324371338,-24.826026916503906
51.93,-10.25,33.068359,1986.0,0.9760105506323683,1.9055858047067888e-06,-6.42,-38.9,-5.76238489151001,-34.844642639160156
-22.94805556,17.1525,1690.0,1969.0,0.2386727660059501,0.0,-3.57,-27.5,-3.744436740875244,-15.959693908691406
34.18238333,43.90712778,77.949219,2012.0,0.1712931441814776,0.0,-5.9,-25.96,-4.190847873687744,-20.137428283691406
52.16666667,0.25,32.667969,1983.0,0.29671281927349075,0.0,-3.7,-26.0,-6.34890604019165,-40.333595275878906
52.1042,8.7519,134.42188,1998.0,-0.7236440382959123,0.0,-9.41,-60.3,-9.165031433105469,-64.43000030517578
47.8008,11.0108,974.96875,2002.0,-0.680773409477016,2.7838383175549097e-05,-9.21,-60.89,-6.866888523101807,-45.181129455566406
64.13,-21.93,12.141602,2017.0,0.9760105506323683,1.33090161398286e-05,-9.41,-65.2,-8.302849769592285,-58.412696838378906
60.18008889,24.83286111,14.698242,2014.0,0.29671281927349075,0.0,-10.52,-73.6,-9.152242660522461,-64.32288360595703
45.46666667,13.61666667,0.5645752,2001.0,0.29671281927349075,0.0,-9.53,-66.8,-5.948591709136963,-36.587257385253906
43.54983333,13.60116667,546.1875,2018.0,-0.2884824328806098,4.584934868034907e-05,-12.78,-85.2,-8.950180053710938,-62.63043975830078
4.365694444,18.58725,381.14062,2019.0,-0.9741004551724206,9.401029819855466e-05,-4.45,-39.5,-3.361105442047119,-12.372291564941406
37.01,-7.96,0.0,1983.0,0.9760105506323683,0.0,-3.34,-12.4,-4.500181674957275,-23.032325744628906
66.49686111,25.75518056,108.88672,2007.0,-0.7236440382959123,7.390562132059131e-06,-16.1,-116.2,-15.128435134887695,-114.3785171508789
42.58834633,-5.651107617,911.78125,2015.0,0.6994583270516471,0.0,-12.93,-93.8,-9.705995559692383,-68.9610366821289
46.17378583,8.788556051,407.5,2008.0,-0.23030567023061196,0.0001252610964002,-5.13,-31.09,-6.478704929351807,-41.548316955566406
-27.43,153.08,5.7802734,1962.0,-0.2135209154397959,0.0,-11.0,-75.0,-3.414480686187744,-12.871803283691406
47.37233597,8.083138245,397.48438,2009.0,-0.9741004551724206,9.279311780119316e-05,-8.74,-61.13537604,-8.735549926757812,-62.06964874267578
-21.2,-159.8,7.8220215,1980.0,0.9562348265919056,0.0002759842318482,-5.15,-30.6,-4.908987522125244,-26.858131408691406
36.72,3.18,19.595703,2000.0,-0.8996308696522434,3.0137794055917766e-06,-6.09,-39.2,-4.088949680328369,-19.183815002441406
14.64,121.04,42.933594,2009.0,-0.7236440382959123,0.0002013770572375,-0.95,0.8,-5.726599216461182,-34.509742736816406
48.8281,9.2,313.79688,1963.0,-0.9741004551724206,0.0,-7.5,-51.4,-8.04681396484375,-55.09131622314453
-65.07944444,-63.9775,286.6875,1997.0,0.6994583270516471,1.139892868161917e-06,-8.61,-72.6,-9.179595947265625,-78.1767349243164
43.365884,-8.421399,56.794922,2014.0,0.29671281927349075,1.0037805395768371e-06,-2.05,-14.5,-4.207830905914307,-20.296363830566406
-0.8968,-89.609,13.19873,2021.0,0.9760105506323683,6.6045117819157895e-06,-5.54,-36.1,-3.317434787750244,-11.963600158691406
1.685555556,33.61638889,1096.9375,2010.0,0.9760105506323683,6.114100688137114e-05,-1.81,-4.66,-2.317862033843994,-2.6091079711914062
56.7193,60.73332,220.07031,2018.0,0.741222010848596,0.0,-7.518714786,-57.85804683,-11.429922103881836,-83.4003677368164
45.8,28.2,40.330078,2016.0,0.6994583270516471,2.858762127289083e-05,-6.92,-48.0,-12.046340942382812,-88.56339263916016
51.83,6.25,9.5,2000.0,-0.23030567023061196,0.0,-5.08,-40.4,-6.3586106300354,-40.424415588378906
-25.73,28.18,1326.75,1971.0,0.9760105506323683,0.0,-3.52,-12.0,-3.4896912574768066,-13.575660705566406
41.66056063,-1.004162565,244.98438,2019.0,-0.680773409477016,8.592857739131432e-06,-4.96,-29.3,-4.95144510269165,-27.255470275878906
13.73,100.5,5.7392578,1990.0,-0.9587178169872964,0.0002218127629021,-4.79,-27.2,-7.476355075836182,-53.876441955566406
-65.07944444,-63.9775,286.6875,1974.0,-0.9741004551724206,1.753875983046296e-06,-9.64,-80.3,-7.6914591789245605,-92.91694641113281
54.5283,11.0603,1.9006348,2000.0,-0.970063921851507,0.0,-7.55,-47.5,-8.096502304077148,-56.210838317871094
17.45,78.47,527.28125,1998.0,0.741222010848596,0.0,4.21,28.6,-1.7331604957580566,2.8628158569335938
-13.8,-171.78,0.0,1973.0,-0.9741004551724206,3.702097092173062e-05,-4.21,-20.7,-2.8880066871643066,-7.944801330566406
10.10808333,-84.12208333,2250.25,2004.0,-0.9634705485641486,9.891620720736682e-05,-6.98,-41.0,-6.458755970001221,-64.94523620605469
4.05,114.81,27.053711,2010.0,0.5524353131676196,0.0003824547166004,-4.06,-20.71,-6.471729755401611,-41.48303985595703
12.69325,-7.995494444,382.5625,1965.0,0.9760105506323683,0.0,4.2,29.2,-0.36966562271118164,15.623069763183594
15.33401667,38.92861667,2341.125,2016.0,0.9562348265919056,0.0,-2.0,-0.5,-0.5297913551330566,14.124534606933594
45.12083333,14.52611111,20.811523,2001.0,0.741222010848596,6.260038207983598e-05,-3.36,-22.77,-6.097799777984619,-37.983619689941406
19.28,166.65,4.0,1975.0,0.9510565162951535,2.2392052414943464e-05,-0.64,7.9,-2.215963840484619,-1.6554946899414062
-75.58333333,-20.56666667,105.53516,2001.0,-0.7236440382959123,5.393622241508101e-06,-19.68,-154.0,-21.92909049987793,-177.50021362304688
46.39864119,6.233803787,434.125,2021.0,0.741222010848596,7.326635386561975e-05,-7.21,-49.24,-7.558121681213379,-50.970787048339844
47.07777778,15.44888889,370.03125,1976.0,-0.970063921851507,5.688228156941477e-06,-9.47,-63.2,-9.414411544799805,-66.5187759399414
34.01937778,-6.838286111,18.375977,2002.0,-0.989932495087353,0.0,-5.85,-30.1,-4.071966648101807,-19.024879455566406
32.2361,-110.9439,753.21875,2015.0,0.9510565162951535,0.0,-7.3,-52.0,-6.866888523101807,-45.181129455566406
43.03916667,16.09055556,0.0,2002.0,-0.2884824328806098,0.0003122244961559,-9.4,-58.7,-6.27126932144165,-39.607032775878906
39.95,32.88,920.125,2002.0,0.13727877211326478,6.033634690538747e-06,-12.34,-86.3,-4.985411167144775,-27.573341369628906
42.29055556,-85.58444444,244.73438,1993.0,0.6616346182422783,8.502085256623104e-05,-18.5,-128.0,-12.181901931762695,-89.6988296508789
36.88,30.7,0.0,2015.0,0.6994583270516471,0.0,-9.3,-53.0,-4.969641208648682,-27.425758361816406
50.3119,11.8758,564.53125,2013.0,0.2386727660059501,0.0,-4.87,-41.15,-11.598733901977539,-84.8143081665039
-41.15,-71.33,951.28125,2002.0,0.6994583270516471,0.0,-7.6,-51.0,-8.530223846435547,-68.9120864868164
49.38,-82.12,243.30469,1998.0,0.2386727660059501,3.689189543365501e-05,-20.74,-161.8,-20.159818649291992,-155.88998413085938
41.13333333,-8.6,59.621094,1993.0,0.6994583270516471,0.0,-7.53,-45.7,-5.454870700836182,-31.966773986816406
-34.38,-58.28,0.0,1985.0,-0.9741004551724206,0.0,-6.1,-35.0,-3.0481324195861816,-9.443336486816406
-34.05,115.0249,77.78125,2008.0,-0.07738647923346322,9.942793985828756e-05,-2.3,-2.9,-3.399923801422119,-12.735572814941406
32.2361,-110.9439,753.21875,2003.0,-0.680773409477016,0.0,-2.575268817,-14.91666667,-5.248648166656494,-30.036842346191406
52.8,5.05,-4.4990234,2005.0,0.15430882066428117,2.7272824354440672e-06,-4.59,-23.41,-7.405935287475586,-49.69609832763672
3.783333333,103.3333333,8.0805664,2017.0,-0.9741004551724206,0.0001056819965015,-7.35,-48.7,-6.340832233428955,-42.439430236816406
46.60305556,13.67138889,2148.125,1981.0,0.9510565162951535,0.0,-13.17,-95.1,-11.458057403564453,-83.63602447509766
48.24861111,16.35638889,200.63281,1966.0,-0.680773409477016,0.0,-7.7,-53.9,-6.912230014801025,-45.50115203857422
-36.62,-64.29,175.35938,2021.0,0.6994583270516471,0.0,-2.51,-9.8,-6.100225925445557,-38.006324768066406
51.93,-10.25,33.068359,1979.0,-0.680773409477016,7.242577703436837e-05,-2.12,-19.3,-5.386938571929932,-31.331031799316406
49.7478,6.6581,259.26562,1990.0,0.2386727660059501,8.442048419965431e-05,-5.73,-50.3,-9.025632858276367,-63.262428283691406
47.8008,11.0108,974.96875,1989.0,0.2386727660059501,0.0,-12.36,-88.7,-12.606489181518555,-93.2551040649414
28.276976,84.30961,2101.5,2017.0,0.16280701293851715,0.0,-3.648828598,-13.57083385,-4.837416172027588,-26.188331604003906
8.92,-79.6,11.163086,1975.0,-0.2135209154397959,0.000104048558569,-8.42,-59.2,-5.386096954345703,-31.74774932861328
49.0392,8.365,112.44141,2003.0,-0.2135209154397959,2.0490624592639502e-05,-5.87,-42.65,-6.212435245513916,-39.056434631347656
51.116535,17.029468,118.94141,2005.0,-0.9141279881853337,0.0,-8.474246733,-57.7076706,-7.55445671081543,-52.591087341308594
31.66666667,35.98333333,714.65625,1991.0,0.9510565162951535,0.0,-7.32,-40.0,-4.4371018409729,-22.441993713378906
39.95,32.88,920.125,2020.0,0.6994583270516471,0.0,-8.76,-57.0,-8.599767684936523,-59.69544219970703
-34.05,115.0249,77.78125,2018.0,-0.5452404385406507,2.101729114656337e-05,-3.03,-4.1,-3.1937012672424316,-10.805641174316406
49.0392,8.365,112.44141,1987.0,0.29671281927349075,4.16911716456525e-05,-6.96,-50.3,-6.952493190765381,-45.89813995361328
-35.07,173.28,71.449219,1973.0,0.9510565162951535,5.352501466404647e-05,-1.84,-5.6,-4.826498508453369,-26.086158752441406
32.97,35.5,816.46875,1976.0,0.6994583270516471,0.0,-6.13,-22.5,-3.987051486968994,-18.230201721191406
-5.22,145.8,2.7424316,1978.0,-0.680773409477016,0.0,-4.22,-24.7,-5.564047336578369,-32.988502502441406
-40.68,144.69,82.167969,1984.0,-0.9634705485641486,4.324549081502482e-05,-6.07,-39.8,-3.904562473297119,-17.458229064941406
-0.37,-78.55,3064.0,2015.0,-0.2884824328806098,0.0001637876703171,-6.29,-38.9,-8.313465118408203,-65.8195571899414
47.6772,9.19,442.90625,2004.0,0.9562348265919056,0.0,-12.37,-93.5,-10.839080810546875,-78.45157623291016
4.266467862,9.222609055,2773.0,1972.0,0.008606996888688698,0.0,-6.59,-44.6,-6.56240701675415,-42.331642150878906
-13.0,-38.52,39.933594,1976.0,0.6994583270516471,5.821233935421333e-05,-0.39,8.7,-2.502249240875244,-4.334693908691406
44.18900278,10.47625833,1371.25,1993.0,-0.9587178169872964,0.0,-5.93,-30.4,-7.015740871429443,-47.30481719970703
52.8,5.05,-4.4990234,1995.0,0.9700639218515071,0.0,-8.98,-52.8,-7.508656024932861,-51.34056091308594
54.6789,13.4342,38.980469,2001.0,-0.7236440382959123,0.000111604189442,-7.61,-48.2,-9.251995086669922,-65.15839385986328
25.07,110.08,385.5,1983.0,-0.2135209154397959,0.0001802532497094,-7.67,-50.5,-7.496761322021484,-54.167579650878906
45.3738,-75.6862,78.394531,2021.0,-0.680773409477016,0.0,-6.42,-40.3,-7.568442344665527,-53.42820358276367
60.18008889,24.83286111,14.698242,2006.0,0.29671281927349075,8.75887599249836e-06,-6.2,-41.3,-9.104923248291016,-63.926551818847656
43.91281944,4.888775,30.959961,1998.0,-0.680773409477016,0.0,-4.28,-25.7,-4.528082370758057,-23.293434143066406
13.73,100.5,5.7392578,1985.0,-0.680773409477016,0.0,-4.95,-31.8,-6.354668140411377,-40.38751983642578
39.03,141.81,81.234375,2003.0,-0.2884824328806098,6.92090907250531e-05,-12.61,-76.1,-6.866888523101807,-45.181129455566406
0.616666667,-69.2,92.0,1973.0,-0.680773409477016,9.697523637441918e-05,-1.1,5.0,-3.4848389625549316,-13.530250549316406
46.49143367,9.898180888,1767.6875,1996.0,-0.9634705485641486,4.378275843919255e-05,-13.99,-104.9,-11.73173713684082,-85.9283218383789
43.73238889,7.423583333,8.8959961,2012.0,-0.6932812268869771,8.579608220316004e-06,-5.16,-35.98,-3.758993625640869,-16.095924377441406
45.69356,-65.165193,397.76562,2017.0,0.9760105506323683,3.714553531608544e-05,-7.09,-42.77,-9.42208480834961,-66.58304595947266
50.92,5.78,111.17188,2001.0,0.4937755501599772,3.684820694616064e-05,-9.295,-58.35,-6.866888523101807,-45.181129455566406
-33.95833333,18.46111111,109.49609,2002.0,0.741222010848596,0.0,-2.65,0.0,-3.2761902809143066,-11.577613830566406
46.64833333,14.31833333,448.71875,1980.0,-0.7116566222817751,0.0,-16.42,-121.7,-13.036191940307617,-96.8542251586914
-15.6,-56.1,177.79688,1966.0,-0.9741004551724206,6.8867695517838e-05,-1.5,0.4,-1.6361145973205566,3.7710189819335938
-26.61361111,118.5372222,517.78125,2012.0,0.9562348265919056,0.0,-10.46,-71.2,-4.712469577789307,-25.019020080566406
62.89179444,27.62542222,94.585938,2016.0,-0.27195815753410524,0.0,-14.45,-106.1,-16.258962631225586,-123.8476333618164
43.91281944,4.888775,30.959961,2002.0,0.741222010848596,0.0,-4.52,-28.4,-5.285040378570557,-30.377418518066406
53.7122,7.1519,8.8525391,2003.0,0.2386727660059501,1.2330153367656749e-05,-6.31,-43.06,-8.861936569213867,-61.891334533691406
-41.47,-72.93,43.574219,1990.0,-0.2135209154397959,0.0003521872858982,-7.6,-56.0,-6.4250264167785645,-41.04596710205078
50.3381,7.6,86.441406,1997.0,0.29671281927349075,0.0,-6.17,-49.6,-6.866888523101807,-45.181129455566406
47.81666667,13.71777778,1616.0625,2019.0,-0.8717063187093217,0.0,-7.288,-46.91,-9.642051696777344,-68.42545318603516
49.0975,19.59,572.9375,2014.0,-0.2135209154397959,3.0376253562280908e-05,-6.5,-41.2,-6.948501110076904,-45.833133697509766
36.83,10.23,0.0,2001.0,0.6994583270516471,0.0,-3.47,-22.4,-5.121275424957275,-28.844825744628906
45.32,-75.67,112.08594,2005.0,0.29671281927349075,0.0,-8.01,-58.2,-8.333761215209961,-57.46741485595703
48.8281,9.2,313.79688,1982.0,-0.9587178169872964,0.0,-6.31,-41.8,-6.94836950302124,-45.699398040771484
4.05,114.81,27.053711,2008.0,-0.9778483415056568,0.0,-6.18,-37.75,-6.731796741485596,-46.490028381347656
47.6772,9.19,442.90625,1987.0,0.741222010848596,3.067263969569467e-05,-7.85,-59.0,-8.902860641479492,-62.234107971191406
13.73,100.5,5.7392578,1973.0,0.741222010848596,0.0,-6.06,-36.5,-3.8244996070861816,-16.708961486816406
39.95,32.88,920.125,1966.0,-0.2135209154397959,0.0,-0.89,-10.6,-4.142324924468994,-19.683326721191406
4.05,114.81,27.053711,2007.0,0.8263541987239096,0.0001246473548235,-9.37,-67.23,-6.5989508628845215,-42.67363739013672
46.095,14.597,283.89062,1982.0,-0.2135209154397959,9.150378173217176e-05,-5.11,-34.7,-6.515097141265869,-41.888893127441406
-75.58333333,-20.56666667,105.53516,1992.0,0.7295575540864875,0.0,-18.83,-151.1,-18.82209014892578,-151.37496948242188
46.72738634,8.186782163,600.90625,2022.0,-0.680773409477016,0.0,-5.65,-33.4,-6.4250264167785645,-41.04596710205078
76.52,-68.83,35.275391,1969.0,0.6994583270516471,0.0,-26.47,-199.0,-27.67677879333496,-219.48141479492188
40.2778,-111.7148,1406.625,2022.0,0.9760105506323683,0.0,-13.31,-104.3,-15.75764274597168,-119.6486587524414
-22.399288,-47.543743,626.78125,2021.0,-0.7236440382959123,0.0002198243309976,-11.8,-82.7,-3.661947727203369,-15.187721252441406
36.15,-5.35,1.5737915,2020.0,-0.7116566222817751,0.0001974498736672,-4.66,-27.2,-4.969641208648682,-27.425758361816406
37.75,30.55,1113.25,1990.0,0.6994583270516471,5.4047315643401816e-05,-9.27,-69.3,-8.729852676391602,-60.472999572753906
47.07777778,15.44888889,370.03125,1975.0,0.6994583270516471,0.0,-14.85,-112.4,-13.419855117797852,-100.0677261352539
28.46344137,-16.2553441,36.554688,2018.0,0.6994583270516471,0.0,-3.87,-22.3,-2.3930726051330566,-3.3129653930664062
18.483,-69.917,48.189453,2020.0,0.2386727660059501,0.0001946284610312,-0.83,8.0,-3.6207032203674316,-14.801734924316406
-33.45,-70.7,507.65625,1992.0,-0.9634705485641486,6.595296781597426e-06,-11.37,-84.0,-5.490049839019775,-32.295997619628906
39.03,141.81,81.234375,2004.0,0.9721181966290613,3.1997962651075795e-05,-8.35,-50.0,-6.866888523101807,-45.181129455566406
47.81666667,13.71777778,1616.0625,2002.0,0.1457991969198751,1.5799363609403372e-05,-7.15,-42.6,-12.458139419555664,-92.0125503540039
51.116535,17.029468,118.94141,2009.0,0.6994583270516471,4.193216955172829e-05,-14.0,-97.9,-10.616556167602539,-76.5877456665039
45.06767778,22.79993889,366.15625,2020.0,0.2802306751992159,2.922181374742649e-05,-7.37,-50.2,-7.5427751541137695,-50.842247009277344
36.55530278,126.635925,59.384766,2020.0,0.2386727660059501,2.825736191880424e-05,-7.24,-40.7,-6.866888523101807,-45.181129455566406
-11.40438889,-76.32505556,4444.0,2010.0,-0.2135209154397959,0.0,-4.13,-16.33,-10.766748428344727,-100.8207778930664
-31.95,115.78,12.910645,1998.0,-0.2135209154397959,0.0,-4.64,-17.1,-3.142752170562744,-10.328834533691406
41.64083945,-4.754446679,735.625,2020.0,-0.9634705485641486,0.0,-7.09,-49.1,-6.497507572174072,-41.724281311035156
-5.8,-35.2,40.765625,1975.0,0.9510565162951535,0.0002205303462687,-2.21,-6.2,-3.9652161598205566,-18.025856018066406
50.3119,11.8758,564.53125,1984.0,0.9721181966290613,1.3724564269068653e-05,-16.84,-129.7,-10.892793655395508,-78.9014663696289
64.58,40.5,0.0,1981.0,-0.7236440382959123,5.555946336244233e-05,-18.0,-144.0,-16.325464248657227,-124.4046401977539
-35.15833333,147.4572222,211.74219,2007.0,0.9510565162951535,0.0,-2.18,-3.2,-4.468641757965088,-22.737159729003906
47.81666667,13.71777778,1616.0625,2020.0,-0.0859647987374467,0.0,-13.296,-96.51,-10.688173294067383,-77.1875991821289
41.9,12.5,59.011719,2002.0,-0.7961828637826154,0.0,-4.41,-22.96,-4.820433139801025,-26.029396057128906
-0.166666667,-78.48333333,2781.625,2014.0,0.741222010848596,3.635852044681087e-05,-16.14,-117.9,-11.162176132202148,-106.4623794555664
52.4672,13.4019,47.5625,1997.0,-0.680773409477016,1.8506530977902003e-05,-7.27,-51.3,-7.308740615844727,-48.88201141357422
41.02444444,40.52,10.936523,2014.0,0.2386727660059501,3.830319656117354e-06,-10.12,-67.6,-10.71630859375,-77.42325592041016
44.13333333,6.333333333,881.625,2008.0,-0.970063921851507,0.0,-7.27,-47.13,-6.785991668701172,-44.42405700683594
36.15,-5.35,1.5737915,1990.0,-0.9741004551724206,0.0,-2.89,-9.9,-4.515951633453369,-23.179908752441406
41.64083945,-4.754446679,735.625,2015.0,-0.2884824328806098,5.915240399190225e-05,-7.27,-51.0,-9.159915924072266,-64.38715362548828
47.81666667,13.71777778,1616.0625,2020.0,-0.6680638642135333,2.474299799359869e-05,-3.438,-23.9,-11.082067489624023,-80.4867935180664
54.5275,9.5486,43.292969,2004.0,-0.6932812268869771,0.0001241600693902,-7.645,-52.9,-6.866888523101807,-45.181129455566406
47.833185,1.940433,113.78516,2003.0,-0.7236440382959123,0.0,-11.9,-85.6,-7.633575439453125,-51.60277557373047
6.116666667,81.13333333,0.0,1984.0,-0.9634705485641486,0.0,-2.49,-12.2,-4.422544956207275,-22.305763244628906
22.70946111,-83.15526111,96.832031,1984.0,0.6994583270516471,1.1809936495410511e-06,-1.62,3.6,-2.419760227203369,-3.5627212524414062
13.73,100.5,5.7392578,2000.0,-0.6932812268869771,7.963761891005561e-05,-6.78,-45.2,-6.4638447761535645,-41.40924835205078
39.1,117.1666667,3.3602295,1989.0,-0.9587178169872964,0.0,-6.32,-35.1,-6.866888523101807,-45.181129455566406
47.6772,9.19,442.90625,1994.0,0.2386727660059501,5.566987056226935e-06,-9.95,-74.5,-12.345598220825195,-91.0699234008789
50.4972,9.9428,920.40625,1981.0,0.9760105506323683,9.246561967302114e-05,-9.97,-71.1,-10.363338470458984,-74.46683502197266
46.49143367,9.898180888,1767.6875,2009.0,-0.9741004551724206,0.0001271461806027,-12.79,-93.83787057,-11.342958450317383,-82.6719741821289
72.58,-38.4799,3202.0,2012.0,0.545240438540651,0.0,-19.83687127,-145.7014854,-31.9942684173584,-255.64401245117188
60.72,-135.07,695.0,1988.0,-0.9634705485641486,6.11397044849582e-05,-22.6,-172.0,-21.006155014038086,-163.60934448242188
60.18008889,24.83286111,14.698242,2003.0,0.9510565162951535,4.360536331660114e-05,-12.0,-86.0,-11.770103454589844,-86.24967193603516
36.9275,14.72555556,541.25,2000.0,0.6994583270516471,4.625912697520107e-05,-6.1,-30.0,-5.846693515777588,-35.633644104003906
49.0392,8.365,112.44141,1996.0,-0.7116566222817751,0.0,-11.91,-86.0,-9.278850555419922,-65.38333892822266
23.05,-82.21666667,123.02734,2007.0,0.29671281927349075,8.134733798215166e-05,-4.02,-26.07,-4.059835910797119,-18.911354064941406
-33.94638889,151.1730556,3.6643066,2009.0,0.9760105506323683,0.0,-5.58,-28.2,-4.377661228179932,-21.885719299316406
47.07777778,15.44888889,370.03125,1998.0,-0.2884824328806098,0.0,-16.64,-120.5,-12.938997268676758,-96.0401382446289
45.32,-75.67,112.08594,2016.0,-0.9634705485641486,0.0,-6.04,-39.0,-7.797271728515625,-52.97386932373047
32.36666667,35.75,818.96875,1991.0,-0.7236440382959123,1.3603039406007156e-05,-8.19,-40.4,-3.424185276031494,-12.962623596191406
13.995364,-91.200961,12.702637,2020.0,0.7295575540864875,4.420652476255782e-05,-7.98,-53.9,-3.346548557281494,-12.236061096191406
49.7703,9.9578,265.90625,1989.0,-0.2884824328806098,0.0,-9.87,-72.6,-10.608882904052734,-76.52347564697266
36.846389,-2.356942,16.541016,2018.0,-0.9587178169872964,3.784869022638304e-06,-3.02,-16.9,-4.382513523101807,-21.931129455566406
13.93111111,-89.86,744.46875,1997.0,-0.6744436188329457,3.300659591332078e-05,-8.8,-57.0,-6.364979267120361,-40.48401641845703
24.83736944,-80.80080278,0.0,2002.0,0.7638886127905428,6.728806511091534e-06,0.66,11.2,-2.458578586578369,-3.9260025024414062
48.24861111,16.35638889,200.63281,1986.0,0.2386727660059501,0.0,-13.37,-101.3,-11.73173713684082,-85.9283218383789
47.59583333,7.594444444,248.26562,1993.0,0.6994583270516471,0.0,-7.75,-52.4,-10.723981857299805,-77.4875259399414
39.03,141.81,81.234375,1984.0,-0.9634705485641486,0.0,-8.28,-53.6,-6.951687812805176,-46.390968322753906
32.2361,-110.9439,753.21875,1987.0,0.9510565162951535,0.0,-9.103808181,-64.62059238,-6.866888523101807,-45.181129455566406
-5.8,-35.2,40.765625,1982.0,-0.7236440382959123,0.0,-1.77,-3.6,-1.8641724586486816,1.6367416381835938
4.365694444,18.58725,381.14062,2020.0,0.7295575540864875,0.0,-3.79,-14.0,-1.4856934547424316,5.178733825683594
53.23,6.55,7.7121582,1996.0,0.7295575540864875,1.9280620108474977e-05,-5.8,-38.9,-6.866888523101807,-45.181129455566406
43.933,-60.007,2.6035156,2018.0,0.9721181966290613,0.0,-6.161,-30.85,-8.442464828491211,-58.377906799316406
49.0422,12.1019,370.21875,2013.0,0.9760105506323683,9.076706191990525e-06,-5.25,-41.86,-10.350549697875977,-74.3597183227539
-18.9,47.53,1259.9375,1963.0,-0.7236440382959123,0.0,-3.2,-13.0,-2.5240845680236816,-4.539039611816406
-3.72,-38.55,19.124023,1990.0,0.9992500112396835,4.713412272394635e-05,-1.45,-1.2,-3.734732151031494,-15.868873596191406
47.37233597,8.083138245,397.48438,2022.0,0.29671281927349075,0.0,-5.97,-38.8,-7.214743137359619,-48.094703674316406
-7.315277778,72.42805556,2.3126221,1975.0,0.9760105506323683,0.0,-2.05,-6.3,-4.069540500640869,-19.002174377441406
31.18333333,29.95,-4.0114746,1994.0,-0.7236440382959123,3.457921411609277e-05,-3.36,-14.65,-2.885580539703369,-7.922096252441406
48.75,-91.62,405.375,1978.0,-0.680773409477016,0.0,-9.4,-56.0,-10.097662925720215,-76.67362213134766
-33.95833333,18.46111111,109.49609,2003.0,0.2386727660059501,0.0,3.3,18.0,-3.429037570953369,-13.008033752441406
37.77,-25.65,137.14062,1997.0,-0.680773409477016,6.125787422206486e-06,-1.32,0.2,-3.026297092437744,-9.238990783691406
-34.93,138.58,24.027344,2011.0,0.9760105506323683,0.0,-2.77,-8.5,-4.312155246734619,-21.272682189941406
-40.35,-9.88,37.345703,2012.0,0.6994583270516471,1.665628474256664e-06,-3.12122805,-16.24575037,-4.686995029449463,-24.780616760253906
47.81666667,13.71777778,1616.0625,2022.0,0.9966589017541702,0.0001604260469321,-11.068,-81.77,-11.041143417358398,-80.1440200805664
-46.42,168.32,-0.90939331,2008.0,-0.6932812268869771,0.0,-8.11,-53.7,-6.866888523101807,-45.181129455566406
49.0422,12.1019,370.21875,1996.0,0.7295575540864875,9.427468285139184e-06,-6.16,-46.7,-8.753232955932617,-60.98084259033203
49.0975,19.59,572.9375,2003.0,-0.9741004551724206,0.0,-10.66,-74.26,-9.654840469360352,-68.5325698852539
23.64,88.85,18.375977,2015.0,-0.680773409477016,0.0,-5.05,-30.5,-6.0984063148498535,-37.989295959472656
-0.13,-67.08,58.835938,1972.0,-0.7116566222817751,0.0,-2.2,-10.9,-3.157309055328369,-10.465065002441406
-75.58333333,-20.56666667,105.53516,2011.0,0.741222010848596,0.0,-25.57,-198.6,-18.942142486572266,-152.36447143554688
45.81666667,15.98333333,156.41406,1998.0,-0.2884824328806098,0.0,-15.64,-116.0,-12.493947982788086,-92.3124771118164
-65.07944444,-63.9775,286.6875,1973.0,-0.680773409477016,3.7901379443969903e-06,-10.08,-82.4,-8.82095718383789,-90.68965911865234
48.24861111,16.35638889,200.63281,1990.0,0.741222010848596,1.10399587356369e-05,-4.83,-30.7,-7.342310905456543,-49.16319274902344
9.357072,-75.289167,200.4375,2004.0,-0.6932812268869771,0.000335340067977,-5.42,-33.41,-6.184534549713135,-38.795326232910156
10.76666667,-85.32,862.78125,1998.0,0.741222010848596,0.0,-7.6,-47.12,-6.003786563873291,-37.103797912597656
32.2361,-110.9439,753.21875,2013.0,0.9510565162951535,0.0,-5.8,-42.0,-6.866888523101807,-45.181129455566406
49.0422,12.1019,370.21875,1992.0,0.7295575540864875,0.0,-5.96,-45.0,-8.869609832763672,-61.955604553222656
46.65772518,8.292706832,1061.3125,2020.0,0.9721181966290613,0.0,-11.52,-81.32,-12.046340942382812,-88.56339263916016
-34.05,115.0249,77.78125,2009.0,0.6807734094770161,1.6968117051874287e-05,-2.21,-7.0,-4.212683200836182,-20.341773986816406
-35.07,173.28,71.449219,1989.0,0.9760105506323683,0.0003592167631722,-4.5,-24.6,-4.822859287261963,-26.052101135253906
-0.331666667,31.76111111,1281.8125,2021.0,-0.9741004551724206,0.0,-0.99,7.3,-2.5629029273986816,-4.902320861816406
28.22,-177.37,0.0,1964.0,0.9721181966290613,1.3968317489343465e-06,-7.1,-52.7,-3.278616428375244,-11.600318908691406
35.27,-75.55,0.0,1962.0,-0.680773409477016,0.0001420450862497,-3.8,-19.2,-4.171438694000244,-19.955787658691406
52.1042,8.7519,134.42188,1983.0,-0.9741004551724206,0.0,-4.47,-22.5,-7.696568489074707,-53.25273895263672
34.9,-120.45,72.417969,1974.0,-0.9741004551724206,3.9953385044810824e-10,-2.56,-13.7,-5.844873905181885,-35.616615295410156
9.357072,-75.289167,200.4375,2003.0,0.29671281927349075,0.0,-8.07,-57.8,-7.238081932067871,-51.969322204589844
45.46666667,13.61666667,0.5645752,2002.0,0.6994583270516471,8.959385013440624e-06,-5.58,-39.7,-7.101678371429443,-47.97744369506836
22.77156389,-83.14106667,311.42188,1983.0,0.29671281927349075,7.255081436596811e-05,-3.97,-24.2,-5.208616733551025,-29.662208557128906
25.7325,-80.16323611,3.5220947,2006.0,-0.8587639582758031,0.0,-4.36,-19.1,-3.8536133766174316,-16.981422424316406
41.38,2.12,59.777344,1998.0,0.9510565162951535,2.0850069631705992e-05,-6.67,-45.1,-5.26199197769165,-30.161720275878906
46.17378583,8.788556051,407.5,1984.0,0.7295575540864875,0.0,-10.0,-70.3,-8.405378341674805,-58.06726837158203
-34.90416667,-56.16666667,34.734375,2013.0,0.6994583270516471,0.0002214917913079,-6.58,-41.76,-5.9916558265686035,-36.990272521972656
-12.43,130.87,16.515625,1998.0,0.9510565162951535,1.1075998372689355e-05,-5.95,-33.4,-4.807089328765869,-25.904518127441406
-53.0,-70.833333,32.589844,2007.0,-0.2135209154397959,0.0,-8.76,-63.5,-8.548362731933594,-69.1708755493164
38.48333333,106.2166667,1111.5,1992.0,-0.970063921851507,2.3956092263688333e-05,-11.35,-71.6,-7.12331485748291,-47.38568878173828
51.67,-110.2,697.40625,2001.0,0.9510565162951535,0.0,-18.88,-141.6,-18.86787223815918,-145.69943237304688
-26.61361111,118.5372222,517.78125,2010.0,-0.9587178169872964,0.0,-7.15,-44.9,-2.856466770172119,-7.649635314941406
28.22,-177.37,0.0,1985.0,-0.680773409477016,1.9561171939130872e-05,-4.38,-27.2,-3.341696262359619,-12.190650939941406
51.83,6.25,9.5,2005.0,0.6994583270516471,0.0,-10.78,-79.3,-8.094974517822266,-57.409568786621094
-4.37,15.25,422.4375,1961.0,-0.9587178169872964,0.0,-1.8,-6.2,-3.3586792945861816,-12.349586486816406
-27.43,153.08,5.7802734,1998.0,0.6994583270516471,3.4006385249085724e-05,-1.66,-1.4,-2.5240845680236816,-4.539039611816406
48.75,-91.62,405.375,1982.0,-0.2135209154397959,0.0002096808893838,-7.0,-49.0,-11.007707595825195,-80.63135528564453
47.07777778,15.44888889,370.03125,1974.0,-0.9587178169872964,6.373640530910052e-07,-8.55,-58.3,-7.881038188934326,-53.67548370361328
50.06166667,19.84861111,356.8125,2009.0,0.2386727660059501,0.0,-14.27,-106.5,-12.279096603393555,-90.5129165649414
11.25,75.78,7.1804199,1999.0,-0.680773409477016,0.0001461997599108,-0.71,3.55,-2.395498752593994,-3.3356704711914062
39.55339029,2.625298143,5.3820801,2011.0,-0.2884824328806098,0.0,-5.77,-32.1,-5.875807285308838,-35.906105041503906
47.59583333,7.594444444,248.26562,2009.0,0.6994583270516471,6.977101293159649e-05,-13.09,-98.7,-10.821176528930664,-78.3016128540039
34.71666667,10.68333333,23.232422,2016.0,0.9562348265919056,0.0,2.62,0.5,-4.558409214019775,-23.577247619628906
50.3381,7.6,86.441406,1984.0,0.6994583270516471,0.0,-9.3,-69.8,-9.581130981445312,-67.94805908203125
43.68333333,-1.066666667,17.238281,2003.0,0.9510565162951535,7.665953489777166e-07,-5.8,-40.7,-5.8606438636779785,-35.764198303222656
-33.95833333,18.46111111,109.49609,1997.0,0.9760105506323683,0.0,-3.41,-11.0,-3.230093479156494,-11.146217346191406
46.72738634,8.186782163,600.90625,2003.0,0.2386727660059501,0.0,-20.64,-149.6,-13.12315559387207,-97.5826187133789
51.18,8.4889,841.375,2011.0,-0.680773409477016,0.0,-6.62,-44.8,-6.908811569213867,-45.53227233886719
50.3381,7.6,86.441406,2004.0,-0.7116566222817751,6.894903344800696e-05,-7.95,-51.2,-8.379800796508789,-57.85303497314453
38.28,21.79,113.0625,2021.0,0.6994583270516471,0.0,-6.02,-36.7,-5.380873203277588,-31.274269104003906
-20.299175,57.47873889,391.1875,2015.0,0.741222010848596,3.119379107374698e-05,-0.92,5.9,-3.2761902809143066,-11.577613830566406
50.8325,15.14777778,828.84375,2015.0,0.2386727660059501,5.531863644137047e-05,-10.28,-66.0,-10.53726577758789,-75.92362213134766
-27.17,-109.43,140.28906,2002.0,0.29671281927349075,3.567721250874456e-06,-4.47,-25.0,-3.167013645172119,-10.555885314941406
39.48056611,-0.366386255,14.827637,2018.0,-0.9587178169872964,8.769965643296018e-05,-3.5,-14.9,-4.492903232574463,-22.964210510253906
-46.88,37.87,0.0,1970.0,0.741222010848596,0.0001961221569217,-5.27,-36.0,-5.09114933013916,-29.105735778808594
35.27,-75.55,0.0,1964.0,0.9721181966290613,0.0,-2.5,-8.7,-3.807516574859619,-16.550025939941406
42.66,18.08333333,0.0,2001.0,0.9760105506323683,0.0002381002705078,-5.07,-22.66,-5.780580997467041,-35.014930725097656
-35.07,173.28,71.449219,1982.0,0.6994583270516471,0.0,-5.6,-32.6,-4.827711582183838,-26.097511291503906
40.18333333,41.48333333,2123.375,1991.0,-0.2135209154397959,0.0,-3.73,-16.8,-4.382513523101807,-21.931129455566406
50.8325,15.14777778,828.84375,2012.0,0.2802306751992159,0.0,-7.42,-55.6,-8.597209930419922,-59.67401885986328
49.0975,19.59,572.9375,2005.0,0.741222010848596,0.0,-6.63,-46.99,-8.675220489501953,-60.327430725097656
50.92,5.78,111.17188,1989.0,0.9510565162951535,2.6553223506198265e-05,-8.02,-48.7,-8.109317779541016,-55.58751678466797
51.18,8.4889,841.375,2003.0,0.2386727660059501,0.0,-10.63,-72.5,-10.394031524658203,-74.72391510009766
39.03,141.81,81.234375,2004.0,-0.9634705485641486,0.0003562133351806,-5.87,-35.0,-7.703544616699219,-57.117774963378906
-2.77,-171.72,2.7612305,1963.0,0.6994583270516471,0.0,2.3,15.6,-3.5333619117736816,-13.984352111816406
38.43055556,27.15111111,13.000488,2015.0,0.9510565162951535,0.0,-5.17,-30.0,-5.072752475738525,-28.390724182128906
4.365694444,18.58725,381.14062,2016.0,-0.6932812268869771,6.30475115031004e-05,-5.51,-29.8,-3.9846253395080566,-18.207496643066406
60.78,-161.8,16.938477,1962.0,0.2386727660059501,0.0,-20.6,-158.2,-12.749723434448242,-94.4548110961914
-17.83,31.02,1473.25,1995.0,0.2386727660059501,5.953954314463772e-05,-7.42,-44.4,-5.292318820953369,-30.445533752441406
4.466666667,101.3833333,1451.4375,2016.0,-0.27195815753410524,0.0002609410439617,-11.02,-75.7,-6.866888523101807,-45.181129455566406
28.276976,84.30961,2101.5,2017.0,-0.9859481499638303,0.0,-18.15840821,-131.7996772,-8.677148818969727,-71.0082778930664
41.38,2.12,59.777344,1998.0,0.9760105506323683,0.0,-5.42,-38.3,-5.342054843902588,-30.910987854003906
1.685556,33.616389,1096.9375,2017.0,0.2386727660059501,0.0003748145827557,-0.79,14.4,-1.9102692604064941,1.2053451538085938
4.036666667,9.734166667,39.230469,2018.0,-0.9587178169872964,0.0002961739373859,-4.12,-25.2,-4.638472080230713,-24.326515197753906
-41.47,-72.93,43.574219,2002.0,-0.2135209154397959,0.0002678826858755,-7.82,-52.5,-6.415928363800049,-40.96082305908203
49.13615278,20.30646944,730.78125,1991.0,-0.2884824328806098,2.1779347662231885e-05,-14.39,-109.2,-12.30467414855957,-90.7271499633789
46.60305556,13.67138889,2148.125,1978.0,-0.9587178169872964,0.0,-9.3,-61.0,-9.817651748657227,-70.82526397705078
41.13333333,-8.6,59.621094,2015.0,0.2386727660059501,0.0,-5.11,-28.0,-5.742369174957275,-34.657325744628906
52.1042,8.7519,134.42188,1988.0,0.7295575540864875,0.0001087236523744,-3.69,-28.4,-7.000690937042236,-46.30183792114258
44.13333333,6.333333333,881.625,2002.0,-0.9338372288229252,5.653908374370076e-06,-5.97,-36.9,-6.89023494720459,-46.292762756347656
4.05,114.81,27.053711,2009.0,0.30492122465628907,7.552332681370899e-05,-7.33,-46.83,-7.429647445678711,-53.210060119628906
-4.633888889,-79.71638889,2753.5,2011.0,0.9760105506323683,0.000149425206473,-14.25,-99.15,-9.756412506103516,-86.4062271118164
55.75,37.57,130.52344,1970.0,0.9510565162951535,0.0,-14.0,-113.9,-11.885202407836914,-87.2137222290039
-0.166666667,-78.48333333,2781.625,2012.0,0.7295575540864875,2.241613765363581e-05,-11.88,-82.07,-10.868326187133789,-102.2699966430664
10.00036389,-84.10913333,1157.3125,2014.0,-0.9427611433904206,5.8113058912567794e-05,-10.94692877,-80.7169998,-6.737673282623291,-46.36695098876953
0.512102778,25.20643889,414.57812,2019.0,0.29671281927349075,0.0,-0.77,9.0,-0.47641611099243164,14.624046325683594
-12.43,130.87,16.515625,1980.0,0.6994583270516471,0.0001634887012187,-4.62,-26.1,-5.047277927398682,-28.152320861816406
41.75,44.766667,0.0,2009.0,0.29671281927349075,0.0,-2.94,-15.6,-5.6325860023498535,-33.629920959472656
42.14,41.7,0.0,2018.0,-0.9741004551724206,5.171322300157044e-06,-8.13,-54.1,-6.866888523101807,-45.181129455566406
48.8281,9.2,313.79688,2010.0,0.9760105506323683,0.0,-8.01,-59.24,-9.338958740234375,-65.88678741455078
46.06666667,14.51666667,298.53125,2000.0,-0.8311706263658079,0.0,-6.67,-43.84,-8.06711483001709,-55.234031677246094
38.43055556,27.15111111,13.000488,2013.0,-0.2884824328806098,5.256146687315777e-05,-3.6,-12.49,-5.832743167877197,-35.503089904785156
50.3119,11.8758,564.53125,1992.0,-0.9634705485641486,0.0,-6.08,-43.5,-8.447580337524414,-58.420753479003906
44.42,8.85,5.4519043,1984.0,0.7295575540864875,0.0,-5.31,-34.8,-5.253500461578369,-30.082252502441406
10.00036389,-84.10913333,1157.3125,2018.0,-0.8311706263658079,9.222210064763205e-05,-8.93679632,-58.200466,-6.4863386154174805,-43.780006408691406
50.3381,7.6,86.441406,1998.0,-0.2135209154397959,0.0,-5.0,-41.3,-6.147535800933838,-38.449073791503906
-0.166666667,-78.48333333,2781.625,1999.0,0.5086709438521044,2.8362384909996763e-05,-18.24,-138.6,-8.244537353515625,-64.8361587524414
43.73238889,7.423583333,8.8959961,2009.0,-0.9587178169872964,0.0,-4.74,-33.55,-4.8641037940979,-26.438087463378906
51.3,3.75,9.4589844,2007.0,0.051619667223253764,0.0,-4.63,-28.2,-6.247917652130127,-39.38849639892578
25.01666667,102.6833333,1907.8125,1996.0,0.6994583270516471,0.0,-4.12,-32.5,-3.953085422515869,-17.912330627441406
45.37,-63.27,12.535156,1981.0,0.29671281927349075,0.0,-7.4,-50.0,-7.973756790161133,-54.45207977294922
51.83,6.25,9.5,1980.0,-0.970063921851507,6.242099334485829e-05,-6.03,-37.5,-7.437394142150879,-49.923274993896484
40.7930564,-4.010553289,1892.5,2020.0,-0.23030567023061196,0.0,-2.09,-10.6,-6.056085586547852,-38.442420959472656
-33.45,-70.7,507.65625,1999.0,-0.2135209154397959,0.0004728732747025,-7.13,-52.2,-6.255802631378174,-39.46228790283203
-65.07944444,-63.9775,286.6875,2011.0,-0.2884824328806098,5.322795846883102e-06,-10.02,-73.57,-9.317451477050781,-80.1435317993164
48.24861111,16.35638889,200.63281,2004.0,-0.970063921851507,5.581459845416248e-06,-8.87,-57.0,-8.609701156616211,-61.215919494628906
51.6,-1.1,55.042969,2007.0,-0.7236440382959123,0.0,-9.81,-64.3,-7.643806457519531,-51.68846893310547
5.93,116.06,4.5031738,2013.0,-0.9741004551724206,8.590124343754724e-05,-5.24,-29.8,-6.534258842468262,-44.576820373535156
-46.42,168.32,-0.90939331,2008.0,0.6994583270516471,0.0,-7.73,-58.0,-6.866888523101807,-45.181129455566406
49.7703,9.9578,265.90625,2011.0,-0.9587178169872964,0.0,-4.47,-27.27,-6.998101234436035,-47.66716003417969
40.67,109.85,1068.9375,1986.0,-0.9741004551724206,0.0,-15.06,-115.9,-8.191384315490723,-56.355289459228516
6.9506,79.8795,3.7172852,2015.0,-0.2135209154397959,0.0002176698035327,-1.4,-1.1,-2.963217258453369,-8.648658752441406
19.72,-155.07,7.4401855,1964.0,-0.970063921851507,1.7863831089925952e-05,-2.0,0.6,-3.0384278297424316,-9.352516174316406
51.93,-10.25,33.068359,2020.0,-0.970063921851507,3.7792108287248993e-06,-4.99,-30.9,-4.992689609527588,-27.641456604003906
38.43055556,27.15111111,13.000488,2011.0,-0.9587178169872964,0.0,-3.741939296,-17.47026474,-4.016165256500244,-18.502662658691406
9.0,38.73,2329.125,2006.0,-0.2884824328806098,0.0,-7.3,-52.31,-2.0242981910705566,0.13820648193359375
31.23,34.78,253.60938,1965.0,-0.2884824328806098,0.0,-1.2,4.4,-4.331564426422119,-21.454322814941406
13.05,123.97,661.0625,1993.0,0.9760105506323683,0.0001013467626762,-2.55,-7.2,-2.735159397125244,-6.514381408691406
7.72,81.73,0.0,1987.0,0.741222010848596,1.3099914895065012e-06,-2.99,-6.3,-3.797811985015869,-16.459205627441406
24.83736944,-80.80080278,0.0,2002.0,0.6807734094770161,7.029943390080007e-06,-5.1,-36.2,-2.759420871734619,-6.741432189941406
-0.37,-78.55,3064.0,1982.0,0.29671281927349075,0.0,-14.21,-108.1,-9.137876510620117,-77.5815200805664
-8.77,-63.92,52.0,1976.0,0.2386727660059501,0.000128705825773,-10.88,-79.8,-4.661520481109619,-24.542213439941406
71.3,-156.78,0.0,1966.0,-0.2884824328806098,0.0,-22.9,-168.7,-17.578763961791992,-134.90206909179688
25.7325,-80.16323611,3.5220947,2001.0,-0.24702218048093527,0.0002009319141507,-2.86,-13.0,-2.6939148902893066,-6.128395080566406
1.6,103.6666667,43.185547,2018.0,0.6994583270516471,4.064295717398636e-05,-2.53,-10.8,-6.016523838043213,-37.222999572753906
-20.67652,-66.63797,3679.0,2013.0,0.2386727660059501,0.0,-20.22,-143.7,-9.968637466430664,-89.4340591430664
2.883333333,101.7833306,55.289062,2020.0,-0.23030567023061196,0.0,-6.9,-51.2,-6.866888523101807,-45.181129455566406
12.69325,-7.995494444,382.5625,1995.0,-0.2135209154397959,0.0,-4.63,-30.0,-5.458509922027588,-32.000831604003906
-46.42,168.32,-0.90939331,1983.0,-0.9741004551724206,0.0,-5.15,-34.5,-6.866888523101807,-45.181129455566406
-33.11011944,-64.24918333,408.09375,2016.0,-0.970063921851507,0.0,-5.75,-30.0,-4.171438694000244,-19.955787658691406
47.47051111,21.49041944,105.30859,2001.0,0.8758917051442429,1.5584972061333247e-05,-3.54,-36.67,-10.033388137817383,-71.7032241821289
37.15805556,15.02694444,444.70312,2000.0,0.2386727660059501,0.0,-9.9,-56.0,-6.267326831817627,-39.57013702392578
6.166666667,102.2833333,3.2288818,2019.0,-0.2884824328806098,0.0002593803510535,-3.45,-17.7,-6.866888523101807,-45.181129455566406
48.8281,9.2,313.79688,1963.0,0.9510565162951535,0.0,-9.4,-75.6,-10.2252197265625,-73.30997467041016
25.01666667,102.6833333,1907.8125,1998.0,0.6994583270516471,0.0,-1.2,-6.7,-3.9506592750549316,-17.889625549316406
49.0422,12.1019,370.21875,1982.0,0.9510565162951535,0.0,-7.81,-52.5,-11.406902313232422,-83.20755767822266
41.67805556,26.55916667,95.183594,2013.0,0.2386727660059501,4.652724237530492e-05,-9.84,-66.01,-9.890153884887695,-70.5035171508789
46.64833333,14.31833333,448.71875,1982.0,-0.2135209154397959,9.3333117547445e-05,-5.59,-35.5,-6.820867538452148,-44.75044250488281
0.104722222,-79.28333333,243.28906,1993.0,0.9510565162951535,0.0,-6.51,-41.5,-4.944166660308838,-27.187355041503906
-0.743055556,-90.30222222,1.7120972,2014.0,0.29671281927349075,0.0,-1.239489054,0.026300139,-1.8205018043518066,2.0454330444335938
46.72738634,8.186782163,600.90625,2015.0,-0.9587178169872964,0.0,-7.44,-50.4,-7.946260929107666,-54.221778869628906
-2.53,140.72,68.566406,1976.0,0.9562348265919056,0.0,-7.54,-45.9,-5.898855686187744,-36.121803283691406
15.33401667,38.92861667,2341.125,2021.0,-0.9587178169872964,6.737451622029766e-05,-1.8,-0.1,-2.419760227203369,-3.5627212524414062
0.453055556,33.195,1174.25,2018.0,-0.9587178169872964,0.0,0.51,11.6,-1.7719788551330566,2.4995346069335938
9.0,38.73,2329.125,1990.0,0.741222010848596,9.440276335226372e-05,1.67,32.9,-0.6413941383361816,13.080101013183594
-51.7,-57.87,50.568359,1965.0,-0.9741004551724206,4.992223693989217e-06,-11.5,-83.0,-7.049140930175781,-48.91120147705078
37.01,-7.96,0.0,1996.0,0.9721181966290613,2.5436480427742936e-05,-3.6,-21.8,-4.363104343414307,-21.749488830566406
47.81666667,13.71777778,1616.0625,2022.0,-0.9587178169872964,0.0001596567308297,-2.654,-33.31,-8.896467208862305,-62.18054962158203
53.23,6.55,7.7121582,1968.0,-0.9634705485641486,2.822371789079625e-05,-10.1,-66.6,-6.413502216339111,-40.93811798095703
7.102222222,-73.06944444,1429.5,2004.0,-0.7116566222817751,5.584309110417962e-05,-8.13,-52.49,-6.445082664489746,-43.411720275878906
-8.77,-63.92,52.0,1990.0,0.741222010848596,0.0,-8.63,-60.1,-6.866888523101807,-45.181129455566406
52.8,5.05,-4.4990234,1991.0,-0.680773409477016,0.0001259004056919,-0.15,-4.6,-6.822422027587891,-44.76498794555664
53.5483,13.1931,76.890625,2002.0,0.6994583270516471,9.952067193808034e-05,-9.24,-65.9,-10.168949127197266,-72.83866119384766
-1.63366,29.1506,1523.6875,2014.0,-0.7236440382959123,4.615249781636521e-05,-2.42,-3.92,-2.550772190093994,-4.788795471191406
-54.78,-68.28,104.83984,1989.0,-0.9587178169872964,3.21124643960502e-05,-11.2,-82.0,-9.32298755645752,-76.973388671875
45.32,-75.67,112.08594,2013.0,-0.9741004551724206,0.0,-9.23,-61.1,-9.93107795715332,-70.8462905883789
-12.43,130.87,16.515625,2001.0,0.2386727660059501,0.0001525154948467,-7.34,-42.4,-4.927183628082275,-27.028419494628906
-22.71,-46.46583333,1095.0625,1990.0,-0.2135209154397959,0.0,-5.71,-29.5,-3.8050904273986816,-16.527320861816406
67.15,32.35,0.0,2000.0,0.9562348265919056,0.0,-21.0,-168.2,-16.1157283782959,-122.6479263305664
52.1,5.18,1.7967529,2006.0,0.5595892624101765,1.9672357666422613e-05,-6.18,-46.89,-6.866888523101807,-45.181129455566406
10.00036389,-84.10913333,1157.3125,2017.0,-0.6152845999633277,0.0,-8.37266816,-53.1872744,-6.019036293029785,-38.881446838378906
6.966666667,80.76666667,1882.75,1988.0,0.7295575540864875,0.0,-2.45,-9.2,-4.924757480621338,-27.005714416503906
9.0,38.73,2329.125,1997.0,-0.2135209154397959,0.0007260898128151,-2.61,-8.3,-2.356680393218994,-2.9723892211914062
46.65772518,8.292706832,1061.3125,2016.0,0.6994583270516471,5.171214525034884e-06,-14.45,-106.5,-13.85978889465332,-103.7525405883789
7.789855,-76.650846,30.420898,2018.0,-0.2884824328806098,9.874218085315078e-05,-3.62,-16.7,-5.0970139503479,-28.617774963378906
45.8,28.2,40.330078,2013.0,0.9510565162951535,0.0,-9.26,-66.32,-9.383718490600586,-66.2616958618164
37.97,23.72,100.17578,2016.0,0.2802306751992159,0.0,-4.98,-32.2,-4.404348850250244,-22.135475158691406
51.3744,11.2919,162.88281,2006.0,-0.680773409477016,0.0,-8.25,-59.8,-6.733526229858398,-43.93305969238281
9.0,38.73,2329.125,1999.0,0.29671281927349075,0.0,2.4,27.95,-0.32114267349243164,16.077171325683594
51.01666667,-114.0166667,1033.25,1996.0,0.9721181966290613,0.0,-21.7,-168.0,-19.338499069213867,-149.64132690429688
33.65694444,73.26611111,580.9375,2012.0,-0.7116566222817751,0.0,-3.38,-17.09,-3.846334934234619,-16.913307189941406
46.72738634,8.186782163,600.90625,1984.0,0.6994583270516471,6.710723937430885e-06,-14.51,-105.0,-14.785696029663086,-111.5077896118164
-9.55,16.37,1154.5,1974.0,0.741222010848596,1.9137016806780598e-06,-4.99,-25.6,-4.910200595855713,-26.869483947753906
-34.05,115.0249,77.78125,2016.0,-0.9829265519799822,4.027742306789151e-06,-6.06,-32.1,-2.9607911109924316,-8.625953674316406
47.81666667,13.71777778,1616.0625,2003.0,0.5808002734538009,3.613296212279238e-05,-14.01,-94.4,-9.80063247680664,-69.75370025634766
49.0422,12.1019,370.21875,1994.0,0.9510565162951535,0.0,-6.2,-47.0,-10.371011734008789,-74.5311050415039
-9.55,16.37,1154.5,1973.0,0.741222010848596,0.0,-3.64,-15.2,-4.946592807769775,-27.210060119628906
51.35,12.43,125.46484,1998.0,-0.2884824328806098,2.5480479962425303e-05,-9.91,-68.2,-10.63446044921875,-76.73770904541016
-0.331666667,31.76111111,1281.8125,2018.0,-0.680773409477016,0.0,-0.38,11.2,-1.3934998512268066,6.041526794433594
47.6772,9.19,442.90625,2004.0,-0.6932812268869771,0.0,-4.78,-28.95,-6.350422382354736,-40.34778594970703
23.95277778,90.27916667,23.626953,2012.0,-0.6932812268869771,0.0,-7.15,-48.86,-7.439623832702637,-53.352394104003906
47.59583333,7.594444444,248.26562,1991.0,-0.2135209154397959,0.0,-7.35,-54.6,-6.245188236236572,-39.362953186035156
46.49722222,28.3,150.79688,2008.0,-0.23030567023061196,5.518177204066888e-05,-7.74,-48.97,-6.720106601715088,-43.807472229003906
47.81666667,13.71777778,1616.0625,2021.0,0.7638886127905428,0.0006485458579845,-11.435,-74.95,-8.34748363494873,-58.66643524169922
45.32,-75.67,112.08594,1992.0,0.7295575540864875,0.0,-8.21,-53.8,-9.954097747802734,-71.03910064697266
52.1,5.18,1.7967529,2005.0,0.8717063187093219,0.0,-5.64,-36.7,-7.264939308166504,-48.51513671875
51.35,12.43,125.46484,1998.0,0.9510565162951535,0.0,-6.69,-45.0,-9.055047988891602,-63.50879669189453
41.91172742,2.763346411,139.71094,2015.0,-0.9741004551724206,0.0,-4.26,-18.8,-5.770876407623291,-34.924110412597656
53.8713,8.7058,4.7202148,2011.0,0.6994583270516471,9.052728273672984e-05,-4.85,-32.61,-8.65516185760498,-61.00562286376953
53.8713,8.7058,4.7202148,1993.0,0.9760105506323683,1.016996793623548e-05,-2.53,-23.0,-7.798755168914795,-53.55632781982422
43.91281944,4.888775,30.959961,2004.0,-0.970063921851507,0.0003613136068452,-6.16,-37.0,-5.539785861968994,-32.761451721191406
9.69,-85.11,160.24219,1990.0,-0.9587178169872964,7.228683534776792e-05,-7.98,-51.9,-7.1387038230896,-56.236976623535156
10.86,0.2,372.54688,2016.0,0.13727877211326478,0.0,-1.538,0.41,-2.7861084938049316,-6.991188049316406
8.92,-79.6,11.163086,1974.0,0.29671281927349075,3.447570270509459e-05,-4.97,-25.0,-5.161306858062744,-29.219459533691406
22.71666667,89.08333333,11.063965,2020.0,-0.9634705485641486,0.0,-8.92,-61.6,-7.548003673553467,-54.898658752441406
10.00036389,-84.10913333,1157.3125,2018.0,-0.39359027665646645,0.0,-2.19258723,-14.85352659,-5.30554723739624,-30.92603302001953
53.32,-60.42,46.541016,2001.0,-0.680773409477016,8.046159564401023e-06,-11.5,-84.9,-11.226055145263672,-85.7054214477539
4.7,-74.13,2551.125,2014.0,0.2386727660059501,0.0,-4.34,-20.7,-2.8934082984924316,-30.80605697631836
43.58333056,16.6,299.82812,2009.0,0.2386727660059501,0.0,-6.21,-41.56,-7.617128849029541,-54.08043670654297
47.67,-124.48,0.0,1963.0,0.6994583270516471,0.0001944539981195,-10.9,-84.9,-7.799624919891357,-55.667625427246094
-0.331666667,31.76111111,1281.8125,2021.0,0.9760105506323683,4.97636319778394e-05,-4.67,-21.2,-2.6648011207580566,-5.855934143066406
36.62,127.46,80.589844,2018.0,-0.9741004551724206,0.0,-11.55,-82.9,-6.866888523101807,-45.181129455566406
42.58834633,-5.651107617,911.78125,2011.0,0.2386727660059501,2.147626037185546e-05,-9.2,-61.0,-10.202199935913086,-73.1171646118164
51.88,-176.65,1.6268311,1962.0,0.6994583270516471,5.850510569871403e-05,-4.2,-28.0,-8.528629302978516,-62.813011169433594
51.6,-1.1,55.042969,1999.0,0.29671281927349075,1.554970003780909e-05,-5.08,-35.0,-6.309784412384033,-39.96747589111328
-15.6,-56.1,177.79688,1985.0,0.741222010848596,0.0,-5.2,-32.0,-5.264418125152588,-30.184425354003906
49.7703,9.9578,265.90625,1998.0,0.9760105506323683,1.0628456948325038e-05,-9.02,-68.6,-8.965526580810547,-62.75897979736328
52.93,4.78,0.63311768,1981.0,-0.9587178169872964,1.3728988960792776e-05,-5.93,-34.7,-6.455353260040283,-41.32978057861328
46.37222222,6.470833333,387.75,1994.0,0.6994583270516471,8.157655247487128e-05,-11.95,-88.8,-11.342958450317383,-82.6719741821289
-27.43,153.08,5.7802734,2008.0,-0.7116566222817751,2.725687227211893e-05,-2.09,-4.4,-2.031576633453369,0.07009124755859375
-34.38,-58.28,0.0,1986.0,0.2386727660059501,0.0001496223121648,-4.8,-27.0,-5.177076816558838,-29.367042541503906
60.18008889,24.83286111,14.698242,2011.0,-0.9741004551724206,6.017666237312369e-05,-10.65,-74.3,-10.406820297241211,-74.8310317993164
47.4,28.49166667,94.726562,2012.0,0.6994583270516471,0.0,-15.04,-105.67,-12.187017440795898,-89.7416763305664
-2.77,-171.72,2.7612305,1964.0,-0.9634705485641486,4.09153253713157e-05,-0.8,1.8,-2.8540406227111816,-7.626930236816406
4.365694444,18.58725,381.14062,2017.0,0.29671281927349075,0.0,-0.47,9.4,-1.4711365699768066,5.314964294433594
51.6,-1.1,55.042969,1986.0,0.741222010848596,0.0,-5.9,-41.0,-6.70691442489624,-43.68401336669922
49.5971,11.0055,285.1875,2012.0,-0.970063921851507,2.410959314147476e-05,-10.64,-73.37,-8.4583740234375,-59.75006866455078
-33.95833333,18.46111111,109.49609,1998.0,0.2386727660059501,0.0,-1.57,-2.0,-3.4072022438049316,-12.803688049316406
48.24861111,16.35638889,200.63281,2019.0,0.9510565162951535,0.0,-6.55,-51.4,-9.729015350341797,-69.15384674072266
41.8,-6.733333333,678.8125,1989.0,0.29671281927349075,0.0,-4.04,-25.1,-4.952658176422119,-27.266822814941406
12.37861111,-1.503111111,292.625,2016.0,0.2802306751992159,0.0,-3.56,-17.2,-3.715322971343994,-15.687232971191406
47.81666667,13.71777778,1616.0625,2020.0,0.7909456567567772,0.0,-14.121,-112.75,-9.166309356689453,-64.44071197509766
46.49143367,9.898180888,1767.6875,1998.0,0.9510565162951535,2.2395843188860454e-05,-15.75,-124.3,-13.834211349487305,-103.5383071899414
20.81195,-156.2328,1265.0625,1997.0,0.8406184056344782,0.0,-4.8,-20.0,-5.351759433746338,-31.001808166503906
46.95222563,7.439320571,542.53125,1992.0,0.9562348265919056,0.0,-10.85,-80.7,-11.897991180419922,-87.32083892822266
36.98,35.3,22.958008,1985.0,0.2386727660059501,0.0,-6.66,-32.0,-5.624701023101807,-33.556129455566406
19.24921667,-99.25580556,2983.5,2011.0,-0.9510565162951536,0.0,-11.61,-74.1,-8.140237808227539,-63.348121643066406
41.818399,46.266606,0.0,2014.0,-0.7236440382959123,0.0,-11.25,-76.5,-9.181655883789062,-64.56925201416016
47.07777778,15.44888889,370.03125,1992.0,0.6994583270516471,0.0,-12.31,-97.6,-12.488832473754883,-92.2696304321289
76.76666667,-18.66666667,0.0,2010.0,0.9760105506323683,0.0,-18.9,-144.9,-21.12892723083496,-164.63766479492188
80.0,-85.56,141.59375,1989.0,0.6994583270516471,1.0950876458082348e-05,-34.89,-277.7,-34.69525909423828,-278.2670593261719
-34.38,-58.28,0.0,1981.0,-0.9741004551724206,0.0,-3.6,-16.0,-3.050558567047119,-9.466041564941406
40.7930564,-4.010553289,1892.5,2017.0,-0.9587178169872964,1.4092708624957597e-05,-6.15,-38.9,-8.105481147766113,-55.555381774902344
52.4672,13.4019,47.5625,2007.0,-0.2884824328806098,0.0,-10.64,-73.85,-10.654922485351562,-76.90909576416016
13.07176111,-59.48972222,45.302734,1985.0,-0.9741004551724206,5.814604082843289e-05,-4.08,-21.8,-3.4169068336486816,-12.894508361816406
27.7,106.88,860.71875,1990.0,-0.2884824328806098,0.0,-4.18,-17.2,-4.551765441894531,-25.477210998535156
48.545,13.3528,478.40625,2009.0,-0.2884824328806098,0.0001408358220942,-14.01,-102.8,-11.897991180419922,-87.32083892822266
17.03333333,54.11666667,14.982422,1989.0,-0.14579919691987442,0.0,-0.03,10.4,-0.9470887184143066,10.219261169433594
-6.18527,35.75335,1134.8125,2015.0,0.741222010848596,0.0,-3.48,-17.4,-3.909414768218994,-17.503639221191406
41.64083945,-4.754446679,735.625,2010.0,0.2386727660059501,0.0,-10.93,-78.52,-9.775054931640625,-69.53946685791016
48.24861111,16.35638889,200.63281,2008.0,-0.27195815753410524,0.0,-14.67,-110.34,-12.013090133666992,-88.2848892211914
45.80666667,15.97,120.36328,1989.0,-0.2884824328806098,2.2832207832834683e-05,-9.57,-68.0,-12.355829238891602,-91.1556167602539
38.05011111,23.8675,438.375,2002.0,-0.9368813462954315,2.759441485977732e-05,-6.71,-38.2,-4.400709629058838,-22.101417541503906
51.73333333,36.26666667,193.03906,1999.0,-0.9741004551724206,7.125143838493386e-06,-12.3,-102.1,-9.175394058227539,-65.21073150634766
-20.67777778,139.4875,339.82812,2007.0,0.6994583270516471,0.0,-6.53,-53.7,-5.150389194488525,-29.117286682128906
-30.08,-51.18,244.72656,1977.0,-0.7236440382959123,4.534153049462475e-05,-3.34,-20.9,-4.680929660797119,-24.723854064941406
46.65772518,8.292706832,1061.3125,2003.0,-0.9741004551724206,0.0,-14.51,-105.24,-10.414493560791016,-74.89530181884766
21.36774444,40.26815278,1971.625,2009.0,-0.02581844022713239,0.0,-1.55,6.51,-2.0582642555236816,-0.17966461181640625
47.37233597,8.083138245,397.48438,2017.0,-0.680773409477016,0.0,-6.73,-44.2,-6.3555779457092285,-40.396034240722656
47.6772,9.19,442.90625,2010.0,0.9760105506323683,0.0,-7.0,-50.85,-10.739328384399414,-77.6160659790039
-54.78,-68.28,104.83984,1998.0,0.741222010848596,0.0,-10.3,-80.0,-8.558340072631836,-69.3132095336914
-15.6,-56.1,177.79688,1965.0,-0.7236440382959123,0.0,-3.3,-23.6,-2.181997776031494,-1.3376235961914062
51.93,-10.25,33.068359,1989.0,0.29671281927349075,5.506630259333178e-06,-8.7,-64.4,-5.1746506690979,-29.344337463378906
62.28,-114.27,159.84375,1990.0,0.2386727660059501,1.7511927580926567e-05,-28.1,-211.8,-27.78931999206543,-220.42404174804688
47.42692898,9.400776879,758.46875,2008.0,-0.27195815753410524,0.0,-14.1,-103.4152164,-13.015729904174805,-96.6828384399414
9.357072,-75.289167,200.4375,2021.0,-0.2884824328806098,0.0,-1.81,-6.8,-4.614210605621338,-24.099464416503906
43.83758,10.35235,-1.0,2009.0,-0.7236440382959123,8.559705747757107e-06,-8.7,-56.61,-6.263081073760986,-39.53040313720703
54.6789,13.4342,38.980469,1997.0,-0.9587178169872964,3.0635696020908654e-05,-8.19,-51.3,-7.4971537590026855,-50.967384338378906
43.49111613,-3.800555816,50.095703,2016.0,-0.970063921851507,0.0,-5.71,-33.8,-5.595587253570557,-33.283668518066406
47.07777778,15.44888889,370.03125,1980.0,-0.23030567023061196,1.0626289622450711e-05,-6.62,-48.8,-6.831162452697754,-44.80582809448242
43.365884,-8.421399,56.794922,2016.0,-0.970063921851507,0.0,-6.15,-41.5,-4.858038425445557,-26.381324768066406
33.65694444,73.26611111,580.9375,2012.0,0.2802306751992159,0.0,9.51,64.39,-1.5875916481018066,4.225120544433594
52.1042,8.7519,134.42188,1988.0,0.9562348265919056,2.910894727392588e-05,-8.98,-63.1,-8.57674789428711,-59.50263214111328
51.6,-1.1,55.042969,2021.0,-0.680773409477016,0.0,-4.11,-29.1,-5.990442752838135,-36.978919982910156
14.64,121.04,42.933594,2018.0,-0.2884824328806098,0.0,-5.28,-33.4,-5.59194803237915,-33.249610900878906
41.05916667,-100.7463889,918.34375,1999.0,0.9999907397361901,0.0,-11.3,-79.0,-10.550054550170898,-76.0307388305664
-35.07,173.28,71.449219,1963.0,-0.680773409477016,6.436182047764305e-06,-3.3,-10.6,-3.6740784645080566,-15.301246643066406
6.565555556,100.2348889,28.0,2003.0,0.29671281927349075,0.0002066194138024,-5.31,-28.6,-5.613783359527588,-33.453956604003906
52.2914,10.4464,80.6875,1981.0,-0.9587178169872964,3.1450657843379304e-05,-6.95,-48.6,-6.578935146331787,-42.48632049560547
7.0,-73.08333333,1079.75,2006.0,0.741222010848596,0.0001704093738226,-18.66,-139.2,-9.295684814453125,-79.8329849243164
45.80666667,15.97,120.36328,1991.0,-0.9741004551724206,7.181110504461685e-06,-9.7,-70.0,-8.145415306091309,-57.16484832763672
47.81666667,13.71777778,1616.0625,2002.0,-0.154308820664281,0.0,-14.03,-103.7,-10.099889755249023,-72.2602310180664
18.32,79.47,216.14844,1977.0,-0.2135209154397959,0.0001096232081181,-4.33,-25.5,-2.7909607887268066,-7.036598205566406
48.8281,9.2,313.79688,1961.0,-0.2135209154397959,8.840798545861617e-05,-6.6,-48.3,-6.34466028213501,-40.293861389160156
62.89179444,27.62542222,94.585938,2005.0,0.29671281927349075,5.152672383701429e-05,-9.47,-68.2,-10.665153503417969,-76.99478912353516
38.79273611,-9.105733333,36.355469,2002.0,-0.994217906893952,8.585281648265664e-06,-5.8,-36.3,-4.969641208648682,-27.425758361816406
48.24861111,16.35638889,200.63281,2021.0,-0.2884824328806098,0.0,-15.13,-114.6,-12.005416870117188,-88.22061920166016
47.81666667,13.71777778,1616.0625,2019.0,0.9611297838723007,0.0,-4.234,-30.3,-11.19205093383789,-81.40799713134766
10.62277778,-85.46111111,124.00391,1998.0,-0.2135209154397959,0.0003079869202338,-10.17,-71.19,-6.224513053894043,-41.375343322753906
45.32,-75.67,112.08594,1976.0,0.2802306751992159,0.0003005528415087,-6.38,-38.7,-9.759708404541016,-69.41092681884766
36.98,35.3,22.958008,1979.0,-0.9741004551724206,3.608275801525451e-05,-3.98,-17.5,-4.210257053375244,-20.319068908691406
46.72738634,8.186782163,600.90625,2015.0,-0.9741004551724206,0.0001088232165784,-11.43,-79.5,-9.757150650024414,-69.3895034790039
51.3744,11.2919,162.88281,1999.0,-0.2884824328806098,0.0,-11.27,-81.0,-10.529592514038086,-75.8593521118164
51.1622,14.9506,238.80469,2011.0,-0.9587178169872964,0.0,-5.9,-40.1,-7.491745471954346,-51.33850860595703
52.2914,10.4464,80.6875,2003.0,0.2386727660059501,0.0,-6.81,-64.0,-9.915731430053711,-70.7177505493164
47.81666667,13.71777778,1616.0625,2019.0,0.994217906893952,3.4419270377838984e-05,-13.54,-95.19,-11.181819915771484,-81.32230377197266
-75.58333333,-20.56666667,105.53516,1989.0,0.6994583270516471,3.663202126820882e-07,-14.65,-110.2,-18.629514694213867,-149.77267456054688
-1.68218,29.22716,1527.1875,2019.0,0.741222010848596,0.0001129821466747,-3.72,-16.5,-2.8831543922424316,-7.899391174316406
-27.43,153.08,5.7802734,1999.0,-0.9587178169872964,0.0,-3.21,-8.9,-2.1261963844299316,-0.8154067993164062
39.95,32.88,920.125,1989.0,0.9760105506323683,0.0,-1.28,-3.0,-8.892629623413086,-62.148414611816406
48.78,-123.13,148.02344,1999.0,-0.2135209154397959,0.0,-11.57,-88.3,-9.970888137817383,-71.8663101196289
-45.35,-72.07,583.1875,1995.0,0.741222010848596,0.0,-10.13,-72.0,-9.134248733520508,-77.5297622680664
19.28,166.65,4.0,1964.0,0.9721181966290613,1.9814042389043607e-06,-1.6,0.6,-2.0970826148986816,-0.5429458618164062
49.7478,6.6581,259.26562,1978.0,0.29671281927349075,1.9720508134923875e-05,-6.45,-44.2,-7.797911167144775,-52.979225158691406
32.2361,-110.9439,753.21875,2018.0,-0.2884824328806098,0.0,-8.33,-52.0,-6.9418816566467285,-46.251060485839844
46.65772518,8.292706832,1061.3125,2002.0,0.9760105506323683,0.0,-9.75,-66.12,-12.340482711791992,-91.0270767211914
8.92,-79.6,11.163086,1984.0,0.2386727660059501,0.0004764028417412,0.0,7.7,-4.857317924499512,-26.478225708007812
46.37222222,6.470833333,387.75,1997.0,0.741222010848596,2.185453377023805e-05,-6.03,-40.9,-7.03298282623291,-46.57230758666992
1.685555556,33.61638889,1096.9375,2010.0,0.9510565162951535,2.1139931050129235e-05,-4.5,-26.25,-2.2523560523986816,-1.9960708618164062
-65.07944444,-63.9775,286.6875,2013.0,-0.9741004551724206,5.151018235159722e-06,-11.23,-99.37,-8.964937210083008,-90.96745300292969
53.57,-113.52,665.5,1963.0,-0.2135209154397959,2.7003701688954607e-05,-12.8,-101.6,-14.396917343139648,-108.2514419555664
32.2361,-110.9439,753.21875,1997.0,-0.680773409477016,5.133336162543856e-05,-1.751824818,-18.13138686,-5.290116310119629,-30.932151794433594
36.55530278,126.635925,59.384766,2024.0,-0.970063921851507,0.0,-5.88,-44.21,-7.065169334411621,-48.01001739501953
53.8713,8.7058,4.7202148,2006.0,-0.9587178169872964,6.442255653382745e-06,-3.7,-26.2,-6.664456844329834,-43.28667449951172
-17.83,31.02,1473.25,1968.0,-0.27195815753410524,0.0001203326391987,-10.2,-66.9,-4.571753025054932,-23.702125549316406
23.95277778,90.27916667,23.626953,2010.0,-0.2135209154397959,0.0,-6.531112309,-45.29399437,-6.569685459136963,-42.399757385253906
46.49143367,9.898180888,1767.6875,2021.0,-0.680773409477016,0.0001707575574982,-9.99,-68.56,-9.32489013671875,-65.76895904541016
36.72,3.18,19.595703,2002.0,-0.8214765533024145,3.5836328606819734e-05,-4.02,-13.0,-3.899710178375244,-17.412818908691406
37.90111111,40.20361111,674.46875,2009.0,0.2386727660059501,0.0,-6.25,-35.34,-7.232216835021973,-47.820274353027344
-30.58,-64.58,730.9375,1986.0,-0.2884824328806098,0.0,-4.3,-25.0,-6.265507221221924,-39.55310821533203
36.62,127.46,80.589844,2015.0,0.9510565162951535,0.0,-7.54,-48.5,-5.909773349761963,-36.223976135253906
25.01666667,102.6833333,1907.8125,1996.0,-0.9634705485641486,0.0,-11.91,-90.1,-8.390554428100586,-66.9194107055664
46.39864119,6.233803787,434.125,2020.0,0.7295575540864875,0.0001174255521618,-8.44,-59.37,-8.042177200317383,-55.02515411376953
-27.17,-109.43,140.28906,1999.0,0.9510565162951535,4.68694997834973e-06,-1.81,-0.4,-3.2567811012268066,-11.395973205566406
50.4972,9.9428,920.40625,2010.0,0.741222010848596,6.750331067451043e-06,-8.0,-51.52,-8.630460739135742,-59.95252227783203
47.37233597,8.083138245,397.48438,1994.0,-0.2884824328806098,8.864493793225847e-06,-11.28,-88.0,-12.013090133666992,-88.2848892211914
-34.05,115.0249,77.78125,2017.0,-0.9995462806873573,9.713249710330274e-06,-7.1,-40.3,-2.9607911109924316,-8.625953674316406
53.23,6.55,7.7121582,2002.0,-0.680773409477016,1.4207163076207507e-05,-7.437,-48.94408229,-6.759304046630859,-44.17430114746094
44.42,8.85,5.4519043,1964.0,0.9562348265919056,0.0,-3.2,-23.6,-4.797384738922119,-25.813697814941406
40.41666667,-7.55,1295.4375,2004.0,0.9721181966290613,0.0,-6.43,-44.1,-8.235286712646484,-56.642616271972656
53.23,6.55,7.7121582,1990.0,-0.9741004551724206,0.0,-8.62,-56.3,-7.425118446350098,-49.856773376464844
17.45,78.47,527.28125,2000.0,-0.9634705485641486,0.0,-1.38,-6.6,-4.44680643081665,-22.532814025878906
46.37222222,6.470833333,387.75,2001.0,-0.2135209154397959,7.893706060713157e-05,-8.29,-40.5,-6.270662784576416,-39.601356506347656
49.0422,12.1019,370.21875,1980.0,0.2386727660059501,3.863039455609396e-05,-13.24,-93.1,-12.217710494995117,-89.9987564086914
46.22030867,7.33848445,481.70312,2014.0,-0.7236440382959123,0.0,-18.64,-142.3,-11.711275100708008,-85.7569351196289
23.05,-82.21666667,123.02734,2007.0,-0.7236440382959123,1.336895365966484e-05,-1.61,-3.58,-2.875875949859619,-7.831275939941406
43.54983333,13.60116667,546.1875,2015.0,0.741222010848596,4.37729840996326e-06,-6.47,-32.5,-5.940706729888916,-36.513465881347656
-1.43,-48.48,4.737793,1970.0,0.9510565162951535,8.729445835342631e-05,-2.16,-12.2,-4.050131320953369,-18.820533752441406
39.28333333,-7.416666667,492.75,1989.0,-0.680773409477016,0.0,-2.34,-4.3,-3.8196473121643066,-16.663551330566406
4.05,114.81,27.053711,2008.0,-0.1712931441814778,0.0003392094513401,-8.41,-57.03,-7.221503734588623,-50.240455627441406
40.41666667,-7.55,1295.4375,1991.0,-0.9587178169872964,0.0,-7.49,-42.5,-5.363890171051025,-31.115333557128906
53.23,6.55,7.7121582,1975.0,-0.9587178169872964,5.5123696256487165e-06,-6.88,-43.6,-6.506908893585205,-41.81226348876953
0.453055556,33.195,1174.25,2015.0,0.741222010848596,2.893488999688998e-05,-4.25,-21.5,-2.220816135406494,-1.7009048461914062
39.03,141.81,81.234375,1979.0,0.6994583270516471,1.550104389025364e-05,-7.24,-43.4,-6.866888523101807,-45.181129455566406
48.18427778,16.389575,201.11719,2001.0,-0.5667017562911184,0.0,-12.73,-90.4,-7.806863307952881,-53.05420684814453
52.16666667,0.25,32.667969,1983.0,0.9760105506323683,0.0,-8.5,-55.0,-7.425577640533447,-50.754241943359375
36.15,-5.35,1.5737915,1962.0,0.9510565162951535,0.0,-6.1,-31.0,-3.695913791656494,-15.505592346191406
45.8,28.2,40.330078,2021.0,-0.9741004551724206,0.0,-7.74,-62.7,-8.910533905029297,-62.298377990722656
-46.42,168.32,-0.90939331,1988.0,0.2386727660059501,1.3241890883364247e-05,-4.15,-24.8,-6.866888523101807,-45.181129455566406
36.88,30.7,0.0,1974.0,0.9760105506323683,0.0,-3.69,-15.6,-4.678503513336182,-24.701148986816406
48.8281,9.2,313.79688,2012.0,0.9562348265919056,9.866635082289577e-05,-10.52,-79.15,-9.418249130249023,-66.55091094970703
46.39864119,6.233803787,434.125,2023.0,0.9510565162951535,5.306411549099721e-05,-7.9,-57.24,-10.235450744628906,-73.39566802978516
46.39864119,6.233803787,434.125,2006.0,0.6994583270516471,0.0001310161751462,-11.89,-89.85166584,-11.821258544921875,-86.67813873291016
47.59583333,7.594444444,248.26562,2006.0,0.9760105506323683,0.0,-9.83,-74.05,-9.19444465637207,-64.6763687133789
37.30268,-2.90198,1735.125,2017.0,-0.7236440382959123,0.0,-10.71,-76.7,-8.667547225952148,-60.263160705566406
-0.694444444,-90.325,182.40625,2007.0,0.9760105506323683,0.0001088957797037,-2.68,-10.4,-3.4896912574768066,-13.575660705566406
50.06166667,19.84861111,356.8125,2004.0,0.2802306751992159,3.114976789220236e-05,-6.32,-43.2,-7.731409549713135,-52.422218322753906
38.77,-27.19,280.32812,1998.0,-0.7236440382959123,0.0,-4.4,-16.6,-3.5139527320861816,-13.802711486816406
34.3,108.93,399.84375,1986.0,-0.7236440382959123,3.0998744477983564e-05,-9.17,-76.1,-6.866888523101807,-45.181129455566406
41.13333333,-8.6,59.621094,1989.0,0.9760105506323683,2.368208242842229e-06,-4.18,-19.8,-5.130980014801025,-28.935646057128906
22.79777778,88.37166667,9.2573242,2004.0,-0.9634705485641486,0.0,-5.8,-39.5,-7.600606441497803,-55.649147033691406
51.35,12.43,125.46484,1991.0,0.9510565162951535,2.3618737031938508e-05,-7.6,-58.8,-9.062721252441406,-63.57306671142578
40.8203002,0.493333172,52.294922,2018.0,0.2386727660059501,3.8593343560933135e-06,-6.88,-50.0,-6.123274326324463,-38.222023010253906
46.60305556,13.67138889,2148.125,2001.0,-0.9510565162951536,0.0,-8.38,-51.9,-8.410706520080566,-62.490516662597656
46.49722222,28.3,150.79688,2010.0,0.6994583270516471,8.661435458634514e-06,-10.95,-77.1,-12.258634567260742,-90.3415298461914
60.02,-111.97,203.71875,1963.0,-0.2884824328806098,0.0,-20.3,-155.7,-20.053686141967773,-181.51327514648438
47.42692898,9.400776879,758.46875,2017.0,-0.9587178169872964,0.0,-13.56,-95.7,-7.824128150939941,-53.198814392089844
-37.82,144.97,6.1674805,1962.0,0.29671281927349075,3.929786907974631e-05,-2.8,-21.1,-4.997541904449463,-27.686866760253906
-23.0,-47.13333333,635.21875,1997.0,-0.3049212246562894,0.0,-6.75,-49.38,-3.545492649078369,-14.097877502441406
46.96666667,28.9,90.308594,2014.0,-0.9587178169872964,0.0,-8.86,-57.2,-7.443869113922119,-50.945518493652344
-19.87086111,-43.96733333,844.875,2017.0,0.9510565162951535,6.771219341317192e-05,-4.01,-17.7,-5.429396152496338,-31.728370666503906
-22.71,-46.46583333,1095.0625,1996.0,-0.4482293417404106,0.0003183792578056,-7.2,-47.4,-3.865744113922119,-17.094947814941406
46.49722222,28.3,150.79688,2011.0,0.741222010848596,0.0,-7.21,-49.4,-7.680893898010254,-51.999107360839844
39.91055556,41.27555556,1890.5625,2008.0,-0.23030567023061196,0.0,-2.72,-6.17,-4.448019504547119,-22.544166564941406
32.97,35.5,816.46875,1968.0,0.2386727660059501,0.0,-6.3,-24.1,-4.7476487159729,-25.348243713378906
-36.8,-59.83,137.54688,1998.0,-0.7236440382959123,0.0001055415996233,-4.5,-19.0,-4.448019504547119,-22.544166564941406
4.365694444,18.58725,381.14062,2016.0,-0.23030567023061196,0.0,-5.19,-28.5,-0.5249390602111816,14.169944763183594
51.83,6.25,9.5,2006.0,-0.2135209154397959,0.0001615195214981,-3.5,-29.85,-6.3943963050842285,-40.759315490722656
8.35,80.38333333,84.476562,1988.0,0.9721181966290613,0.0003038183494936,-6.64,-38.2,-4.471067905426025,-22.759864807128906
-34.05,115.0249,77.78125,2011.0,-0.47115950767386394,4.1643156691861805e-06,-2.74,-12.2,-3.2616333961486816,-11.441383361816406
10.00036389,-84.10913333,1157.3125,2017.0,-0.4405187843504952,4.482206350076012e-05,-5.8033876,-42.17592971,-5.835415363311768,-37.032814025878906
51.3,3.75,9.4589844,2004.0,0.5160623910158528,0.0,-4.89,-31.87,-6.866888523101807,-45.181129455566406
29.0814,-110.9706,200.875,2018.0,-0.680773409477016,0.0,-5.52,-34.9,-4.655455112457275,-24.485450744628906
46.29,-64.15,0.0,2001.0,0.741222010848596,0.0,-8.47,-58.7,-7.959689140319824,-54.334251403808594
48.24861111,16.35638889,200.63281,1974.0,-0.9587178169872964,9.404945711111168e-10,-6.83,-50.0,-7.721817970275879,-52.341880798339844
50.12,-104.42,580.5,2009.0,-0.2884824328806098,0.0,-24.68,-187.5,-18.14094352722168,-169.89511108398438
-21.54022,-64.69846,1877.5,2008.0,-0.6932812268869771,0.0,-1.34,3.1,-3.9991822242736816,-18.343727111816406
31.62,-97.22,151.59375,1973.0,0.6994583270516471,0.0,-4.76,-19.5,-3.763845920562744,-16.141334533691406
47.37233597,8.083138245,397.48438,2001.0,-0.9587178169872964,0.0,-7.63,-51.0,-7.478107452392578,-51.609764099121094
46.98141401,6.607999655,1046.0625,2010.0,-0.7236440382959123,0.0,-15.08,-109.9762691,-12.887842178344727,-95.6116714477539
-33.45,-70.7,507.65625,2016.0,-0.6932812268869771,0.0,-9.46,-69.0,-5.363890171051025,-31.115333557128906
50.11622222,14.39291667,182.82031,2017.0,0.6994583270516471,0.0,-10.97,-83.7,-10.514245986938477,-75.7308120727539
3.783333333,103.3333333,8.0805664,2013.0,0.29671281927349075,0.0,-4.47,-31.4,-6.13115930557251,-38.295814514160156
41.15305556,-96.49277778,352.0625,1993.0,0.5595892624101765,0.0,-6.0,-39.0,-11.020681381225586,-79.9726333618164
-0.37,-78.55,3064.0,1992.0,-0.23030567023061196,0.0,-8.09,-48.5,-7.851830005645752,-59.233375549316406
48.24861111,16.35638889,200.63281,2012.0,-0.970063921851507,1.7206015400006436e-05,-11.94,-87.3,-8.642461776733398,-61.442237854003906
39.55339029,2.625298143,5.3820801,2016.0,-0.7116566222817751,0.0,-7.79,-50.9,-6.109930515289307,-38.097145080566406
37.1644591,-5.611393166,86.394531,2016.0,0.9562348265919056,2.007811190196662e-06,-5.7,-33.4,-4.731878757476807,-25.200660705566406
4.05,114.81,27.053711,2008.0,-0.661634618242279,0.0002684726205188,-6.94,-45.42,-7.260275840759277,-50.793617248535156
48.18427778,16.389575,201.11719,2002.0,-0.8311706263658079,1.5358353266492486e-05,-11.69,-80.1,-7.948818683624268,-54.243202209472656
-27.17,-109.43,140.28906,1996.0,-0.27195815753410524,0.0001012126740533,1.33,12.6,-3.3344178199768066,-12.122535705566406
34.72,113.65,108.5625,1986.0,-0.680773409477016,7.297486445168033e-05,-8.58,-60.9,-7.570223808288574,-55.215675354003906
47.59583333,7.594444444,248.26562,1994.0,-0.7236440382959123,0.0,-10.3,-75.4,-10.35566520690918,-74.4025650024414
23.13,113.32,6.8730469,1989.0,0.29671281927349075,0.0,-5.54,-21.8,-6.349512577056885,-40.339271545410156
46.64833333,14.31833333,448.71875,1993.0,-0.2135209154397959,2.112965921696741e-05,-5.57,-34.5,-6.7708282470703125,-44.28215026855469
35.57381944,45.42929722,857.96875,2019.0,0.5234156073655503,0.0002045922592515,-5.79,-34.84,-5.238943576812744,-29.946022033691406
43.03916667,16.09055556,0.0,2001.0,-0.7236440382959123,0.0,-4.2,-10.2,-6.084455966949463,-37.858741760253906
-25.73,28.18,1326.75,1965.0,0.741222010848596,0.0,-1.64,3.7,-3.540640354156494,-14.052467346191406
44.038,10.18,783.40625,2021.0,0.9033558023246845,0.0,-4.94,-25.16,-8.17901611328125,-56.171302795410156
50.8325,15.14777778,828.84375,2019.0,-0.2135209154397959,0.0,-10.7,-77.2,-6.943863868713379,-45.69839096069336
38.93,100.43,1490.125,2002.0,0.9760105506323683,0.0,-8.99,-68.0,-11.768678665161133,-85.69596099853516
32.2361,-110.9439,753.21875,1986.0,-0.2135209154397959,0.000223001348786,-11.78148668,-85.55399719,-6.866888523101807,-45.181129455566406
51.6,-1.1,55.042969,2018.0,-0.9587178169872964,0.0,-6.32,-39.6,-6.186960697174072,-38.818031311035156
2.883333333,101.7833306,55.289062,2011.0,-0.680773409477016,0.0001020127965603,-6.1,-33.48,-5.9898362159729,-36.973243713378906
48.78,-123.13,148.02344,2010.0,-0.9587178169872964,0.0,-8.1,-60.3,-8.189650535583496,-58.730186462402344
-22.94805556,17.1525,1690.0,1974.0,0.2386727660059501,0.0001723510504234,-8.88,-57.6,-4.166586399078369,-19.910377502441406
48.24861111,16.35638889,200.63281,1996.0,-0.6932812268869771,5.325492384145036e-05,-7.72,-56.5,-6.3392014503479,-40.242774963378906
41.02444444,40.52,10.936523,2019.0,-0.7236440382959123,0.0001753285032464,-11.85,-75.5,-8.520477294921875,-59.03131866455078
51.3744,11.2919,162.88281,2002.0,0.6994583270516471,3.0304223400889896e-05,-8.75,-62.5,-9.961771011352539,-71.1033706665039
-31.95,115.97,20.375,2011.0,0.2386727660059501,3.378815745236352e-05,-5.74,-38.4,-3.317434787750244,-11.963600158691406
35.68,139.77,22.099609,1962.0,0.9760105506323683,0.0001487312547396,-5.2,-26.1,-6.866888523101807,-45.181129455566406
23.07083333,57.6375,1907.5,1988.0,-0.9033558023246842,0.0001132056204369,3.38,29.0,-2.012167453765869,0.25173187255859375
-0.92,-75.4,176.47656,2015.0,0.29671281927349075,2.5693187126307748e-05,-4.8,-24.5,-3.928823947906494,-17.685279846191406
46.72738634,8.186782163,600.90625,2008.0,-0.7116566222817751,0.0002165178302675,-12.55,-94.81,-13.133386611938477,-97.6683120727539
40.41195035,-3.67806112,671.09375,2007.0,-0.9741004551724206,0.0,-6.02,-36.08,-6.900293350219727,-45.116424560546875
48.933,19.583,1604.125,1992.0,0.2386727660059501,4.226758755976334e-05,-9.23,-68.28,-12.207479476928711,-89.9130630493164
14.559667,-90.937833,1575.0625,2020.0,-0.9634705485641486,0.0001301841984968,-7.49,-45.7,-6.153109073638916,-44.929664611816406
46.17378583,8.788556051,407.5,2021.0,-0.680773409477016,0.0001932693412527,-5.26,-30.75,-6.210615634918213,-39.039405822753906
-45.35,-72.07,583.1875,1993.0,0.2386727660059501,0.0,-8.84,-67.0,-9.917848587036133,-88.7094497680664
-31.48388889,145.8294444,259.60938,2012.0,-0.27195815753410524,0.0,0.72,3.1,-2.327566623687744,-2.6999282836914062
35.91888889,-106.6013889,2593.25,1990.0,-0.5808002734538013,0.0,-12.33,-97.1,-7.711253643035889,-57.227760314941406
15.33401667,38.92861667,2341.125,2018.0,-0.680773409477016,0.0004455465823411,-3.36,-7.7,-3.6012940406799316,-14.620094299316406
49.0392,8.365,112.44141,2011.0,0.6994583270516471,8.70182630023919e-05,-8.95,-64.63,-9.943866729736328,-70.95340728759766
28.58,77.2,222.79688,1983.0,-0.680773409477016,0.0,-7.34,-53.3,-6.210615634918213,-39.039405822753906
67.15,32.35,0.0,1996.0,-0.970063921851507,5.481174230226316e-05,-12.5,-94.3,-12.688337326049805,-93.9406509399414
46.95222563,7.439320571,542.53125,1985.0,0.2386727660059501,0.0,-15.1,-110.7,-13.522165298461914,-100.9246597290039
-34.05,115.0249,77.78125,2014.0,-0.8631421280499115,4.434412039699964e-05,-3.56,-3.8,-2.968069553375244,-8.694068908691406
47.85166667,16.84305556,119.17969,1966.0,-0.2884824328806098,1.3825993846694471e-05,-14.54,-113.6,-12.23817253112793,-90.1701431274414
64.13,-21.93,12.141602,2019.0,-0.2884824328806098,0.0,-12.48,-90.6,-9.460451126098633,-66.9043960571289
54.5283,11.0603,1.9006348,2005.0,-0.7236440382959123,3.6193559935782105e-05,-8.79,-57.1,-8.65475845336914,-60.156044006347656
51.1622,14.9506,238.80469,2012.0,0.2386727660059501,0.0,-9.53,-67.0,-10.793041229248047,-78.06595611572266
22.31666667,114.1666667,34.056641,1964.0,0.9562348265919056,2.2754725250706542e-06,-1.7,-7.5,-3.2422242164611816,-11.259742736816406
-34.05,115.0249,77.78125,2014.0,-0.801361088174677,0.0,-1.1,6.4,-2.968069553375244,-8.694068908691406
6.166666667,102.2833333,3.2288818,1991.0,-0.2135209154397959,0.0,-8.11,-58.82,-6.206369876861572,-38.999671936035156
4.036666667,9.734166667,39.230469,2013.0,0.9760105506323683,0.0,-1.76,-9.96,-2.633261203765869,-5.560768127441406
37.1644591,-5.611393166,86.394531,2010.0,-0.2884824328806098,0.0001634651562198,-4.46,-25.58,-4.945379734039307,-27.198707580566406
26.27,50.62,2.3325195,1982.0,-0.7236440382959123,0.0,-2.0,2.8,-1.1460328102111816,8.357444763183594
43.49111613,-3.800555816,50.095703,2010.0,0.29671281927349075,6.357449456118047e-05,-6.14,-41.68,-4.474707126617432,-22.793922424316406
40.2778,-111.7148,1406.625,2021.0,-0.680773409477016,0.0,-7.61,-53.6,-8.157470703125,-63.593971252441406
-0.743055556,-90.30222222,1.7120972,2015.0,-0.655156357209085,4.083327439730056e-06,0.695742158,11.87318047,-1.6021485328674316,4.088890075683594
38.79273611,-9.105733333,36.355469,2016.0,0.2386727660059501,0.0,-2.43,-8.9,-5.473066806793213,-32.137062072753906
42.033333,43.483333,1077.1875,2016.0,-0.7116566222817751,0.0,-13.78,-92.5,-7.027707099914551,-46.52812194824219
46.65772518,8.292706832,1061.3125,2011.0,-0.2884824328806098,3.994346843683161e-05,-14.74,-106.45,-13.527280807495117,-100.9675064086914
54.35333333,-6.648333333,61.966797,2014.0,-0.9741004551724206,0.0,-8.99,-62.6,-6.883342266082764,-46.03213119506836
47.59583333,7.594444444,248.26562,1989.0,-0.9741004551724206,3.0105959012871608e-05,-8.43,-57.8,-8.196866989135742,-58.305747985839844
13.07176111,-59.48972222,45.302734,1976.0,0.7295575540864875,0.0,0.53,10.1,-1.0198731422424316,9.538108825683594
47.42692898,9.400776879,758.46875,2017.0,-0.9741004551724206,0.0,-7.83,-49.6,-9.654840469360352,-68.5325698852539
-18.67178694,34.07239317,343.8125,2010.0,-0.2884824328806098,0.0,-3.56,-14.8,-2.4513001441955566,-3.8578872680664062
43.587,13.51533333,153.78906,2014.0,0.6994583270516471,8.688249408805859e-07,-6.28,-37.8,-6.7805328369140625,-44.37297058105469
47.81666667,13.71777778,1616.0625,2021.0,-0.4405187843504952,0.0001651038328418,-4.442,-24.82,-10.145929336547852,-72.6458511352539
-30.08,-51.18,244.72656,1976.0,-0.27195815753410524,0.0,-6.22,-32.6,-5.595587253570557,-33.283668518066406
47.8008,11.0108,974.96875,1984.0,0.2386727660059501,9.802325803320856e-05,-12.57,-91.2,-12.233057022094727,-90.1272964477539
51.3,3.75,9.4589844,1995.0,0.7469720876965552,0.0,-7.93,-45.8,-6.701910495758057,-43.637184143066406
50.4972,9.9428,920.40625,1987.0,-0.680773409477016,0.0,-7.12,-47.6,-6.866888523101807,-45.181129455566406
4.05,114.81,27.053711,2008.0,0.8311706263658079,5.8759087551152334e-05,-13.2,-96.67,-6.53875207901001,-42.110267639160156
31.95765,35.84828333,916.125,2000.0,0.2386727660059501,0.0,-7.78,-35.0,-5.046064853668213,-28.140968322753906
49.82,-74.97,386.4375,2004.0,-0.27195815753410524,4.090220681973733e-05,-21.84,-160.1,-14.90256118774414,-144.63031005859375
46.95222563,7.439320571,542.53125,1988.0,-0.27195815753410524,0.0,-10.28,-73.5,-12.949228286743164,-96.1258316040039
36.15,-5.35,1.5737915,1963.0,-0.9741004551724206,0.0,-2.5,-11.2,-4.559622287750244,-23.588600158691406
47.6772,9.19,442.90625,2012.0,0.7295575540864875,4.2624153138604015e-05,-7.31,-53.57,-8.942506790161133,-62.56616973876953
16.77,96.17,10.356445,1963.0,-0.9741004551724206,0.0,-10.2,-72.6,-7.199368000030518,-51.44452667236328
22.31666667,114.1666667,34.056641,2022.0,-0.2884824328806098,0.0,-2.77,-2.9,-3.3392701148986816,-12.167945861816406
44.051,10.164,170.76562,2019.0,-0.22192151300416674,5.308101754053496e-05,-7.5,-50.24,-4.828924655914307,-26.108863830566406
33.96666667,-4.983333333,500.04688,1999.0,0.2386727660059501,3.926196586689912e-05,-4.97,-22.25,-5.394217014312744,-31.399147033691406
46.37222222,6.470833333,387.75,1998.0,0.741222010848596,6.427928747143596e-05,-10.065,-75.1,-7.000850677490234,-46.30317687988281
46.60305556,13.67138889,2148.125,2001.0,0.9175836260593937,3.394857776584104e-05,-0.81,-10.9,-10.07686996459961,-72.06742095947266
25.01666667,102.6833333,1907.8125,1996.0,0.9562348265919056,0.0,-6.83,-37.2,-3.259207248687744,-11.418678283691406
54.5275,9.5486,43.292969,2000.0,-0.23030567023061196,1.622213858354371e-05,-8.26,-58.75,-6.427452564239502,-41.06867218017578
50.4972,9.9428,920.40625,1993.0,0.29671281927349075,8.819717913866043e-05,-6.45,-44.0,-7.830522537231445,-53.25237274169922
46.39864119,6.233803787,434.125,2000.0,-0.970063921851507,0.0,-11.66,-100.545451,-8.796098709106445,-62.421180725097656
-0.92,-75.4,176.47656,2020.0,0.9562348265919056,0.0001571124739712,-3.02,-12.3,-5.602865695953369,-33.351783752441406
-35.07,173.28,71.449219,1982.0,0.9760105506323683,8.311954297823831e-05,-13.52,-98.8,-4.827711582183838,-26.097511291503906
49.7703,9.9578,265.90625,1983.0,-0.7236440382959123,0.0,-5.62,-45.7,-9.769939422607422,-69.49662017822266
52.2914,10.4464,80.6875,1999.0,0.29671281927349075,1.2246598998899572e-05,-4.43,-33.7,-6.866888523101807,-45.181129455566406
-2.716666667,-78.33333333,755.28125,1993.0,0.6994583270516471,2.339582533750217e-05,-4.19,-21.9,-5.401495456695557,-31.467262268066406
24.91,91.84533333,16.452148,2020.0,-0.23030567023061196,0.0,-8.37,-54.2,-6.481131076812744,-41.571022033691406
46.60305556,13.67138889,2148.125,1977.0,-0.7236440382959123,3.598650437197648e-05,-15.83,-115.0,-11.005334854125977,-79.8440933227539
-1.65,-78.68,2830.5,2019.0,-0.2884824328806098,6.143361679278314e-05,-9.66,-70.3,-7.828249454498291,-58.896949768066406
49.0422,12.1019,370.21875,2000.0,-0.27195815753410524,5.902863631490618e-05,-11.23,-85.5,-11.688255310058594,-85.56412506103516
32.36666667,-6.4,467.60938,2002.0,-0.3697245428906732,3.29386857629288e-05,-2.89,-7.32,-4.511099338531494,-23.134498596191406
22.31666667,114.1666667,34.056641,1990.0,0.6994583270516471,2.752943692030385e-05,-4.59,-21.8,-3.1791443824768066,-10.669410705566406
76.76666667,-18.66666667,0.0,1998.0,0.741222010848596,4.540232566796476e-06,-20.43,-159.0,-16.898401260375977,-129.20346069335938
13.07176111,-59.48972222,45.302734,1965.0,0.29671281927349075,1.4357384316099342e-05,-1.8,-3.1,-1.7913880348205566,2.3178939819335938
-34.93,138.58,24.027344,1963.0,-0.2135209154397959,2.384539220656734e-05,-4.6,-24.2,-3.584311008453369,-14.461158752441406
37.01,-7.96,0.0,1989.0,0.741222010848596,0.0,-2.65,-13.7,-3.9409546852111816,-17.798805236816406
47.47051111,21.49041944,105.30859,2006.0,0.6152845999633276,3.7474681448657066e-05,-4.68,-31.82,-8.712308883666992,-60.63806915283203
52.4672,13.4019,47.5625,1998.0,-0.9741004551724206,0.0002649831003509,-9.67,-68.7,-8.242240905761719,-58.55756378173828
-0.331666667,31.76111111,1281.8125,2021.0,0.6994583270516471,9.267008863389492e-05,-1.8,4.4,-2.686636447906494,-6.060279846191406
9.15,18.383333,367.4375,2021.0,0.741222010848596,0.0,-1.69,-1.5,-1.2236695289611816,7.630882263183594
41.13333333,-8.6,59.621094,1989.0,-0.7236440382959123,0.0,-6.21,-37.3,-4.919905185699463,-26.960304260253906
23.07083333,57.6375,1907.5,1989.0,-0.9995462806873573,0.0,3.74,30.0,-2.0194458961486816,0.18361663818359375
50.7,5.47,141.75781,1968.0,0.7295575540864875,8.786545549810398e-06,-5.43,-34.5,-6.866888523101807,-45.181129455566406
47.37233597,8.083138245,397.48438,2001.0,0.9510565162951535,0.0,-12.61,-96.2,-10.294279098510742,-73.8884048461914
46.60305556,13.67138889,2148.125,2018.0,-0.8587639582758031,0.0,-9.022,-52.54,-7.6962890625,-57.014259338378906
46.60305556,13.67138889,2148.125,2002.0,0.29671281927349075,6.778429815312847e-05,-7.38,-48.1,-8.335813522338867,-60.80797576904297
7.02,125.23,1213.5625,1998.0,0.741222010848596,0.0,-7.12,-46.0,-5.344480991363525,-30.933692932128906
24.9,67.13,23.870117,1967.0,0.9510565162951535,0.0,-2.89,-10.0,-0.5249390602111816,14.169944763183594
-6.18,106.83,5.1230469,1973.0,0.9760105506323683,4.2516188841545954e-05,-6.25,-35.2,-5.756319522857666,-34.787879943847656
46.22030867,7.33848445,481.70312,2006.0,0.9760105506323683,3.177989856339991e-05,-7.51,-54.77631871,-10.941390991210938,-79.30850982666016
-31.39,-64.78,1778.25,2019.0,0.741222010848596,0.0,-12.79,-79.8,-6.446861743927002,-41.25031280517578
10.3,1.38,439.10938,2016.0,0.7295575540864875,0.0,-3.21,-12.3,-2.6550965309143066,-5.765113830566406
28.63,-106.07,1444.25,1984.0,-0.23030567023061196,3.22456871799659e-05,-4.52,-33.0,-6.866888523101807,-45.181129455566406
12.14416667,39.64083333,1480.25,2002.0,-0.9741004551724206,0.0,-1.28,-0.03,-0.7966675758361816,11.626976013183594
-0.37,-78.55,3064.0,2001.0,-0.7236440382959123,5.126235555508174e-05,-10.59,-73.4,-8.580106735229492,-69.6237564086914
47.59583333,7.594444444,248.26562,1988.0,0.7295575540864875,0.0,-5.9,-36.0,-7.741640567779541,-52.507911682128906
18.21,-67.14,17.163086,2014.0,-0.9741004551724206,0.0004192842752672,-2.51,-7.8,-3.5091004371643066,-13.757301330566406
41.05916667,-100.7463889,918.34375,1993.0,0.3456123126707335,0.0,-7.1,-49.0,-6.866888523101807,-45.181129455566406
-41.47,-72.93,43.574219,2008.0,-0.970063921851507,0.0,-2.52,-21.9,-6.304932117462158,-39.92206573486328
46.89,7.49,659.34375,2011.0,0.9760105506323683,2.23043498408515e-05,-7.73,-56.45,-11.575714111328125,-84.62149810791016
51.35,12.43,125.46484,1987.0,-0.2884824328806098,4.326807538745925e-05,-8.7,-58.4,-10.613998413085938,-76.56632232666016
39.28333333,-7.416666667,492.75,1989.0,0.9760105506323683,0.0,-7.68,-44.3,-5.463362216949463,-32.046241760253906
4.466666667,101.3833333,1451.4375,2016.0,-0.23030567023061196,0.0,-9.73,-61.9,-7.150081634521484,-49.221473693847656
36.98,35.3,22.958008,1986.0,0.29671281927349075,5.172506644157693e-05,-3.1,-14.6,-4.227240085601807,-20.478004455566406
-54.78,-68.28,104.83984,2000.0,-0.23030567023061196,8.468975283904001e-05,-14.3,-109.0,-8.630895614624023,-70.3483657836914
37.30268,-2.90198,1735.125,2015.0,0.9510565162951535,0.0,-9.0,-59.6,-6.952651023864746,-45.65480041503906
46.49143367,9.898180888,1767.6875,1999.0,-0.7236440382959123,0.0001164456407423,-20.12,-148.94,-14.831735610961914,-111.8934097290039
13.07176111,-59.48972222,45.302734,1982.0,0.6994583270516471,7.64833384891972e-06,-0.49,9.3,-1.2479310035705566,7.403831481933594
-75.58333333,-20.56666667,105.53516,2001.0,0.29671281927349075,1.10769902945591e-06,-26.48,-207.6,-20.57964515686035,-166.38449096679688
46.60305556,13.67138889,2148.125,2001.0,-0.8800122039735356,0.0004309965879656,-7.84,-41.1,-7.715119361877441,-56.07933044433594
52.93,4.78,0.63311768,1985.0,0.29671281927349075,1.3190636309445836e-05,-6.64,-43.6,-6.698726177215576,-43.607383728027344
39.91055556,41.27555556,1890.5625,2011.0,0.9760105506323683,0.0,-9.288240037,-54.69590665,-10.517213821411133,-75.73847198486328
43.03916667,16.09055556,0.0,2002.0,0.9760105506323683,0.0,-5.3,-31.1,-5.729025363922119,-34.532447814941406
13.52,2.09,210.4375,2017.0,-0.2135209154397959,0.0,-4.28,-26.2,-4.409201145172119,-22.180885314941406
-34.05,115.0249,77.78125,2008.0,0.6287628145958344,0.0,-8.07,-48.2,-4.210257053375244,-20.319068908691406
32.81333333,130.7291667,25.359375,2018.0,-0.680773409477016,0.0,-4.44,-27.7,-7.73891544342041,-57.622413635253906
32.63333333,-16.9,0.0,2003.0,-0.2884824328806098,1.7354946066916457e-06,-3.02,-15.2,-4.023443698883057,-18.570777893066406
15.6,32.55,385.92188,1965.0,-0.9587178169872964,0.0,-0.8,5.9,-0.6753602027893066,12.762229919433594
25.7325,-80.16323611,3.5220947,2000.0,-0.02581844022713239,5.585419421549887e-05,-2.19,-8.4,-2.701193332672119,-6.196510314941406
32.36666667,35.75,818.96875,2016.0,-0.7116566222817751,0.0,-6.22,-22.1,-4.057409763336182,-18.888648986816406
13.7,-89.12,612.5,1973.0,0.741222010848596,1.4004212971485686e-05,-5.59,-32.0,-4.363104343414307,-21.749488830566406
46.28916667,-63.11916667,35.291016,2018.0,-0.7236440382959123,3.3163623811560683e-06,-10.73,-73.6,-9.033306121826172,-63.326698303222656
43.71,10.4,9.4057617,2001.0,0.6994583270516471,7.975154403538909e-06,-8.53,-57.5,-6.217287540435791,-39.101844787597656
40.41666667,-7.55,1295.4375,1989.0,0.9510565162951535,0.0,-6.82,-40.5,-6.373167514801025,-40.560646057128906
25.01666667,102.6833333,1907.8125,1990.0,0.9510565162951535,0.0,-9.6,-69.3,-3.3053040504455566,-11.850074768066406
5.005255556,-74.138175,2765.0,1999.0,0.2386727660059501,0.0,-5.43,-26.25,-3.6851563453674316,-33.670406341552734
31.99730278,34.81616111,44.347656,2000.0,0.6994583270516471,6.755690992577001e-05,-7.6,-34.9,-3.244650363922119,-11.282447814941406
49.7478,6.6581,259.26562,1984.0,0.9721181966290613,1.4841443771729246e-05,-11.58,-88.7,-9.25838851928711,-65.21195220947266
-15.6,-56.1,177.79688,1969.0,-0.9587178169872964,0.0,2.5,20.4,-1.5778870582580566,4.315940856933594
47.81666667,13.71777778,1616.0625,2019.0,0.6551563572090853,2.0099618268432096e-05,-14.406,-108.39,-9.713668823242188,-69.02530670166016
47.37233597,8.083138245,397.48438,1996.0,-0.7116566222817751,0.0,-13.61,-101.7,-10.918371200561523,-79.1156997680664
-20.901,55.484,83.28125,2019.0,-0.2884824328806098,2.1363795895013027e-05,-3.25,-16.2,-2.521658420562744,-4.516334533691406
37.77,-25.65,137.14062,2010.0,0.741222010848596,0.0002077944373013,-3.53,-21.4,-4.336416721343994,-21.499732971191406
47.81666667,13.71777778,1616.0625,2022.0,0.8214765533024142,0.0,-6.661,-36.92,-9.376045227050781,-66.19742584228516
19.24921667,-99.25580556,2983.5,2013.0,-0.970063921851507,0.0,-10.1,-65.4,-8.703714370727539,-72.62804412841797
4.036666667,9.734166667,39.230469,2020.0,-0.27195815753410524,0.0,0.97,5.5,-2.2086853981018066,-1.5873794555664062
-0.121944444,-67.14916667,97.964844,1979.0,0.9510565162951535,0.0001670587807893,-7.8,-49.0,-6.215467929840088,-39.084815979003906
-41.47,-72.93,43.574219,1997.0,0.2386727660059501,0.0002591056691017,-4.3,-25.0,-6.398642063140869,-40.799049377441406
15.48333333,44.21666667,2188.5,1977.0,0.6420547132365637,0.0,-0.14,2.4,-1.2964539527893066,6.949729919433594
72.58,-38.4799,3202.0,2011.0,-0.6870527672236675,8.68439456098713e-05,-28.19702757,-223.3402717,-29.334203720092773,-233.36373901367188
68.68333333,21.53,459.29688,1995.0,-0.2135209154397959,1.7451086023356766e-05,-13.15,-98.9,-10.767463684082031,-77.85172271728516
36.98,35.3,22.958008,1986.0,-0.2884824328806098,0.0003467480419203,-5.53,-29.3,-5.47549295425415,-32.159767150878906
48.24861111,16.35638889,200.63281,1994.0,-0.9587178169872964,0.0,-5.9,-41.8,-7.815799713134766,-55.30634307861328
37.1644591,-5.611393166,86.394531,2017.0,0.9510565162951535,0.0001038580667227,-5.3,-27.4,-4.734304904937744,-25.223365783691406
9.0,38.73,2329.125,2003.0,-0.2135209154397959,0.0,-2.63,-7.3,-2.026724338531494,0.11550140380859375
76.76666667,-18.66666667,0.0,2009.0,-0.9741004551724206,0.0,-22.91,-174.7,-18.48932456970215,-142.52877807617188
4.05,114.81,27.053711,2007.0,0.994217906893952,0.0,-3.29,-19.89,-6.681288242340088,-43.444190979003906
43.365884,-8.421399,56.794922,2000.0,-0.6932812268869771,0.0,-6.51,-48.1,-4.227240085601807,-20.478004455566406
-40.35,-9.88,37.345703,2010.0,0.2386727660059501,2.6494767553231213e-06,-2.29,-16.2,-4.657881259918213,-24.508155822753906
-13.0,28.65,1260.6875,1969.0,0.9510565162951535,0.000109588887426,-10.87,-74.9,-6.42855167388916,-42.553627014160156
36.98,35.3,22.958008,2005.0,0.9760105506323683,5.028622399549931e-05,-5.79,-27.74,-4.496542453765869,-22.998268127441406
65.11666667,57.1,53.808594,1983.0,-0.7236440382959123,0.0,-22.3,-158.0,-16.79097557067871,-128.30368041992188
48.24861111,16.35638889,200.63281,2019.0,0.29671281927349075,0.0001312098174821,-5.55,-36.9,-6.924837589263916,-45.66650390625
6.433333333,81.13333333,73.40625,1983.0,-0.9741004551724206,9.287974535254762e-05,-3.69,-13.0,-5.637805938720703,-33.844322204589844
-12.43,130.87,16.515625,1966.0,0.9510565162951535,1.9987053747172467e-05,-3.5,-17.7,-4.444380283355713,-22.510108947753906
41.13333333,-8.6,59.621094,1998.0,0.741222010848596,0.0,-5.33,-27.6,-4.506247043609619,-23.089088439941406
53.8713,8.7058,4.7202148,1984.0,0.6994583270516471,0.0,-6.2,-44.7,-8.686582565307617,-61.47650909423828
43.73238889,7.423583333,8.8959961,2021.0,-0.2135209154397959,0.0,-1.87,-15.7,-3.7371582984924316,-15.891578674316406
31.62,25.95,0.0,1990.0,-0.2884824328806098,0.0,-6.07,-34.9,-4.564474582672119,-23.634010314941406
53.23,6.55,7.7121582,1993.0,0.6994583270516471,1.1912536137970164e-05,-6.18,-38.3,-8.179780960083008,-58.724998474121094
41.13,121.1,29.197266,1989.0,-0.2135209154397959,2.2728740077582188e-05,-7.7,-55.3,-8.072186470031738,-59.30516052246094
43.49111613,-3.800555816,50.095703,2018.0,-0.9587178169872964,0.0001745217159623,-3.23,-16.3,-4.748861789703369,-25.359596252441406
47.81666667,13.71777778,1616.0625,2019.0,-0.9979171608653922,0.0,-7.427,-44.38,-9.818536758422852,-69.9036636352539
47.47051111,21.49041944,105.30859,2006.0,-0.5737722679043243,0.0,-12.48,-98.56,-7.898303031921387,-53.820091247558594
38.03333333,114.4166667,86.800781,2001.0,-0.9587178169872964,0.0,-10.56,-70.4,-7.327972412109375,-46.68233108520508
45.8,28.2,40.330078,2014.0,0.741222010848596,0.0,-5.18,-34.5,-7.540856838226318,-50.82617950439453
45.03527778,24.28416667,223.875,2019.0,0.9510565162951535,6.330853466351982e-06,-7.21,-56.2,-9.524394989013672,-67.43997955322266
50.7311,13.7514,876.875,2001.0,-0.7236440382959123,0.0002402269892627,-11.23,-74.5,-10.734212875366211,-77.5732192993164
-22.399288,-47.543743,626.78125,2022.0,0.9760105506323683,7.771071250317618e-05,-3.34,-14.1,-5.293531894683838,-30.456886291503906
9.357072,-75.289167,200.4375,2016.0,0.7295575540864875,0.0,-7.52,-52.5,-5.371168613433838,-31.183448791503906
-26.61361111,118.5372222,517.78125,2008.0,0.9562348265919056,0.0,-3.21,-13.5,-4.645750522613525,-24.394630432128906
17.03333333,54.11666667,14.982422,1988.0,-0.39359027665646645,0.0,0.16,9.0,-0.9567933082580566,10.128440856933594
12.05,8.53,464.20312,1962.0,-0.680773409477016,0.0,-5.4,-43.4,-4.008886814117432,-18.434547424316406
-20.47,-54.67,554.875,1989.0,0.9760105506323683,0.0,-3.05,-9.5,-5.288679599761963,-30.411476135253906
42.11666667,44.96666667,1107.4375,2017.0,0.9760105506323683,0.0,-14.71,-109.7,-8.60439682006836,-59.34918975830078
50.4972,9.9428,920.40625,1984.0,-0.27195815753410524,2.721506098168902e-05,-13.16,-95.9,-10.690731048583984,-77.20902252197266
28.22,-177.37,0.0,1984.0,0.7295575540864875,5.899390816921368e-05,-1.93,-5.9,-3.249502658843994,-11.327857971191406
47.81666667,13.71777778,1616.0625,2022.0,-0.9741004551724206,2.550882527430076e-05,-10.45,-65.14,-9.601127624511719,-68.08267974853516
13.07176111,-59.48972222,45.302734,1962.0,0.9510565162951535,7.853404895286076e-06,2.1,23.0,-1.1897034645080566,7.948753356933594
56.97,24.07,4.2321777,1984.0,0.2386727660059501,8.538996553397737e-06,-12.4,-93.0,-11.64988899230957,-85.2427749633789
66.49686111,25.75518056,108.88672,2014.0,0.6994583270516471,0.0,-16.35,-123.7,-18.141469955444336,-139.61520385742188
9.466666667,100.05,0.0,1982.0,0.2386727660059501,2.142652874681517e-06,-4.9,-25.2,-4.768270969390869,-25.541236877441406
31.28333333,34.23333333,41.878906,2001.0,0.9760105506323683,0.0,-3.9,-12.9,-3.133047580718994,-10.238014221191406
47.25,39.82,80.558594,1989.0,-0.2884824328806098,0.0,-10.2,-74.0,-13.179426193237305,-98.0539321899414
53.23,6.55,7.7121582,1984.0,0.6994583270516471,0.0,-9.58,-62.3,-8.192560195922852,-58.05596160888672
-34.23583333,142.0866667,49.828125,2013.0,0.741222010848596,0.0,-9.33,-63.8,-4.229666233062744,-20.500709533691406
51.3,3.75,9.4589844,2008.0,-0.9070138128026362,2.4102611860143952e-05,-6.45,-44.32,-6.0935540199279785,-37.943885803222656
0.604166667,-77.81944444,2835.75,2017.0,-0.9741004551724206,1.4023337826074568e-05,-12.71,-90.7,-8.592803955078125,-69.8049087524414
49.0975,19.59,572.9375,2001.0,-0.2135209154397959,5.774761666543782e-05,-6.65,-44.2,-7.435029983520508,-49.939788818359375
43.78,87.62,900.71875,1997.0,0.6994583270516471,3.05812900478486e-05,-14.94,-113.6,-17.195100784301758,-131.68856811523438
36.15,-5.35,1.5737915,2006.0,0.9510565162951535,1.3551077245210765e-05,-4.22,-25.77,-4.546278476715088,-23.463722229003906
44.18900278,10.47625833,1371.25,1995.0,0.6994583270516471,0.0,-7.65,-50.0,-9.626705169677734,-68.29691314697266
43.73238889,7.423583333,8.8959961,2014.0,-0.2135209154397959,0.0,-3.57,-20.3,-3.734732151031494,-15.868873596191406
32.55,43.48,57.335938,2023.0,-0.8919813464595487,0.0,-0.46,5.71,-2.618704319000244,-5.424537658691406
50.8325,15.14777778,828.84375,2020.0,0.2386727660059501,0.0,-9.16,-60.9,-11.585945129394531,-84.70719146728516
24.35,109.4,101.74609,1992.0,0.9721181966290613,8.138892007991672e-05,-2.77,-34.8,-3.433889865875244,-13.053443908691406
-12.43,130.87,16.515625,1999.0,0.2386727660059501,9.7955773526337e-05,-6.38,-40.75,-4.871382236480713,-26.506202697753906
49.38,-82.12,243.30469,2004.0,0.9562348265919056,0.0,-17.23,-127.2,-14.299722671508789,-107.4373550415039
10.00036389,-84.10913333,1157.3125,2015.0,0.1797665857255624,0.0001013544751913,-3.904535857,-27.41168229,-6.959725856781006,-52.126686096191406
-75.58333333,-20.56666667,105.53516,2001.0,-0.2884824328806098,0.0,-16.96,-133.8,-21.894657135009766,-177.43087768554688
46.25,48.03,-22.556641,1999.0,-0.9587178169872964,0.0,-6.0,-46.3,-7.36373233795166,-49.342613220214844
-40.68,144.69,82.167969,1995.0,-0.2884824328806098,1.975086343009025e-05,-2.74,-9.8,-4.219961643218994,-20.409889221191406
38.05011111,23.866675,444.85938,2003.0,-0.9741004551724206,0.0,-5.76,-28.7,-4.770697116851807,-25.563941955566406
53.8713,8.7058,4.7202148,2005.0,-0.7236440382959123,5.353492088033818e-05,-7.86,-49.75,-7.973756790161133,-54.45207977294922
41.9,12.5,59.011719,2002.0,0.9995462806873573,0.0,-5.58,-31.74,-5.37844705581665,-31.251564025878906
58.01,56.18,103.00391,1983.0,-0.2884824328806098,0.0,-15.9,-115.0,-18.990644454956055,-146.72775268554688
51.18,8.4889,841.375,2008.0,-0.23030567023061196,0.0,-7.77,-50.4,-7.345209121704102,-49.097320556640625
-17.83,31.02,1473.25,2001.0,-0.9741004551724206,0.0,3.68,16.2,-2.075247287750244,-0.33860015869140625
34.57,69.21333333,1788.0,1973.0,-0.2884824328806098,0.0,-12.38,-86.9,-6.866888523101807,-45.181129455566406
36.98,35.3,22.958008,2022.0,-0.9741004551724206,0.0,-5.72,-29.5,-3.919119358062744,-17.594459533691406
4.83,-52.37,7.9216309,1974.0,-0.9587178169872964,2.1786222532682582e-06,-0.39,3.7,-2.9947571754455566,-8.943824768066406
-25.73,28.18,1326.75,2000.0,0.9562348265919056,0.0,-7.94,-47.2,-3.472708225250244,-13.416725158691406
43.941,10.237,5.9284668,2021.0,-0.680773409477016,0.0002423897240078,-1.61,-7.43,-4.831350803375244,-26.131568908691406
-23.8,133.88,544.75,2005.0,-0.7236440382959123,0.0,2.66,29.4,-3.0966553688049316,-9.897438049316406
36.15,-5.35,1.5737915,1981.0,0.741222010848596,0.0,-3.48,-14.9,-3.9797730445861816,-18.162086486816406
47.81666667,13.71777778,1616.0625,2019.0,0.2386727660059501,2.942423270724248e-05,-11.285,-76.12,-13.199888229370117,-98.2253189086914
46.96666667,28.9,90.308594,2007.0,-0.9741004551724206,0.0,-7.73,-48.55,-8.85671329498291,-62.999671936035156
48.18427778,16.389575,201.11719,2002.0,-0.2636654927280072,3.382588329259306e-05,-8.12,-66.7,-11.897991180419922,-87.32083892822266
12.69325,-7.995494444,382.5625,1993.0,-0.680773409477016,8.401242666877806e-05,-7.0,-44.1,-5.513098239898682,-32.511695861816406
-1.52603,29.24557,3419.5,2014.0,-0.2884824328806098,6.404036685125902e-05,-3.22,-5.97,-1.6409668922424316,3.7256088256835938
48.24861111,16.35638889,200.63281,1961.0,0.29671281927349075,4.531850208877586e-05,-7.1,-55.8,-7.93666934967041,-54.141441345214844
41.13333333,-8.6,59.621094,1997.0,-0.2884824328806098,5.533204785024282e-06,-5.15,-27.0,-5.519163608551025,-32.568458557128906
28.276976,84.30961,2101.5,2017.0,0.03442161162274574,0.0,-3.963381726,-20.20373641,-7.091318607330322,-49.62311553955078
41.78,-87.75,186.0,1962.0,0.29671281927349075,0.000101064411865,-2.7,-24.2,-6.866888523101807,-45.181129455566406
42.14,41.7,0.0,2016.0,-0.7116566222817751,3.1400693842442706e-05,-11.56,-70.6,-9.11899185180664,-64.04438018798828
50.4972,9.9428,920.40625,2006.0,0.2386727660059501,6.591127748833969e-05,-8.81,-57.8,-9.590896606445312,-67.99698638916016
62.89179444,27.62542222,94.585938,2018.0,0.741222010848596,1.649673140491359e-05,-10.0,-66.1,-10.99510383605957,-79.7583999633789
19.24921667,-99.25580556,2983.5,2011.0,-0.2967128192734901,0.0,-12.03,-83.3,-8.016822814941406,-63.114662170410156
-31.95,115.78,12.910645,1987.0,-0.9741004551724206,0.0,-2.9,-5.7,-3.1112122535705566,-10.033668518066406
-25.73,28.18,1326.75,1963.0,0.2386727660059501,0.0,-4.7,-17.4,-3.448446750640869,-13.189674377441406
44.73805556,-0.774722222,59.488281,2018.0,-0.2135209154397959,0.0,-6.01,-41.9,-3.797811985015869,-16.459205627441406
46.72738634,8.186782163,600.90625,1983.0,-0.9587178169872964,0.0,-8.74,-57.9,-8.84914779663086,-61.784217834472656
50.92,5.78,111.17188,1986.0,-0.2884824328806098,9.10195813048631e-05,-8.76,-57.6,-9.580665588378906,-67.91129302978516
13.73,100.5,5.7392578,1991.0,-0.9587178169872964,0.0,-7.05,-45.5,-7.358905792236328,-52.200782775878906
33.65694444,73.26611111,580.9375,2021.0,0.9510565162951535,6.808658508816734e-05,-1.28,3.6,-2.395498752593994,-3.3356704711914062
-65.07944444,-63.9775,286.6875,1982.0,-0.9587178169872964,7.765621140370732e-07,-11.39,-88.0,-7.66461706161499,-93.064208984375
39.95,32.88,920.125,1984.0,-0.27195815753410524,4.672042632591911e-05,-11.97,-87.8,-10.222661972045898,-73.2885513305664
40.8203002,0.493333172,52.294922,2000.0,0.7295575540864875,8.402785897487774e-05,-4.25,-31.9,-4.9805588722229,-27.527931213378906
48.8281,9.2,313.79688,2013.0,0.741222010848596,9.498234248894732e-06,-9.16,-63.26,-7.096926689147949,-47.10789108276367
8.92,-79.6,11.163086,1984.0,-0.7116566222817751,7.654642831766978e-05,-3.36,-16.1,-5.319006443023682,-30.695289611816406
23.95277778,90.27916667,23.626953,2016.0,0.9721181966290613,0.0,-1.45,0.4,-2.186850070953369,-1.3830337524414062
78.91666667,11.93333333,38.650391,1990.0,-0.9741004551724206,0.0,-11.23,-79.2,-10.222589492797852,-73.9354476928711
42.58834633,-5.651107617,911.78125,2003.0,0.6994583270516471,0.0,-9.14,-62.48,-9.539741516113281,-67.56851959228516
50.9,14.8,240.94531,2019.0,-0.9587178169872964,2.2542011720361188e-05,-7.41,-48.4,-7.499885082244873,-51.473472595214844
37.90111111,40.20361111,674.46875,2018.0,-0.9587178169872964,0.0,0.15,2.4,-4.496542453765869,-22.998268127441406
41.9,12.5,59.011719,2002.0,-0.154308820664281,0.0,-3.89,-13.99,-3.9943299293518066,-18.298316955566406
38.05011111,23.8675,438.375,2002.0,0.7909456567567772,0.0,-3.93,-15.3,-5.860037326812744,-35.758522033691406
46.095,14.597,283.89062,1982.0,0.2386727660059501,0.0,-8.83,-63.4,-12.938997268676758,-96.0401382446289
48.4042,2.6965,79.179688,2021.0,-0.9741004551724206,7.1600770752411336e-06,-4.84,-27.8,-6.369831562042236,-40.52942657470703
21.04534722,105.7986111,12.334473,2003.0,0.8800122039735357,1.0386348549218384e-05,-0.34,7.66,-3.4120545387268066,-12.849098205566406
50.3381,7.6,86.441406,2008.0,-0.6932812268869771,0.0,-6.32,-44.4,-6.411076068878174,-40.91541290283203
-26.81666667,-65.21666667,453.07812,2001.0,-0.9741004551724206,0.0,-1.8,2.0,-3.487265110015869,-13.552955627441406
53.8713,8.7058,4.7202148,2000.0,-0.6932812268869771,0.0,-5.43,-34.15,-6.6638503074646,-43.28099822998047
49.7703,9.9578,265.90625,2006.0,0.6994583270516471,0.0,-12.5,-94.7,-10.11012077331543,-72.3459243774414
42.11666667,44.96666667,1107.4375,2018.0,0.9760105506323683,0.0,-4.81,-27.3,-8.622735977172852,-59.500709533691406
49.7703,9.9578,265.90625,2000.0,0.9721181966290613,0.0,-6.5,-42.65,-8.998777389526367,-63.03748321533203
-34.05,115.0249,77.78125,2013.0,0.6932812268869777,7.294477768482466e-07,-2.48,2.8,-4.064688205718994,-18.956764221191406
-34.93,138.58,24.027344,1975.0,-0.7236440382959123,0.0,-0.31,-1.3,-3.3780884742736816,-12.531227111816406
28.276976,84.30961,2101.5,2017.0,-0.07738647923346322,0.0,-9.418761286,-75.42833799,-7.851830005645752,-59.233375549316406
52.1042,8.7519,134.42188,1996.0,-0.7116566222817751,0.0,-10.96,-78.3,-9.350467681884766,-65.98319244384766
4.365694444,18.58725,381.14062,2020.0,-0.23030567023061196,0.0,-4.3,-20.2,-0.6753602027893066,12.762229919433594
45.8,28.2,40.330078,2011.0,0.6994583270516471,8.121209248201922e-05,-14.01697213,-101.7258259,-12.005416870117188,-88.22061920166016
42.14,41.7,0.0,2015.0,0.2386727660059501,0.0001026334502967,-11.63,-75.7,-10.335203170776367,-74.2311782836914
25.46411667,-80.33465278,4.0249023,2005.0,-0.7748840413670406,0.0,-1.62,-4.9,-3.7128968238830566,-15.664527893066406
51.93,-10.25,33.068359,2004.0,-0.27195815753410524,7.490823918487877e-05,-3.9,-18.9,-5.719320774078369,-34.441627502441406
-1.54475,29.26068,2535.625,2015.0,0.6994583270516471,4.213631837046705e-05,0.351,22.63,-1.5439209938049316,4.633811950683594
30.67,104.02,504.75,1989.0,-0.9587178169872964,0.0,-7.65,-58.8,-7.853643894195557,-59.259254455566406
49.5971,11.0055,285.1875,2015.0,-0.2884824328806098,4.465860183699988e-05,-11.84,-82.84,-10.938833236694336,-79.2870864868164
51.93,-10.25,33.068359,2022.0,0.2386727660059501,1.278215495403856e-05,-3.01,-13.1,-6.157240390777588,-38.539894104003906
53.23,6.55,7.7121582,1996.0,-0.6932812268869771,4.0515933505957946e-05,-6.95,-48.3,-6.879892349243164,-45.10081481933594
41.67805556,26.55916667,95.183594,2009.0,0.9760105506323683,0.0001549251610413,-4.8,-32.93,-7.1580705642700195,-47.35509490966797
64.695275,-148.3563833,253.89844,2004.0,-0.5307300481619331,0.0,-16.35,-120.8,-16.913747787475586,-129.33200073242188
-75.58333333,-20.56666667,105.53516,1980.0,-0.9634705485641486,0.0,-28.33,-211.8,-21.19487762451172,-169.07443237304688
-41.47,-72.93,43.574219,1990.0,-0.9587178169872964,0.0001534421899123,-8.0,-60.0,-6.21304178237915,-39.062110900878906
-24.11,-65.19,1321.5625,1987.0,0.741222010848596,0.0,-5.1,-24.0,-5.720533847808838,-34.452980041503906
53.32,-60.42,46.541016,2006.0,0.9760105506323683,0.0,-14.59,-102.4,-14.499227523803711,-109.1083755493164
41.91172742,2.763346411,139.71094,2008.0,-0.9634705485641486,0.0,-2.66,-13.49,-5.016951084136963,-27.868507385253906
24.35,109.4,101.74609,1992.0,-0.6932812268869771,7.956255285535008e-05,-7.9,-65.1,-8.298954010009766,-65.6125259399414
52.4672,13.4019,47.5625,1980.0,0.9562348265919056,7.88044144428568e-06,-8.13,-57.6,-9.900384902954102,-70.5892105102539
40.7930564,-4.010553289,1892.5,2013.0,-0.9587178169872964,0.0,-6.1,-35.4,-8.124664306640625,-55.71605682373047
47.7,27.88333333,177.36719,2016.0,0.2386727660059501,0.0,-15.08,-113.4,-12.979921340942383,-96.3829116821289
10.31,-85.345,14.29541,1990.0,-0.9587178169872964,8.315492596011609e-05,-5.76,-35.6,-6.493868350982666,-41.690223693847656
52.8911,11.7294,21.530273,2006.0,-0.680773409477016,0.0,-8.48,-60.7,-7.283482551574707,-48.67045593261719
-14.67,17.7,1367.125,1981.0,0.29671281927349075,0.0,0.21,13.0,-5.6956658363342285,-34.220252990722656
49.82,-74.97,386.4375,1997.0,-0.9587178169872964,4.935084507451393e-05,-11.38,-84.7,-11.271341323852539,-82.0721206665039
-3.12,-60.02,49.394531,1987.0,-0.680773409477016,0.0,-0.4,14.0,-3.234945774078369,-11.191627502441406
-25.73,28.18,1326.75,1965.0,-0.2884824328806098,0.0,-1.83,0.6,-3.6061463356018066,-14.665504455566406
47.8008,11.0108,974.96875,2008.0,0.9562348265919056,0.0001008467224892,-9.64,-63.64,-11.082067489624023,-80.4867935180664
43.91281944,4.888775,30.959961,2015.0,-0.9587178169872964,0.0001462129730498,-2.01,-7.8,-4.8641037940979,-26.438087463378906
-13.0,28.65,1260.6875,2009.0,-0.7236440382959123,0.0,-3.64,-23.25,-3.6595215797424316,-15.165016174316406
46.095,14.597,283.89062,2000.0,0.6994583270516471,0.0,-12.8,-100.4,-11.532232284545898,-84.2573013305664
48.8281,9.2,313.79688,2012.0,0.7295575540864875,2.4873759684851396e-05,-6.95,-47.25,-7.708389759063721,-52.229408264160156
13.03,123.92,624.1875,1993.0,0.29671281927349075,0.0,-5.45,-29.7,-5.516118049621582,-32.57859802246094
20.74167222,-156.2478,2504.375,1996.0,0.8013610881746766,2.5123201794485794e-06,-7.2,-44.0,-8.632709503173828,-70.3742446899414
-41.15,-71.33,951.28125,2002.0,0.2386727660059501,0.0,-8.0,-63.0,-8.541107177734375,-69.0673599243164
31.62,-97.22,151.59375,1965.0,0.29671281927349075,0.0,-2.2,-4.4,-5.909773349761963,-36.223976135253906
28.63,-106.07,1444.25,1979.0,-0.680773409477016,0.0,-6.5,-46.2,-5.356611728668213,-31.047218322753906
49.0975,19.59,572.9375,2011.0,0.2386727660059501,0.0,-12.77746739,-96.69348507,-12.657644271850586,-93.6835708618164
1.6,103.6666667,43.185547,2002.0,0.9760105506323683,0.0002270489931106,-9.06,-50.33,-6.16997766494751,-38.659095764160156
-1.68421,29.01794,1465.6875,2015.0,-0.9741004551724206,7.022757199592888e-05,-3.42,-12.22,-2.410055637359619,-3.4719009399414062
51.77,-104.2,553.34375,1978.0,0.6994583270516471,0.0,-20.4,-156.0,-22.806814193725586,-178.69137573242188
46.29,-64.15,0.0,2003.0,-0.9741004551724206,0.0003134816070087,-8.56,-51.2,-9.867134094238281,-70.31070709228516
51.387367,-0.325697,10.34082,2021.0,0.288482432880609,8.209085353882983e-05,-7.96,-52.01,-6.304628849029541,-39.919227600097656
45.32,-75.67,112.08594,2008.0,0.6994583270516471,0.0,-15.95,-115.21,-13.987676620483398,-104.8237075805664
47.4828,11.0622,716.1875,2005.0,-0.680773409477016,3.5946257412433624e-05,-10.05,-71.8,-6.65945291519165,-43.239845275878906
52.4672,13.4019,47.5625,1986.0,-0.9587178169872964,2.1772530089947395e-05,-7.18,-47.0,-7.3133087158203125,-49.90873336791992
46.57248471,8.332719621,1924.0,2020.0,0.2386727660059501,6.580383796972456e-06,-14.56,-103.74,-14.888006210327148,-112.3647232055664
46.29,-64.15,0.0,2005.0,-0.2884824328806098,6.451854278566316e-05,-11.65,-80.9,-10.00362777709961,-90.2333984375
46.22030867,7.33848445,481.70312,2000.0,0.9562348265919056,1.3294741620484274e-05,-14.5,-111.317515,-11.176704406738281,-81.27945709228516
31.99730278,34.81616111,44.347656,1984.0,0.9562348265919056,4.825491123483516e-05,-4.19,-10.9,-3.686209201812744,-15.414772033691406
49.0392,8.365,112.44141,1992.0,-0.7116566222817751,0.0,-7.87,-55.7,-9.275014877319336,-65.35120391845703
19.53,-96.91,1381.3125,2016.0,-0.970063921851507,0.0,-5.49,-30.3,-4.76977014541626,-26.997657775878906
56.97,24.07,4.2321777,1983.0,0.9760105506323683,8.716458069102373e-06,-11.5,-87.0,-10.151044845581055,-72.6886978149414
1.6,103.6666667,43.185547,2002.0,-0.9587178169872964,0.0001186567678814,-5.93,-30.05,-7.029134273529053,-50.00720977783203
-40.35,-9.88,37.345703,2012.0,-0.7116566222817751,1.1814525350928308e-05,-1.622488407,-10.19103333,-4.280615329742432,-20.977516174316406
50.92,5.78,111.17188,1985.0,-0.2135209154397959,0.0,-4.39,-26.7,-6.0692925453186035,-37.716835021972656
37.77,-25.65,137.14062,2002.0,-0.9587178169872964,1.375281954096863e-05,-2.12,-5.2,-3.288321018218994,-11.691139221191406
31.62,25.95,0.0,1992.0,0.6994583270516471,0.0,8.68,50.05,-3.133047580718994,-10.238014221191406
42.025,35.15833333,61.443359,2017.0,0.6994583270516471,2.1458914488903247e-05,-8.52,-50.3,-9.480913162231445,-67.0757827758789
4.05,114.81,27.053711,2010.0,-0.9844738167520923,8.785332465777174e-05,-5.9,-36.18,-6.494756698608398,-43.855445861816406
-34.82175,-58.57258333,11.479492,2018.0,0.29671281927349075,0.0,-7.67,-52.1,-5.221960544586182,-29.787086486816406
-22.94916667,-46.54916667,855.53125,1997.0,-0.49377555015997737,0.0,-8.86,-61.84,-3.8244996070861816,-16.708961486816406
68.96666667,33.05,0.059604645,1983.0,0.9760105506323683,2.816543565131724e-05,-11.3,-80.0,-15.379095077514648,-116.4780044555664
-46.88,37.87,0.0,1994.0,-0.680773409477016,8.340094063896686e-05,-4.38,-14.0,-4.898069858551025,-26.755958557128906
9.0,38.73,2329.125,1997.0,0.29671281927349075,0.0001115182458306,0.2,12.7,0.48919057846069336,23.660667419433594
41.733333,43.516667,0.0,2010.0,-0.2884824328806098,0.0,-9.31,-60.3,-10.706077575683594,-77.33756256103516
22.31666667,114.1666667,34.056641,1994.0,0.29671281927349075,0.0,-6.79,-50.9,-6.5026631355285645,-41.77252960205078
47.59583333,7.594444444,248.26562,1995.0,0.6994583270516471,0.0,-12.44,-96.9,-10.695846557617188,-77.25186920166016
43.49111613,-3.800555816,50.095703,2014.0,-0.2135209154397959,1.253933874068025e-06,-3.37,-17.9,-3.4848389625549316,-13.530250549316406
78.91666667,11.93333333,38.650391,2017.0,0.2386727660059501,4.079398786416277e-05,-14.2,-93.8,-12.120515823364258,-89.1846694946289
-33.45,-70.7,507.65625,2012.0,-0.6932812268869771,0.0,-11.14,-81.5,-5.365103244781494,-31.126686096191406
-1.65,-78.68,2830.5,2019.0,0.6994583270516471,4.636586891137995e-05,-9.38,-64.9,-10.610754013061523,-98.5951919555664
51.35,12.43,125.46484,1992.0,-0.27195815753410524,0.0,-10.7,-75.7,-10.66771125793457,-77.0162124633789
31.2025,29.87666667,-7.1420898,2002.0,0.255353295116187,0.0,-3.29,-7.55,-3.598867893218994,-14.597389221191406
50.3381,7.6,86.441406,2008.0,0.7295575540864875,3.969047611462884e-05,-3.93,-17.5,-6.866888523101807,-45.181129455566406
46.60305556,13.67138889,2148.125,2002.0,0.9886775902323405,0.0,-9.32,-66.6,-11.37109375,-82.90763092041016
4.05,114.81,27.053711,2008.0,0.9141279881853337,0.0,-12.81,-99.06,-6.664153575897217,-43.283836364746094
-23.8,133.88,544.75,1985.0,0.741222010848596,0.0,-7.03,-41.4,-4.705191135406494,-24.950904846191406
22.7,90.36,5.9089355,2018.0,0.9760105506323683,0.0,-1.35,0.4,-2.1116394996643066,-0.6791763305664062
47.8008,11.0108,974.96875,1991.0,0.9510565162951535,0.0,-8.54,-58.7,-11.754756927490234,-86.12113189697266
45.32,-75.67,112.08594,1995.0,-0.9587178169872964,2.0297095034038648e-05,-8.3,-52.9,-8.189247131347656,-56.256996154785156
-27.17,-109.43,140.28906,1994.0,-0.680773409477016,0.0,-3.58,-16.6,-2.7618470191955566,-6.764137268066406
39.46666667,-6.333333333,410.0,2004.0,0.2386727660059501,0.0,-4.56,-28.45,-6.568017482757568,-42.38414764404297
46.57248471,8.332719621,1924.0,2019.0,-0.2135209154397959,0.0,-7.1,-44.63,-8.015959739685059,-54.805564880371094
47.8008,11.0108,974.96875,2005.0,-0.680773409477016,0.0,-9.14,-61.0,-7.061277866363525,-46.809303283691406
39.91055556,41.27555556,1890.5625,2012.0,0.7295575540864875,0.0,-5.75,-34.6,-6.727210998535156,-43.35023498535156
25.7325,-80.16323611,3.5220947,2004.0,0.9829265519799822,5.868672087672167e-05,-2.24,-4.8,-2.4367432594299316,-3.7216567993164062
47.7,27.88333333,177.36719,2018.0,0.9510565162951535,0.0,-12.34,-88.5,-9.905500411987305,-70.6320571899414
47.37233597,8.083138245,397.48438,2016.0,-0.9634705485641486,0.0,-9.15,-63.5,-8.039013862609863,-56.332420349121094
42.025,35.15833333,61.443359,2013.0,0.6994583270516471,0.0,-8.67,-56.36,-9.359420776367188,-66.05817413330078
37.97,23.72,100.17578,2019.0,-0.7236440382959123,4.734122194349766e-05,-7.65,-47.0,-5.2522873878479,-30.070899963378906
31.62,-97.22,151.59375,1973.0,0.2386727660059501,0.0,-4.58,-22.4,-3.8342041969299316,-16.799781799316406
47.42692898,9.400776879,758.46875,2022.0,0.29671281927349075,0.0,-6.2,-38.9,-8.047292709350586,-55.06800079345703
49.93333333,36.28333333,149.28125,2014.0,-0.9587178169872964,0.0,-7.34,-45.9,-8.514442443847656,-60.776039123535156
-33.11011944,-64.24918333,408.09375,2007.0,0.9510565162951535,5.697111191693693e-05,-7.2,-47.0,-6.314636707305908,-40.01288604736328
47.8008,11.0108,974.96875,1985.0,0.9760105506323683,2.261987901874818e-05,-11.75,-84.7,-12.248403549194336,-90.2558364868164
33.65694444,73.26611111,580.9375,2009.0,-0.2135209154397959,0.000203770265216,-3.58,-18.57,-5.013334274291992,-29.805702209472656
-31.75,-60.73,12.836426,2002.0,0.9760105506323683,0.0,-4.7,-26.0,-6.117208957672119,-38.165260314941406
-34.23583333,142.0866667,49.828125,2007.0,0.6994583270516471,0.0,-1.62,-9.9,-4.222387790679932,-20.432594299316406
72.58,-38.4799,3202.0,2012.0,0.47873384011578846,0.0,-42.65093839,-336.6950763,-33.36522674560547,-267.1269226074219
12.69325,-7.995494444,382.5625,1976.0,0.9721181966290613,0.0,2.3,25.3,-0.8840088844299316,10.809593200683594
51.83,6.25,9.5,1983.0,0.29671281927349075,0.0,-7.92,-47.2,-6.665215015411377,-43.29376983642578
48.24861111,16.35638889,200.63281,1966.0,-0.2135209154397959,4.436493327375501e-05,-5.7,-48.3,-6.542088031768799,-42.14148712158203
46.095,14.597,283.89062,2004.0,-0.6932812268869771,0.0,-4.91,-27.1,-6.021982669830322,-37.274085998535156
4.05,114.81,27.053711,2009.0,0.5086709438521044,0.0001413221034454,-7.06,-46.66,-6.151175022125244,-38.483131408691406
-20.299175,57.47873889,391.1875,2016.0,0.9562348265919056,0.0001967662828974,-3.18,-14.3,-3.6643738746643066,-15.210426330566406
-34.58,-58.48,21.585938,1962.0,-0.2884824328806098,0.0,-2.0,-2.5,-3.594015598297119,-14.551979064941406
76.76666667,-18.66666667,0.0,1993.0,-0.7236440382959123,0.0,-19.79,-149.9,-18.581403732299805,-143.30001831054688
45.37,-63.27,12.535156,1980.0,-0.27195815753410524,0.0,-13.8,-84.0,-10.19643783569336,-94.32605743408203
54.5283,11.0603,1.9006348,2000.0,0.7295575540864875,0.0,-5.92,-41.6,-7.086855411529541,-47.023536682128906
13.73,100.5,5.7392578,1968.0,-0.7116566222817751,0.0,-1.73,-9.3,-5.544638156890869,-32.806861877441406
17.03333333,54.11666667,14.982422,1988.0,-0.6016240632249227,0.0,0.1,9.8,-0.8888611793518066,10.764183044433594
42.025,35.15833333,61.443359,2012.0,-0.9634705485641486,0.0,-5.59,-33.38,-5.891577243804932,-36.053688049316406
-46.42,168.32,-0.90939331,2012.0,0.2386727660059501,6.719655357301235e-05,-5.87,-39.6,-6.866888523101807,-45.181129455566406
58.65,49.61666667,162.28906,2000.0,0.9562348265919056,0.0,-15.1,-119.9,-14.535036087036133,-109.4083023071289
41.66056063,-1.004162565,244.98438,2018.0,-0.2135209154397959,4.691448339144699e-06,-4.39,-29.3,-4.144751071929932,-19.706031799316406
-11.40438889,-76.32505556,4444.0,2008.0,0.6994583270516471,9.993049025069922e-05,-19.14,-138.94,-11.706342697143555,-114.2260513305664
-34.93,138.58,24.027344,1963.0,0.6994583270516471,0.0,-2.0,-13.0,-4.455297946929932,-22.612281799316406
-15.6,-56.1,177.79688,1963.0,0.6994583270516471,0.0,-15.8,-111.4,-4.130194187164307,-19.569801330566406
-34.05,115.0249,77.78125,2013.0,0.9106046300942163,4.552824066195171e-06,-3.47,-15.0,-4.096228122711182,-19.251930236816406
36.15,-5.35,1.5737915,2003.0,0.2386727660059501,0.0,-3.85,-19.0,-4.838629245758057,-26.199684143066406
4.05,114.81,27.053711,2010.0,0.8359254794186372,0.0004983179387636,-6.01,-39.27,-6.866888523101807,-45.181129455566406
50.06166667,19.84861111,356.8125,2008.0,0.2386727660059501,3.032701351912692e-05,-13.4,-99.4,-12.02587890625,-88.39200592041016
51.3744,11.2919,162.88281,2001.0,0.2386727660059501,0.0,-14.43,-115.3,-10.053850173950195,-71.8746109008789
62.89179444,27.62542222,94.585938,2006.0,-0.9741004551724206,6.274073257372947e-06,-13.8,-97.8,-12.683221817016602,-93.8978042602539
47.6772,9.19,442.90625,1999.0,-0.2884824328806098,0.0,-13.05,-96.8,-12.360944747924805,-91.1984634399414
23.05,-82.21666667,123.02734,2003.0,0.6994583270516471,0.0,-0.81,7.8,-2.6550965309143066,-5.765113830566406
78.07,13.63,0.0,1961.0,-0.9741004551724206,0.0,-5.8,-41.6,-7.834733963012695,-54.62340545654297
-37.82,144.97,6.1674805,1991.0,0.2386727660059501,0.0,-4.78,-23.6,-4.966001987457275,-27.391700744628906
46.60305556,13.67138889,2148.125,1999.0,0.9510565162951535,1.8042010196950287e-05,-11.12,-76.0,-10.693288803100586,-77.2304458618164
-34.05,115.0249,77.78125,2009.0,-0.7638886127905429,3.499321792332921e-06,-2.44,-5.6,-3.103933811187744,-9.965553283691406
39.03,141.81,81.234375,2003.0,0.9510565162951535,0.000239633503952,-11.24,-77.7,-6.866888523101807,-45.181129455566406
38.03333333,114.4166667,86.800781,1989.0,-0.2135209154397959,0.0,-7.77,-55.7,-7.867248058319092,-59.453346252441406
37.77,-25.65,137.14062,2010.0,-0.2884824328806098,1.0690969247661997e-05,-6.14,-35.5,-4.086523532867432,-19.161109924316406
41.15305556,-96.49277778,352.0625,1993.0,0.8311706263658079,0.000206783573958,-15.8,-110.0,-10.132430076599121,-76.02445220947266
49.38,-82.12,243.30469,1997.0,0.741222010848596,0.0,-14.44,-115.0,-11.09229850769043,-80.5724868774414
46.95222563,7.439320571,542.53125,2003.0,0.9510565162951535,2.2324005840346217e-05,-10.34,-75.69,-11.432479858398438,-83.42179107666016
0.05,32.45,1135.4375,2013.0,0.9510565162951535,0.0,-2.63,-7.21,-2.521658420562744,-4.516334533691406
34.3,108.93,399.84375,1990.0,0.2386727660059501,0.0,-12.41,-79.7,-5.705976963043213,-34.316749572753906
64.13,-21.93,12.141602,2013.0,-0.7236440382959123,0.0,-10.27,-72.4,-9.514163970947266,-67.35428619384766
60.18008889,24.83286111,14.698242,2002.0,-0.9587178169872964,1.4111351447354537e-05,-7.4,-52.2,-9.478355407714844,-67.05435943603516
64.13,-21.93,12.141602,2004.0,-0.970063921851507,0.0,-8.44,-57.7,-9.275014877319336,-65.35120391845703
36.98,35.3,22.958008,2008.0,0.9721181966290613,2.147604573110584e-05,-7.34,-46.78,-4.40798807144165,-22.169532775878906
-33.94638889,151.1730556,3.6643066,2007.0,-0.7236440382959123,0.0002406360435998,-3.18,-9.0,-3.3683838844299316,-12.440406799316406
47.47051111,21.49041944,105.30859,2007.0,0.288482432880609,0.0,-6.98,-40.94,-7.349664688110352,-49.22478485107422
58.65,49.61666667,162.28906,1996.0,0.2802306751992159,6.554996798513457e-05,-7.5,-57.9,-10.790483474731445,-78.0445327758789
4.05,114.81,27.053711,2010.0,0.8631421280499114,0.0002179079747293,-8.85,-55.6,-6.866888523101807,-45.181129455566406
-31.15583333,136.8052778,166.9375,2011.0,-0.2884824328806098,0.0,6.4,31.8,-2.2911744117736816,-2.3593521118164062
59.96666667,30.3,3.7930908,1982.0,-0.680773409477016,0.0,-12.6,-89.0,-8.832262992858887,-61.752105712890625
45.46666667,13.61666667,0.5645752,2001.0,0.9510565162951535,0.0,-5.25,-39.3,-6.4186577796936035,-40.986366271972656
-0.331666667,31.76111111,1281.8125,2016.0,0.6994583270516471,4.371346585685387e-05,0.29,12.9,-2.2377991676330566,-1.8598403930664062
38.03333333,114.4166667,86.800781,1997.0,-0.2135209154397959,0.0,-9.37,-66.3,-7.881759166717529,-59.660377502441406
-1.43,-48.48,4.737793,1979.0,-0.7236440382959123,2.927214700321201e-05,-0.39,7.1,-2.2717652320861816,-2.1777114868164062
52.2914,10.4464,80.6875,1986.0,-0.9587178169872964,0.0,-8.39,-59.2,-6.835874080657959,-45.43010711669922
25.01666667,102.6833333,1907.8125,1996.0,0.2802306751992159,6.594869046239182e-05,-8.67,-58.6,-8.144773483276367,-63.412818908691406
7.789855,-76.650846,30.420898,2018.0,-0.9587178169872964,0.000664553954266,-7.45,-49.2,-6.113569736480713,-38.131202697753906
19.2,-96.13,0.0,1967.0,-0.9587178169872964,0.0,-9.95,-62.0,-4.924757480621338,-27.005714416503906
48.4042,2.6965,79.179688,2022.0,-0.9741004551724206,0.0,-6.54,-41.1,-6.369528293609619,-40.526588439941406
43.365884,-8.421399,56.794922,2011.0,0.29671281927349075,8.786995749687776e-06,3.34,27.6,-4.164160251617432,-19.887672424316406
34.57,69.21333333,1788.0,1974.0,0.2386727660059501,1.492387855250854e-05,-13.59,-95.1,-7.506007194519043,-50.53428649902344
9.29,123.17,800.375,1997.0,-0.680773409477016,0.0,-3.79,-21.5,-6.43552303314209,-41.917701721191406
49.0392,8.365,112.44141,1981.0,0.9510565162951535,0.0,-6.85,-50.5,-9.780170440673828,-69.58231353759766
52.8,5.05,-4.4990234,1990.0,-0.7236440382959123,8.180410986824427e-06,-9.14,-64.9,-7.891269207000732,-53.76117706298828
-0.743055556,-90.30222222,1.7120972,2014.0,-0.99665890175417,0.0,-0.529029672,3.584916527,-1.5972962379455566,4.134300231933594
67.15,32.35,0.0,1997.0,0.2386727660059501,0.0,-19.7,-155.1,-18.059621810913086,-138.92965698242188
13.07176111,-59.48972222,45.302734,1964.0,-0.7116566222817751,2.2545727915712632e-05,-1.6,8.1,-2.550772190093994,-4.788795471191406
36.15,-5.35,1.5737915,2012.0,0.9562348265919056,1.1187661584699526e-05,-0.97,1.2,-4.503820896148682,-23.066383361816406
43.49111613,-3.800555816,50.095703,2004.0,0.2802306751992159,8.519828952557873e-06,-3.15,-14.35,-4.444380283355713,-22.510108947753906
43.54983333,13.60116667,546.1875,2017.0,-0.2135209154397959,3.8676545955240726e-05,-9.4,-65.6,-4.979345798492432,-27.516578674316406
41.58194444,12.95694444,36.330078,2001.0,0.9510565162951535,0.0,-2.96,-11.78,-5.509459018707275,-32.477638244628906
42.033333,43.483333,1077.1875,2016.0,-0.27195815753410524,0.0,-13.94,-94.6,-13.706323623657227,-102.4671401977539
18.29,79.54,217.65625,1977.0,-0.680773409477016,0.0007274928502738,-3.27,-15.1,-4.336416721343994,-21.499732971191406
57.9343266,24.9803513,46.894531,2016.0,-0.6932812268869771,0.0001087765122065,-9.99,-69.2,-7.544154644012451,-52.04658126831055
46.25,48.03,-22.556641,1997.0,0.2386727660059501,2.783678974083159e-05,-10.5,-79.4,-14.074640274047852,-105.5521011352539
47.98,-55.82,119.36328,2008.0,-0.970063921851507,0.0,-7.37,-46.6,-8.264701843261719,-56.88898468017578
49.0975,19.59,572.9375,2005.0,-0.7236440382959123,0.0,-14.84,-101.96,-12.115400314331055,-89.1418228149414
46.65772518,8.292706832,1061.3125,2009.0,-0.9741004551724206,0.0001216891178046,-9.89,-66.62301767,-10.342876434326172,-74.29544830322266
14.2785,-2.1365,294.0625,1997.0,-0.680773409477016,0.0,-2.78,-14.1,-4.879873752593994,-26.585670471191406
-0.37,-78.55,3064.0,1998.0,-0.680773409477016,0.0,-9.23,-59.5,-6.916085243225098,-48.13233184814453
23.05,-82.21666667,123.02734,2003.0,0.9760105506323683,5.595760740106925e-06,-3.37,-16.5,-2.298452854156494,-2.4274673461914062
36.88,30.7,0.0,1970.0,0.741222010848596,0.0,-5.91,-29.7,-5.168585300445557,-29.287574768066406
38.28,21.79,113.0625,2019.0,0.741222010848596,0.0,-2.71,-13.0,-4.280615329742432,-20.977516174316406
51.116535,17.029468,118.94141,2008.0,0.12874817745258132,1.5150259059737436e-05,-0.50744466,-1.85202276,-9.232810974121094,-64.99771881103516
62.89179444,27.62542222,94.585938,2009.0,0.9760105506323683,0.0,-12.96,-91.7,-14.442956924438477,-108.6370620727539
-0.13,-67.08,58.835938,1966.0,0.9510565162951535,0.0001447973481845,-5.53,-20.4,-5.441526889801025,-31.841896057128906
22.31666667,114.1666667,34.056641,1987.0,-0.9741004551724206,1.93835367099382e-05,-3.0,-17.2,-5.352972507476807,-31.013160705566406
49.068224,13.614822,1118.0,2016.0,-0.27195815753410524,1.6312038496835157e-05,-8.08,-54.0,-11.578271865844727,-84.6429214477539
9.0,38.73,2329.125,1976.0,-0.970063921851507,0.0,-2.74,-8.7,-1.0975098609924316,8.811546325683594
41.91172742,2.763346411,139.71094,2005.0,-0.9741004551724206,0.0,-5.15,-26.44,-5.741762638092041,-34.651649475097656
36.88,30.7,0.0,2022.0,-0.2884824328806098,0.0,-4.31,-16.1,-5.6016526222229,-33.340431213378906
28.276976,84.30961,2101.5,2017.0,-0.9275416835791965,0.0,-7.566541214,-45.45419435,-8.07856559753418,-62.468238830566406
43.78,87.62,900.71875,1990.0,-0.9741004551724206,0.0,-15.68,-100.4,-10.787925720214844,-78.02310943603516
-7.315277778,72.42805556,2.3126221,1998.0,-0.9587178169872964,2.671268885023892e-05,-6.35,-44.8,-4.033148288726807,-18.661598205566406
-62.12,-58.56,454.85938,1991.0,0.9760105506323683,1.028019175498148e-05,-6.5,-46.0,-9.097970962524414,-77.0121841430664
53.8713,8.7058,4.7202148,1987.0,-0.9587178169872964,2.944565949292155e-06,-5.72,-38.2,-6.640498638153076,-43.062461853027344
17.45,78.47,527.28125,2000.0,0.2802306751992159,0.0005990383797325,-1.78,-3.1,-3.4848389625549316,-13.530250549316406
25.7325,-80.16323611,3.5220947,2005.0,0.8406184056344782,0.0,0.06,8.4,-2.322714328765869,-2.6545181274414062
36.55530278,126.635925,59.384766,2022.0,0.2386727660059501,2.627775393193588e-05,-9.72,-52.2,-6.866888523101807,-45.181129455566406
-9.55,16.37,1154.5,1980.0,0.6994583270516471,0.0002102759171975,-7.18,-51.6,-4.710043430328369,-24.996315002441406
39.1,117.1666667,3.3602295,1991.0,-0.9741004551724206,1.0735694559116382e-05,-5.74,-21.7,-6.866888523101807,-45.181129455566406
50.06166667,19.84861111,356.8125,2019.0,0.29671281927349075,0.0001042506773956,-3.4,-24.4,-7.101082801818848,-47.142704010009766
22.31666667,114.1666667,34.056641,2011.0,0.6994583270516471,4.072092997375876e-05,-2.06,3.0,-4.324285984039307,-21.386207580566406
41.38,2.12,59.777344,1998.0,-0.2135209154397959,0.0,-0.03,-2.6,-3.3053040504455566,-11.850074768066406
52.88333333,-1.083333333,60.794922,1990.0,-0.2135209154397959,9.580294135957956e-05,-6.1,-43.0,-6.207582950592041,-39.011024475097656
-23.0,-47.13333333,635.21875,1998.0,0.6994583270516471,0.0001816246949601,-6.13,-39.54,-4.793745517730713,-25.779640197753906
47.8008,11.0108,974.96875,1981.0,0.9760105506323683,8.090663322946057e-05,-11.27,-81.3,-12.227941513061523,-90.0844497680664
43.91281944,4.888775,30.959961,1999.0,-0.2884824328806098,0.0,-3.56,-23.4,-6.348602771759033,-40.33075714111328
22.31666667,114.1666667,34.056641,2012.0,0.2386727660059501,0.0,-5.42,-29.3,-3.2325196266174316,-11.168922424316406
36.03,129.38,4.7189941,1975.0,-0.2135209154397959,3.1291270715883e-05,-6.41,-43.8,-7.275920391082764,-51.016822814941406
-1.43,-48.48,4.737793,1979.0,-0.2884824328806098,1.1501673725433648e-05,-2.19,-11.2,-2.4901185035705566,-4.221168518066406
40.8203002,0.493333172,52.294922,2007.0,-0.9741004551724206,1.270959819521522e-05,-4.69,-27.2,-5.366316318511963,-31.138038635253906
39.95,32.88,920.125,1996.0,-0.970063921851507,0.0,-9.16,-60.2,-6.505695819854736,-41.80091094970703
-32.88,-68.85,762.84375,1998.0,-0.7236440382959123,0.0,-3.7,-9.0,-5.647749423980713,-33.771827697753906
-31.75,-60.73,12.836426,2000.0,0.2386727660059501,0.0,1.0,-0.4,-5.900068759918213,-36.133155822753906
43.91281944,4.888775,30.959961,2003.0,0.6994583270516471,0.0,-9.15,-65.1,-6.1566338539123535,-38.534217834472656
52.98,158.65,0.0,1999.0,-0.680773409477016,0.0001404566719429,-11.2,-85.5,-14.417379379272461,-108.4228286743164
47.8008,11.0108,974.96875,1987.0,-0.2884824328806098,0.0001644933945499,-14.57,-107.1,-12.32002067565918,-90.8556900024414
41.02444444,40.52,10.936523,2017.0,0.2386727660059501,1.7558635590830818e-05,-10.51,-68.9,-10.432397842407227,-75.0452651977539
27.7,106.88,860.71875,1989.0,-0.9741004551724206,0.0002995718969032,-11.9,-83.3,-9.241268157958984,-79.0566177368164
1.6,103.6666667,43.185547,2003.0,0.6994583270516471,7.337291026487947e-05,-6.27,-36.87,-5.937674045562744,-36.485084533691406
-4.62,55.45,13.739746,1961.0,0.9510565162951535,3.4578370105009526e-05,-5.3,-21.1,-3.3053040504455566,-11.850074768066406
-27.43,153.08,5.7802734,1963.0,-0.2884824328806098,0.0003571525448933,-4.0,-13.7,-3.666800022125244,-15.233131408691406
4.7,-74.13,2551.125,1980.0,-0.7116566222817751,0.0,-18.58,-141.5,-8.031404495239258,-61.795387268066406
40.2778,-111.7148,1406.625,2019.0,0.9760105506323683,8.577875269111246e-05,-11.33,-82.4,-15.59394645690918,-118.2775650024414
38.00194982,-1.170837424,61.660156,2020.0,-0.9634705485641486,0.0,-4.09,-28.4,-4.513525485992432,-23.157203674316406
49.7703,9.9578,265.90625,1982.0,0.29671281927349075,2.9682632884941995e-05,-5.71,-38.7,-8.335039138793945,-57.478126525878906
-5.8,-35.2,40.765625,1974.0,-0.680773409477016,9.253785151486228e-07,-0.34,8.9,-2.065542697906494,-0.24777984619140625
4.399,117.887,264.3125,2007.0,-0.2135209154397959,0.0,-8.65,-56.12,-7.7928786277771,-58.392311096191406
36.83,10.23,0.0,1982.0,-0.9741004551724206,0.0,-4.33,-22.3,-3.987051486968994,-18.230201721191406
-0.331666667,31.76111111,1281.8125,2016.0,0.9721181966290613,0.0,1.21,21.0,-2.5726075172424316,-4.993141174316406
4.7,-74.13,2551.125,1988.0,-0.27195815753410524,6.168852269183844e-05,-6.02,-33.7,-7.324102878570557,-52.705345153808594
47.47051111,21.49041944,105.30859,2005.0,-0.9679377830240641,5.045361376687652e-06,-5.45,-36.53,-8.825389862060547,-62.74866485595703
76.76666667,-18.66666667,0.0,1996.0,0.2386727660059501,0.0,-19.13,-147.1,-19.63801383972168,-152.69400024414062
3.305997222,-76.07,3488.75,2004.0,0.2386727660059501,2.2522061044583097e-05,-6.9,-41.1,-3.5882935523986816,-33.31998062133789
32.199137,37.10256124,738.5,1969.0,0.6994583270516471,0.0,-1.72,-1.1,-3.681356906890869,-15.369361877441406
-34.05,115.0249,77.78125,2017.0,-0.8958392907349089,0.0,-2.28,-4.6,-2.9607911109924316,-8.625953674316406
64.69403056,-148.2163528,127.09766,2004.0,0.36171373072976765,0.0,-16.87,-146.9,-18.48932456970215,-142.52877807617188
28.46344137,-16.2553441,36.554688,2007.0,-0.7236440382959123,0.0,0.25,7.61,-2.2911744117736816,-2.3593521118164062
39.95,32.88,920.125,2002.0,-0.8115390590073611,0.0,-4.98,-43.2,-7.852902889251709,-53.43982696533203
48.545,13.3528,478.40625,2006.0,-0.2135209154397959,1.899557173601352e-05,-5.59,-35.1,-6.746111869812012,-44.05084228515625
6.2,100.4,3.8469238,2020.0,0.2386727660059501,0.0,-1.23,-1.6,-5.65563440322876,-33.845619201660156
46.95222563,7.439320571,542.53125,1986.0,0.2386727660059501,0.0,-10.78,-76.8,-13.496587753295898,-100.7104263305664
33.96666667,-4.983333333,500.04688,2018.0,0.29671281927349075,0.0,-1.34,-4.5,-4.375235080718994,-21.863014221191406
46.57248471,8.332719621,1924.0,2008.0,0.7295575540864875,6.173097062855959e-05,-10.02,-70.64,-10.570516586303711,-76.2021255493164
46.72738634,8.186782163,600.90625,1992.0,0.6994583270516471,9.606943422113544e-06,-14.56,-107.5,-14.100217819213867,-105.7663345336914
-37.82,144.97,6.1674805,1991.0,0.741222010848596,3.17167941830121e-05,-6.26,-40.7,-5.128553867340088,-28.912940979003906
-31.95,115.97,20.375,1962.0,-0.680773409477016,0.0,-2.4,-6.9,-3.2810425758361816,-11.623023986816406
22.31666667,114.1666667,34.056641,1999.0,-0.7236440382959123,0.0,-4.275,-19.0,-5.593161106109619,-33.260963439941406
49.0422,12.1019,370.21875,1990.0,0.741222010848596,5.935431181569584e-05,-3.81,-28.1,-7.9520158767700195,-54.269981384277344
-35.15833333,147.4572222,211.74219,2008.0,0.7295575540864875,0.0,-3.77,-13.5,-4.439527988433838,-22.464698791503906
46.57248471,8.332719621,1924.0,2008.0,0.6994583270516471,0.0,-15.8,-116.36,-14.44807243347168,-108.6799087524414
13.73,100.5,5.7392578,1970.0,-0.7236440382959123,0.000357340904884,-5.46,-29.4,-5.600439548492432,-33.329078674316406
36.98,35.3,22.958008,2003.0,0.9510565162951535,0.0,-8.395,-50.6,-4.696699619293213,-24.871437072753906
46.52639678,9.878949582,1706.875,2023.0,0.9510565162951535,3.154056321363896e-05,-13.45,-99.56,-12.355829238891602,-91.1556167602539
22.31666667,114.1666667,34.056641,1975.0,0.2386727660059501,0.0,-2.26,-5.4,-2.924398899078369,-8.285377502441406
46.72738634,8.186782163,600.90625,2016.0,0.7295575540864875,9.957971633411944e-05,-12.0,-89.5,-9.106203079223633,-63.93726348876953
-1.43,-48.48,4.737793,1980.0,-0.970063921851507,0.0,1.88,33.1,-1.9539399147033691,0.7966537475585938
-8.77,-63.92,52.0,1989.0,6.432490598706546e-16,0.0,-3.26,-11.5,-4.127768039703369,-19.547096252441406
46.72738634,8.186782163,600.90625,2014.0,-0.9741004551724206,0.0,-7.19,-46.0,-9.785285949707031,-69.62516021728516
-22.9,-43.17,0.0,1975.0,0.9760105506323683,2.0869129002676345e-05,-5.56,-31.9,-4.768270969390869,-25.541236877441406
45.6,13.93333333,486.53125,2002.0,-0.12020804489935275,1.600960604264401e-05,-8.01,-46.86,-7.751871585845947,-52.593605041503906
-40.68,144.69,82.167969,2000.0,0.9562348265919056,5.734541264246218e-05,-3.16,-12.7,-4.710043430328369,-24.996315002441406
-21.43846,-65.71519,2957.125,2010.0,0.6994583270516471,0.0,-15.09,-107.3,-9.257593154907227,-79.2895278930664
47.81666667,13.71777778,1616.0625,2022.0,0.9859481499638304,0.0,-9.369,-56.03,-11.181819915771484,-81.32230377197266
39.95,32.88,920.125,2002.0,0.741222010848596,0.0,-2.92,-15.3,-5.323858737945557,-30.740699768066406
19.24921667,-99.25580556,2983.5,2013.0,-0.38566340624360745,0.0,-9.02,-57.2,-7.703463077545166,-58.18767547607422
46.39864119,6.233803787,434.125,2013.0,0.2386727660059501,0.0,-13.57,-101.37,-11.342958450317383,-82.6719741821289
50.62,-96.98,216.5,1976.0,-0.23030567023061196,1.417129169567488e-05,-10.3,-84.0,-12.095114707946777,-92.63455963134766
7.133333333,-73.18333333,1180.3125,2005.0,0.9510565162951535,2.7178757591173053e-05,-1.99,-3.18,-4.486837863922119,-22.907447814941406
13.52,2.09,210.4375,1994.0,0.9760105506323683,0.0,1.9,10.8,-1.3061585426330566,6.858909606933594
46.39864119,6.233803787,434.125,1999.0,-0.7236440382959123,1.1547143913048783e-05,-10.76635189,-79.99,-10.785367965698242,-78.0016860961914
7.17,2.07,154.96875,2017.0,-0.9587178169872964,0.0,-3.12,-14.8,-5.175863742828369,-29.355690002441406
36.61002222,34.31045278,11.975586,1991.0,0.9510565162951535,0.0,-5.59,-39.5,-4.777975559234619,-25.632057189941406
51.387367,-0.325697,10.34082,2021.0,0.5086709438521044,0.0001626637822482,-11.07,-83.98,-6.535922527313232,-42.239601135253906
36.846389,-2.356942,16.541016,2012.0,0.2802306751992159,0.0,2.41,11.6,-3.933676242828369,-17.730690002441406
48.22,11.59,494.59375,2001.0,-0.9587178169872964,0.0,-8.98,-63.23,-8.254470825195312,-56.80329132080078
54.5275,9.5486,43.292969,2008.0,0.6994583270516471,0.0,-8.32,-61.85,-9.616474151611328,-68.21121978759766
52.8,5.05,-4.4990234,2002.0,0.994217906893952,3.274632035754621e-06,-8.98,-62.57,-7.146172523498535,-48.296443939208984
44.52361111,11.33888889,38.84375,1999.0,-0.680773409477016,0.0,-4.98,-27.4,-5.49490213394165,-32.341407775878906
46.22030867,7.33848445,481.70312,1997.0,-0.2884824328806098,0.0,-15.72,-117.3,-13.266389846801758,-98.7823257446289
43.83758,10.35235,-1.0,2013.0,-0.9741004551724206,0.0,-5.55,-31.17,-5.107931613922119,-28.719947814941406
32.18333333,35.88333333,664.3125,1989.0,-0.2884824328806098,0.0,-3.31,-8.5,-4.702764987945557,-24.928199768066406
-34.05,115.0249,77.78125,2016.0,-0.3049212246562894,1.7762900824891403e-05,-6.56,-39.4,-3.3586792945861816,-12.349586486816406
47.07777778,15.44888889,370.03125,1983.0,0.2386727660059501,0.0,-12.47,-97.9,-13.097578048706055,-97.3683853149414
31.98,35.93,877.0625,1969.0,0.2386727660059501,9.036889423441608e-06,-6.49,-27.2,-4.6506028175354,-24.440040588378906
13.73,100.5,5.7392578,2019.0,-0.9587178169872964,0.0001836031733546,-5.32,-36.3,-7.496761322021484,-54.167579650878906
47.59583333,7.594444444,248.26562,2004.0,-0.970063921851507,7.073098458931781e-06,-10.58,-76.9,-8.353245735168457,-59.39916229248047
-18.91472222,47.55805556,1278.5,2018.0,-0.7236440382959123,0.0,-0.26,10.9,-3.788107395172119,-16.368385314941406
49.0392,8.365,112.44141,1996.0,-0.6932812268869771,0.0,-7.03,-51.65,-5.981344699859619,-36.893775939941406
6.9506,79.8795,3.7172852,2017.0,-0.9741004551724206,0.0001470887800678,-3.98,-20.8,-5.612570285797119,-33.442604064941406
10.00036389,-84.10913333,1157.3125,2014.0,-0.8674563547295971,9.87868261290714e-05,-7.02650744,-45.15417868,-6.4934587478637695,-43.857765197753906
36.55530278,126.635925,59.384766,2021.0,-0.7236440382959123,2.3041852728056256e-06,-9.27,-50.8,-6.805665969848633,-44.60818099975586
37.90111111,40.20361111,674.46875,1967.0,-0.2884824328806098,0.00015784050629,-9.47,-65.4,-5.989229679107666,-36.967567443847656
9.357072,-75.289167,200.4375,2004.0,0.9721181966290613,0.0,1.04,11.75,-3.1742920875549316,-10.624000549316406
8.92,-79.6,11.163086,1984.0,-0.6932812268869771,7.377387373708189e-05,-7.86,-50.1,-5.70840311050415,-34.339454650878906
40.40725278,-3.686133333,653.5,2002.0,-0.7583058084785625,3.1334046070696786e-05,-1.91,-8.5,-7.398901462554932,-49.637184143066406
0.05,-51.07,16.0,1989.0,-0.2135209154397959,0.0,-6.11,-30.7,-2.900137424468994,-8.058326721191406
46.49143367,9.898180888,1767.6875,2018.0,0.6994583270516471,8.669427916174755e-05,-19.43,-152.4,-14.340646743774414,-107.7801284790039
46.65772518,8.292706832,1061.3125,2010.0,0.9760105506323683,0.0,-13.11,-94.54133536,-12.340482711791992,-91.0270767211914
19.2,-96.13,0.0,1979.0,-0.680773409477016,0.0,-5.73,-36.5,-4.030722141265869,-18.638893127441406
1.6,103.6666667,43.185547,2019.0,0.9510565162951535,0.0,-3.52,-15.1,-5.760565280914307,-34.827613830566406
0.104722222,-79.28333333,243.28906,1995.0,-0.7236440382959123,0.0,-1.58,-3.6,-2.987478733062744,-8.875709533691406
-35.07,173.28,71.449219,1977.0,0.9510565162951535,1.6714030834918958e-06,-3.06,-14.4,-4.828924655914307,-26.108863830566406
46.49722222,28.3,150.79688,2021.0,-0.680773409477016,0.0,-5.36,-30.5,-6.334045886993408,-40.19452667236328
44.42,8.85,5.4519043,1992.0,-0.27195815753410524,9.361236152471974e-06,-4.19,-24.6,-6.727764129638672,-43.87913513183594
40.67,109.85,1068.9375,1990.0,-0.2135209154397959,0.0,-7.67,-55.8,-7.095778465270996,-48.44672393798828
36.98,35.3,22.958008,1984.0,-0.27195815753410524,0.0003319742099847,-7.44,-35.9,-5.612570285797119,-33.442604064941406
28.276976,84.30961,2101.5,2017.0,-0.6932812268869771,0.0,-8.928339319,-65.78364437,-9.226757049560547,-78.8495864868164
45.32,-75.67,112.08594,2000.0,0.6994583270516471,0.0,-19.3,-140.8,-14.20252799987793,-106.6232681274414
47.4828,11.0622,716.1875,2013.0,0.741222010848596,0.0001162634507636,-11.85,-81.78,-8.575468063354492,-59.491920471191406
52.1,5.18,1.7967529,2008.0,-0.4014879892059737,4.110992813366465e-05,-13.62,-95.53,-6.866888523101807,-45.181129455566406
34.71666667,10.68333333,23.232422,2003.0,0.741222010848596,0.0,-1.92,-10.8,-3.8924317359924316,-17.344703674316406
49.5971,11.0055,285.1875,2015.0,0.2386727660059501,3.072512481594458e-05,-11.41,-81.36,-10.25847053527832,-73.5884780883789
64.13,-21.93,12.141602,2016.0,-0.970063921851507,1.8308232029085048e-05,-7.05,-50.5,-9.268619537353516,-65.29764556884766
31.62,-97.22,151.59375,1973.0,-0.9587178169872964,0.0,-9.92,-68.4,-5.5159735679626465,-35.142921447753906
52.1042,8.7519,134.42188,2009.0,-0.2884824328806098,3.376778477104381e-05,-10.48,-74.55,-10.14337158203125,-72.62442779541016
47.81666667,13.71777778,1616.0625,2019.0,-0.0859647987374467,2.3572474674438126e-05,-10.984,-73.02,-10.816061019897461,-78.2587661743164
-30.08,-51.18,244.72656,1981.0,-0.2135209154397959,0.0,-3.69,-11.3,-5.8072686195373535,-35.264686584472656
46.22030867,7.33848445,481.70312,2015.0,-0.2135209154397959,6.642333028139547e-05,-3.94,-31.7,-6.418354511260986,-40.98352813720703
-16.49888889,-68.12305556,3582.75,1996.0,-0.970063921851507,0.0,-9.34,-61.2,-6.866888523101807,-45.181129455566406
34.71666667,10.68333333,23.232422,2005.0,0.9760105506323683,0.0,-0.74,7.69,-4.540213108062744,-23.406959533691406
46.095,14.597,283.89062,2000.0,-0.9634705485641486,0.0,-6.9,-48.3,-7.274590492248535,-49.682273864746094
72.58,-38.4799,3202.0,2011.0,-0.8631421280499115,4.29026986239478e-05,-30.37062427,-227.7034886,-31.155324935913086,-248.61715698242188
-2.77,-171.72,2.7612305,1965.0,-0.2135209154397959,0.0001715671096462,-0.3,-4.1,-3.6012940406799316,-14.620094299316406
23.95277778,90.27916667,23.626953,2018.0,-0.9741004551724206,0.0,-8.56,-57.4,-7.67316198348999,-56.684303283691406
-5.8,-35.2,40.765625,1972.0,-0.7116566222817751,0.0,-0.19,5.4,-1.9296784400939941,1.0237045288085938
46.49143367,9.898180888,1767.6875,2005.0,0.9760105506323683,0.0,-18.74,-140.2508005,-13.79328727722168,-103.1955337524414
13.73,100.5,5.7392578,1998.0,0.29671281927349075,0.0,-8.26,-54.9,-5.423330783843994,-31.671607971191406
52.4672,13.4019,47.5625,1990.0,-0.680773409477016,0.0,-7.64,-54.0,-7.205790996551514,-48.01972198486328
43.73238889,7.423583333,8.8959961,2004.0,0.7295575540864875,2.0646384655265138e-05,0.87,5.85,-5.534933567047119,-32.716041564941406
41.78,-87.75,186.0,1966.0,0.2386727660059501,0.0,-8.7,-58.9,-12.74812126159668,-93.1730728149414
47.59583333,7.594444444,248.26562,2006.0,-0.680773409477016,3.7045821954961866e-05,-8.21,-59.1,-6.214254856109619,-39.073463439941406
49.0392,8.365,112.44141,1990.0,-0.9587178169872964,0.0,-6.65,-47.7,-6.832553386688232,-46.37787628173828
-3.12,-60.02,49.394531,1978.0,-0.2884824328806098,5.379511276260018e-05,-3.15,-15.6,-3.2179627418518066,-11.032691955566406
54.6789,13.4342,38.980469,2007.0,0.2386727660059501,3.396693864488043e-05,-8.24,-58.96,-9.915731430053711,-70.7177505493164
46.57248471,8.332719621,1924.0,2013.0,0.9510565162951535,0.0001349577651126,-18.73,-138.11,-11.921010971069336,-87.5136489868164
-21.54022,-64.69846,1877.5,2009.0,0.29671281927349075,0.0,-2.96,-12.2,-5.403921604156494,-31.489967346191406
45.81666667,15.98333333,156.41406,2002.0,0.9760105506323683,6.528259291371796e-06,-9.5,-67.7,-9.48858642578125,-67.14005279541016
-33.11011944,-64.24918333,408.09375,2009.0,0.741222010848596,0.0,-10.9,-78.0,-6.2924981117248535,-39.805702209472656
31.62,25.95,0.0,2002.0,-0.9741004551724206,0.0,-1.16,1.1,-2.7618470191955566,-6.764137268066406
-27.17,-109.43,140.28906,2008.0,0.9721181966290613,7.920271855255123e-06,-3.96,-20.4,-3.3198609352111816,-11.986305236816406
76.76666667,-18.66666667,0.0,2007.0,0.9510565162951535,0.0,-19.9,-148.98,-21.333547592163086,-166.35153198242188
18.23388889,-65.885,70.4375,2007.0,0.8996308696522433,1.9700246411957775e-05,-0.03,13.9,-2.1795716285705566,-1.3149185180664062
53.23,6.55,7.7121582,2006.0,0.741222010848596,3.324148929095827e-05,-6.76,-49.52,-6.866888523101807,-45.181129455566406
-34.93,138.58,24.027344,2013.0,-0.680773409477016,0.0,-2.39,-6.7,-3.3732361793518066,-12.485816955566406
50.06166667,19.84861111,356.8125,1977.0,-0.2135209154397959,7.860222103772685e-05,-5.97,-39.6,-7.320880889892578,-48.968292236328125
4.466666667,101.3833333,1451.4375,2014.0,-0.2884824328806098,0.0001425550144631,-11.04,-78.7,-6.866888523101807,-45.181129455566406
-3.25,-79.98333333,2.8572998,1996.0,0.2386727660059501,1.6014637367334217e-05,-0.96,1.1,-2.5968689918518066,-5.220191955566406
45.37,-63.27,12.535156,1983.0,0.9760105506323683,0.0,-5.9,-47.0,-10.066638946533203,-71.98172760009766
82.5,-62.33333333,62.875,1993.0,-0.2884824328806098,0.0,-38.46,-285.0,-24.116384506225586,-189.66012573242188
50.8325,15.14777778,828.84375,2017.0,0.741222010848596,1.5425825040438212e-05,-7.66,-51.2,-8.355501174926758,-57.649513244628906
44.52361111,11.33888889,38.84375,1998.0,0.741222010848596,0.0,-6.52,-48.0,-5.565260410308838,-32.999855041503906
28.22,-177.37,0.0,1976.0,0.2802306751992159,2.128676669599372e-06,-1.59,-4.8,-3.298025608062744,-11.781959533691406
-34.90416667,-56.16666667,34.734375,2012.0,0.6994583270516471,0.0,-4.76,-28.86,-5.987410068511963,-36.950538635253906
-18.91472222,47.55805556,1278.5,2016.0,-0.7116566222817751,0.0,-1.5,2.7,-3.7759766578674316,-16.254859924316406
46.64833333,14.31833333,448.71875,1981.0,0.9760105506323683,1.6887914171093144e-05,-5.77,-33.3,-11.734294891357422,-85.94974517822266
57.4368,56.9593,120.01172,2017.0,0.2386727660059501,6.213534561538836e-06,-19.15593436,-144.3957467,-20.351369857788086,-158.12496948242188
49.0975,19.59,572.9375,2016.0,-0.7116566222817751,0.0001755964767653,-12.69,-89.5,-12.02587890625,-88.39200592041016
0.453055556,33.195,1174.25,2020.0,-0.27195815753410524,5.439002779894509e-05,-1.85,-0.4,-1.7283082008361816,2.9082260131835938
78.91666667,11.93333333,38.650391,2004.0,0.9721181966290613,0.0,-9.49,-75.3,-11.880086898803711,-87.1708755493164
7.72,81.73,0.0,1985.0,0.9760105506323683,3.2341111364075914e-05,-5.09,-31.0,-4.489264011383057,-22.930152893066406
44.12,15.24,20.870117,2000.0,-0.7116566222817751,0.0,-8.13,-58.3,-6.61851167678833,-42.85669708251953
-75.58333333,-20.56666667,105.53516,1979.0,0.2386727660059501,6.898685737892433e-10,-10.31,-80.3,-16.833820343017578,-135.30392456054688
42.85,-80.27,228.9375,1979.0,-0.2884824328806098,0.0,-12.2,-80.0,-10.139577865600586,-94.9692153930664
46.25,48.03,-22.556641,1997.0,-0.9587178169872964,0.0,-4.5,-37.3,-7.36373233795166,-49.342613220214844
49.0975,19.59,572.9375,2008.0,0.9721181966290613,1.1492498742882162e-05,-7.07,-47.65,-10.780252456665039,-77.9588394165039
47.81666667,13.71777778,1616.0625,2019.0,-0.9106046300942162,0.0,-7.873,-48.56,-9.465566635131836,-66.9472427368164
14.64,121.04,42.933594,2021.0,-0.2884824328806098,0.0,-3.34,-18.6,-5.598013401031494,-33.306373596191406
-34.05,115.0249,77.78125,2016.0,-0.24702218048093527,2.927440255007241e-05,-1.46,4.8,-3.331991672515869,-12.099830627441406
34.91313571,33.40214238,333.67188,2019.0,-0.9587178169872964,0.0,-2.18,-2.5,-3.4896912574768066,-13.575660705566406
32.55,35.85,570.125,1992.0,0.9562348265919056,1.713679012027569e-05,-5.91,-22.2,-4.657881259918213,-24.508155822753906
4.7,-74.13,2551.125,1999.0,-0.7236440382959123,4.300985165173188e-05,-10.62,-72.05,-8.195562362670898,-64.1374282836914
-33.97,18.6,41.798828,1997.0,0.2386727660059501,8.028148840821814e-06,-1.29,2.1,-3.414480686187744,-12.871803283691406
6.166666667,102.2833333,3.2288818,2015.0,0.9760105506323683,4.815964348381385e-05,-2.78,-10.2,-4.855612277984619,-26.358619689941406
-17.83,31.02,1473.25,1962.0,0.9760105506323683,0.0,-0.6,-5.6,-5.069113254547119,-28.356666564941406
46.60305556,13.67138889,2148.125,1991.0,-0.7236440382959123,0.0,-14.32,-102.2,-11.015565872192383,-79.9297866821289
49.7703,9.9578,265.90625,2005.0,-0.2884824328806098,5.817832789034583e-05,-9.24,-65.3,-10.675384521484375,-77.08048248291016
24.91,91.84533333,16.452148,2016.0,0.2386727660059501,0.0,0.38,14.6,-2.7472901344299316,-6.627906799316406
40.88333333,15.66666667,505.07812,2003.0,-0.2884824328806098,1.825354775064625e-05,-10.6,-64.0,-8.432233810424805,-58.292213439941406
40.2778,-111.7148,1406.625,2017.0,-0.2135209154397959,0.0,-5.88,-40.3,-6.866888523101807,-45.181129455566406
47.81666667,13.71777778,1616.0625,2019.0,0.8800122039735357,0.0001201601626235,-10.508,-70.04,-10.539823532104492,-75.9450454711914
50.06166667,19.84861111,356.8125,2011.0,0.6994583270516471,1.399040593241807e-05,-14.17,-103.1,-12.391637802124023,-91.4555435180664
39.95,32.88,920.125,1985.0,-0.7236440382959123,0.0,-12.18,-88.0,-8.80694580078125,-61.43073272705078
2.883333333,101.7833306,55.289062,1993.0,-0.7236440382959123,0.0,-6.75,-64.34,-6.483830451965332,-41.849205017089844
0.512102778,25.20643889,414.57812,2016.0,-0.23030567023061196,0.0,0.22,18.3,-1.2333741188049316,7.540061950683594
45.80666667,15.97,120.36328,1980.0,-0.23030567023061196,8.140544196066912e-06,-6.74,-48.8,-6.4638447761535645,-41.40924835205078
11.17694444,-4.304111111,435.625,2010.0,0.9760105506323683,0.0,-0.117314983,6.97757621,-1.8932862281799316,1.3642807006835938
64.13,-21.93,12.141602,1992.0,-0.970063921851507,1.045098360918928e-05,-6.89,-50.6,-9.327447891235352,-65.7903823852539
41.9,12.5,59.011719,2002.0,-0.9932568492674143,0.0,-6.28,-38.44,-5.123701572418213,-28.867530822753906
30.08,31.28,25.551758,2003.0,0.9510565162951535,0.0,-2.87,-3.6,-3.045706272125244,-9.420631408691406
53.32,-60.42,46.541016,2004.0,0.6994583270516471,0.0,-19.02,-141.6,-17.599225997924805,-135.07345581054688
51.116535,17.029468,118.94141,2007.0,-0.9999907397361901,7.753820682410151e-05,-11.23858893,-71.34492509,-7.216062068939209,-50.162818908691406
-16.23433889,-67.78571667,2239.0,1983.0,-0.2135209154397959,0.0,-1.71,4.6,-3.9894776344299316,-18.252906799316406
53.23,6.55,7.7121582,2009.0,-0.2135209154397959,5.8415103012521286e-06,-6.86,-47.82,-6.450197696685791,-41.281532287597656
52.2914,10.4464,80.6875,2003.0,-0.7236440382959123,0.0,-6.66,-60.95,-9.163751602172852,-64.4192886352539
35.76472222,-106.3569444,2466.0,1992.0,-0.6287628145958345,0.0,-9.26,-63.3,-7.757961273193359,-57.894142150878906
10.00036389,-84.10913333,1157.3125,2015.0,-0.20510449986861926,6.838690751465037e-05,-1.720979,-7.708384633,-6.524481296539307,-45.306678771972656
47.47051111,21.49041944,105.30859,2004.0,-0.4093559588156211,0.0,-8.8,-52.37,-10.376127243041992,-74.5739517211914
48.15,15.15,264.90625,1970.0,-0.2884824328806098,0.0,-14.36,-104.3,-12.007974624633789,-88.2420425415039
31.62,-97.22,151.59375,1964.0,0.9562348265919056,0.0,-3.9,-16.8,-3.186422824859619,-10.737525939941406
13.73,100.5,5.7392578,1975.0,-0.680773409477016,6.876038969494402e-05,-6.77,-43.3,-6.241549015045166,-39.328895568847656
39.28333333,-7.416666667,492.75,2001.0,-0.9587178169872964,0.0,-6.35,-41.1,-4.984198093414307,-27.561988830566406
44.18900278,10.47625833,1371.25,2001.0,-0.7236440382959123,0.0,-8.32,-50.9,-9.280130386352539,-65.39405059814453
49.7478,6.6581,259.26562,1990.0,0.6994583270516471,0.0001666993193794,-5.74,-47.6,-9.583223342895508,-67.9327163696289
51.3,3.75,9.4589844,2004.0,0.6220467484408675,0.0,-8.9,-57.41,-7.455811500549316,-50.113853454589844
51.35,12.43,125.46484,1996.0,0.6994583270516471,0.0,-10.95,-76.2,-10.01292610168457,-71.5318374633789
18.0,19.17,315.92188,1968.0,-0.6932812268869771,2.5960607672459446e-06,0.46,0.8,-0.35025644302368164,15.804710388183594
52.4672,13.4019,47.5625,2009.0,0.741222010848596,7.597004696435761e-06,-5.07,-31.75,-7.071188926696777,-46.89231872558594
4.05,114.81,27.053711,2007.0,-0.11165900712169444,0.0001949626166606,-7.1,-40.16,-7.25506067276001,-50.719215393066406
46.60305556,13.67138889,2148.125,1998.0,0.741222010848596,0.0,-9.33,-62.5,-8.419146537780762,-59.378761291503906
-0.166666667,-78.48333333,2781.625,1998.0,6.432490598706546e-16,0.0,-14.94,-111.72,-8.048637390136719,-62.041236877441406
45.8,28.2,40.330078,2007.0,-0.9741004551724206,0.0,-6.49,-46.13,-8.957853317260742,-62.69470977783203
46.57248471,8.332719621,1924.0,2003.0,0.9510565162951535,4.205900040687993e-05,-14.86,-107.3,-12.611604690551758,-93.2979507446289
51.35,12.43,125.46484,1995.0,-0.680773409477016,0.0,-7.65,-49.4,-6.809078216552734,-44.64011001586914
49.0975,19.59,572.9375,1993.0,-0.7236440382959123,4.878847175859846e-05,-13.97,-101.1,-11.91077995300293,-87.4279556274414
-34.05,115.0249,77.78125,2010.0,0.9966589017541702,0.0,-2.11,-7.9,-4.219961643218994,-20.409889221191406
21.36774444,40.26815278,1971.625,2008.0,0.24702218048093552,0.0,-1.24,-2.27,-1.8932862281799316,1.3642807006835938
38.00194982,-1.170837424,61.660156,2018.0,-0.7236440382959123,0.0,-5.24,-29.8,-5.775122165679932,-34.963844299316406
-35.15833333,147.4572222,211.74219,2014.0,-0.2884824328806098,1.482702100474853e-05,-0.19,7.8,-3.705618381500244,-15.596412658691406
45.32,-75.67,112.08594,1981.0,-0.7236440382959123,0.0,-11.9,-82.5,-13.015729904174805,-96.6828384399414
71.3,-156.78,0.0,1965.0,-0.9741004551724206,6.409005891327979e-06,-14.1,-108.3,-15.440481185913086,-116.9921646118164
38.66038889,-27.22009444,77.109375,1999.0,0.9070138128026359,6.788282189518213e-05,-2.875,-9.05,-3.792959690093994,-16.413795471191406
37.77,-25.65,137.14062,2011.0,0.9760105506323683,6.723017577314749e-06,-2.93,-14.9,-3.331991672515869,-12.099830627441406
8.92,-79.6,11.163086,1976.0,-0.7116566222817751,5.2859435527352616e-05,0.33,10.5,-5.035147190093994,-28.038795471191406
46.49143367,9.898180888,1767.6875,2007.0,0.6994583270516471,3.4059899917338043e-05,-21.09,-163.2487103,-15.072164535522461,-113.9072036743164
48.24861111,16.35638889,200.63281,1978.0,0.9510565162951535,0.0,-12.43,-90.7,-10.672826766967773,-77.0590591430664
71.3,-156.78,0.0,1966.0,0.6994583270516471,0.0,-25.7,-194.6,-20.330907821655273,-157.95358276367188
45.32,-75.67,112.08594,1977.0,0.2386727660059501,2.8486580049502663e-05,-19.75,-139.8,-15.987234115600586,-120.2389907836914
-65.07944444,-63.9775,286.6875,2001.0,-0.2135209154397959,1.993720178250913e-07,-9.71,-69.7,-9.641244888305664,-85.7421646118164
-9.55,16.37,1154.5,1983.0,0.9510565162951535,0.0,-2.74,-5.3,-5.311728000640869,-30.627174377441406
-53.0,-70.833333,32.589844,1999.0,-0.680773409477016,0.0,-11.38,-88.8,-8.920209884643555,-74.4760513305664
-0.37,-78.55,3064.0,2018.0,0.741222010848596,0.0002603502944111,-19.05,-140.5,-11.430631637573242,-110.2924575805664
-22.71,-46.46583333,1095.0625,1998.0,0.6486295610349814,5.951786079094745e-05,-5.43,-28.16,-4.942953586578369,-27.176002502441406
-29.89805556,-71.2425,14.506836,2016.0,-0.23030567023061196,0.0,-4.3,-24.2,-5.809694766998291,-35.287391662597656
42.033333,43.483333,1077.1875,2018.0,0.6994583270516471,0.0,-9.27,-70.7,-12.611604690551758,-93.2979507446289
52.4672,13.4019,47.5625,1983.0,-0.2135209154397959,0.0,-8.21,-60.2,-6.549973011016846,-42.21527862548828
9.49,138.09,7.6940918,1975.0,0.29671281927349075,0.0001333113759756,-3.98,-26.6,-5.682928562164307,-34.101051330566406
60.72,-135.07,695.0,1964.0,-0.970063921851507,0.0,-25.0,-182.9,-20.63783836364746,-160.52438354492188
46.17378583,8.788556051,407.5,2005.0,-0.9741004551724206,0.0,-9.53,-67.7,-8.406048774719238,-59.68915557861328
25.7325,-80.16323611,3.5220947,2001.0,0.06021327736579302,7.618137897225097e-05,-0.45,4.8,-2.468283176422119,-4.016822814941406
34.33664722,45.37399722,185.57031,2023.0,-0.8498170915275277,0.0,-4.49,-21.78,-3.589163303375244,-14.506568908691406
33.65694444,73.26611111,580.9375,2021.0,0.2386727660059501,0.0,-7.53,-43.8,-4.908987522125244,-26.858131408691406
32.2361,-110.9439,753.21875,2011.0,0.6994583270516471,0.0,-9.492997812,-59.91636729,-6.866888523101807,-45.181129455566406
25.62,88.66,39.710938,2016.0,0.2386727660059501,0.0,1.11,25.6,-2.7084717750549316,-6.264625549316406
4.7,-74.13,2551.125,2010.0,-0.2884824328806098,0.0,-19.30384591,-142.4698644,-7.706265449523926,-57.156593322753906
46.095,14.597,283.89062,2007.0,-0.2884824328806098,0.0,-13.41,-98.6,-12.672990798950195,-93.8121109008789
1.99,-157.47,0.0,2012.0,0.5737722679043246,0.00013015550212,-1.18,-0.33,-3.860891819000244,-17.049537658691406
47.37233597,8.083138245,397.48438,1997.0,-0.2884824328806098,0.0,-12.99,-92.3,-12.04122543334961,-88.52054595947266
-15.6,-56.1,177.79688,1990.0,0.8880573226294932,0.0,-8.63,-55.7,-5.507032871246338,-32.454933166503906
47.47051111,21.49041944,105.30859,2005.0,-0.9886775902323404,0.0,-6.49,-46.56,-7.452877044677734,-52.39345932006836
-26.61361111,118.5372222,517.78125,2014.0,-0.9587178169872964,0.0,0.68,18.4,-2.6745057106018066,-5.946754455566406
48.8281,9.2,313.79688,1975.0,0.9760105506323683,0.0,-10.37,-72.4,-10.230335235595703,-73.35282135009766
34.72,113.65,108.5625,1986.0,0.741222010848596,0.0,-2.46,-9.7,-5.235304355621338,-29.911964416503906
41.64083945,-4.754446679,735.625,2014.0,0.2386727660059501,4.8305868403986096e-05,-8.57,-59.0,-9.441268920898438,-66.74372100830078
-75.58333333,-20.56666667,105.53516,1975.0,0.741222010848596,7.700082783736029e-07,-17.24,-133.4,-16.60818862915039,-133.86288452148438
39.95,32.88,920.125,2009.0,0.29671281927349075,0.0,-2.76,-17.48,-5.55312967300415,-32.886329650878906
47.07777778,15.44888889,370.03125,1996.0,0.9721181966290613,0.0,-11.64,-83.5,-10.289163589477539,-73.8455581665039
38.05011111,23.866675,444.85938,2011.0,-0.7236440382959123,0.0001892810396384,-5.697137822,-27.96154124,-5.7538933753967285,-34.765174865722656
46.64833333,14.31833333,448.71875,1995.0,-0.2135209154397959,0.0,-4.34,-28.5,-6.787280559539795,-44.436119079589844
-53.0,-70.833333,32.589844,1995.0,-0.9741004551724206,0.0,-10.35,-78.7,-8.77147102355957,-72.3539810180664
32.36666667,35.75,818.96875,1990.0,0.6994583270516471,0.00019500014605,-6.41,-29.6,-3.720175266265869,-15.732643127441406
48.24861111,16.35638889,200.63281,2014.0,-0.2884824328806098,0.0,-11.01,-79.8,-11.979839324951172,-88.00638580322266
-5.8,-35.2,40.765625,1973.0,0.2386727660059501,2.4907734768930823e-05,-0.99,-2.1,-2.007315158843994,0.29714202880859375
48.36,-4.57,68.214844,1999.0,0.02581844022713308,0.0,-2.4,-16.4,-5.823038578033447,-35.412269592285156
76.76666667,-18.66666667,0.0,2015.0,-0.9587178169872964,2.467402373440564e-05,-15.69,-119.4,-15.798566818237305,-119.9914321899414
37.90111111,40.20361111,674.46875,2009.0,0.9760105506323683,0.0,-2.28,-2.38,-5.993475437164307,-37.007301330566406
36.98,35.3,22.958008,2006.0,0.2386727660059501,0.0,-6.87,-36.78,-5.554342746734619,-32.897682189941406
22.31666667,114.1666667,34.056641,1974.0,-0.9741004551724206,1.946084012161009e-06,-11.18,-81.1,-5.372381687164307,-31.194801330566406
40.41195035,-3.67806112,671.09375,2018.0,0.9760105506323683,0.0,-9.39,-65.1,-7.6393303871154785,-51.650978088378906
48.545,13.3528,478.40625,2007.0,-0.2884824328806098,0.0,-11.43,-84.3,-12.15632438659668,-89.4845962524414
38.93,100.43,1490.125,1995.0,-0.2884824328806098,0.0,-18.5,-131.5,-16.504507064819336,-125.9042739868164
-22.399288,-47.543743,626.78125,2015.0,-0.9741004551724206,1.5824620277271606e-05,-0.69,9.6,-2.308157444000244,-2.5182876586914062
40.41195035,-3.67806112,671.09375,2020.0,-0.970063921851507,8.583501767134294e-06,-4.51,-25.5,-7.042270660400391,-46.363121032714844
-46.88,37.87,0.0,1997.0,-0.680773409477016,4.566008283291012e-05,-6.22,-41.2,-4.878660678863525,-26.574317932128906
51.116535,17.029468,118.94141,2009.0,0.8311706263658079,9.363820026919711e-06,-9.00988112,-54.60653132,-9.22769546508789,-64.95487213134766
-1.43,-48.48,4.737793,1984.0,0.2386727660059501,3.785798980970867e-05,-1.0,7.0,-2.681784152984619,-6.014869689941406
37.9,23.73,18.334961,1972.0,-0.7116566222817751,0.0,-6.24,-36.1,-5.124914646148682,-28.878883361816406
22.31666667,114.1666667,34.056641,1987.0,0.9510565162951535,3.5065647807641653e-06,-4.37,-31.4,-3.8390564918518066,-16.845191955566406
-15.6,-56.1,177.79688,1989.0,0.04302223300453059,0.0,-1.64,-0.1,-4.676077365875244,-24.678443908691406
-33.97,18.6,41.798828,1967.0,-0.9741004551724206,7.371859737759223e-06,-2.53,0.1,-3.137899875640869,-10.283424377441406
44.42,8.85,5.4519043,1973.0,-0.9741004551724206,0.0,-5.15,-28.9,-5.488836765289307,-32.284645080566406
-12.43,130.87,16.515625,2013.0,0.6994583270516471,8.518423419445753e-05,-5.6,-30.3,-5.049704074859619,-28.175025939941406
47.81666667,13.71777778,1616.0625,2001.0,-0.35367612217637207,0.0,-11.3,-81.4,-12.166555404663086,-89.5702896118164
68.75944444,161.3425,38.8125,2006.0,0.6994583270516471,0.0,-30.24,-231.54,-26.909452438354492,-213.05441284179688
-0.743055556,-90.30222222,1.7120972,2014.0,-0.9634705485641486,1.6233630049100611e-06,-0.51696373,2.977845538,-1.6409668922424316,3.7256088256835938
43.54983333,13.60116667,546.1875,2019.0,-0.2135209154397959,3.3273168810410425e-05,-3.76,-18.9,-4.9805588722229,-27.527931213378906
10.00036389,-84.10913333,1157.3125,2015.0,-0.970063921851507,0.000125638427562,-12.96298303,-96.60770089,-8.461694717407227,-68.9652328491211
-46.88,37.87,0.0,1971.0,0.2386727660059501,4.458936928131152e-06,-5.27,-45.0,-5.143176555633545,-29.419288635253906
54.5283,11.0603,1.9006348,2013.0,0.2386727660059501,0.0,-9.35,-65.4,-9.966886520385742,-71.1462173461914
46.095,14.597,283.89062,1983.0,-0.9587178169872964,1.4244076737668364e-05,-7.69,-52.7,-7.628209590911865,-51.91032791137695
-46.88,37.87,0.0,1997.0,-0.9587178169872964,0.0001066326076397,-2.51,-17.7,-4.879873752593994,-26.585670471191406
47.59583333,7.594444444,248.26562,2013.0,-0.9741004551724206,0.0,-7.67,-61.63,-8.161297798156738,-58.073280334472656
52.88333333,-1.083333333,60.794922,1989.0,-0.9587178169872964,0.0,-4.7,-41.0,-6.3555779457092285,-40.396034240722656
25.01666667,102.6833333,1907.8125,2001.0,-0.2135209154397959,0.000267885508947,-13.64,-77.6,-9.302940368652344,-79.9365005493164
47.6772,9.19,442.90625,1993.0,0.741222010848596,0.0,-6.54,-48.9,-8.428398132324219,-58.26007843017578
-34.90416667,-56.16666667,34.734375,2013.0,-0.680773409477016,0.0,-0.44,9.43,-3.4848389625549316,-13.530250549316406
49.7478,6.6581,259.26562,2011.0,0.6994583270516471,0.0001995872153202,-7.33,-55.17,-9.204675674438477,-64.7620620727539
46.60305556,13.67138889,2148.125,1984.0,-0.6932812268869771,0.0,-9.13,-61.9,-6.842456340789795,-44.952484130859375
48.24861111,16.35638889,200.63281,1967.0,0.9760105506323683,8.23888876766432e-06,-7.26,-45.9,-10.468206405639648,-75.3451919555664
58.1,6.57,0.0,1963.0,0.2386727660059501,7.602206460433081e-05,-6.9,-48.3,-7.701355934143066,-52.170494079589844
49.0422,12.1019,370.21875,2007.0,0.6994583270516471,0.0,-10.32,-82.5,-12.069360733032227,-88.7562026977539
43.587,13.51533333,153.78906,2022.0,0.6994583270516471,0.0,-7.8,-44.9,-6.6832594871521,-43.46263885498047
31.62,25.95,0.0,1994.0,0.2386727660059501,2.8213414680067217e-06,-2.64,-11.3,-3.8730225563049316,-17.163063049316406
52.141,-106.6244,507.71875,1990.0,-0.680773409477016,0.0,-10.0,-84.8,-13.020845413208008,-96.7256851196289
34.01937778,-6.838286111,18.375977,2003.0,0.9796136916454901,0.0,-3.3,-19.12,-4.013739109039307,-18.479957580566406
56.9,35.9,136.57812,1983.0,-0.2135209154397959,0.0,-9.7,-70.0,-7.867609977722168,-53.563011169433594
39.95,32.88,920.125,1972.0,0.2802306751992159,0.0,-5.16,-34.7,-6.214254856109619,-39.073463439941406
49.19472222,-123.0172222,1.3475342,2018.0,0.2386727660059501,3.4233962651342154e-05,-11.11,-78.0,-11.793123245239258,-86.4424819946289
47.6772,9.19,442.90625,2011.0,0.6994583270516471,7.192052726168185e-05,-14.3,-111.5,-12.81110954284668,-94.9689712524414
48.36,-4.57,68.214844,2002.0,-0.9741004551724206,6.182482138683554e-06,-6.86,-46.6,-5.792105197906494,-35.122779846191406
-22.71,-46.46583333,1095.0625,1996.0,-0.4635502709028512,0.0001487923145759,-7.3,-48.0,-3.7517151832580566,-16.027809143066406
43.49111613,-3.800555816,50.095703,2008.0,0.2386727660059501,0.0,-5.36,-27.27,-6.2988667488098145,-39.86530303955078
46.64833333,14.31833333,448.71875,1997.0,-0.680773409477016,0.0,-5.7,-35.5,-6.533596515655518,-42.06201934814453
32.37,-64.68,1.0638428,1964.0,0.9562348265919056,2.039670835074503e-05,-2.2,-13.0,-3.6789307594299316,-15.346656799316406
-37.82,144.97,6.1674805,1984.0,-0.6932812268869771,0.0,-6.1,-37.4,-4.392218112945557,-22.021949768066406
11.25,75.78,7.1804199,2001.0,-0.7236440382959123,8.020958193810657e-05,-0.47,9.8,-6.866888523101807,-45.181129455566406
37.1644591,-5.611393166,86.394531,2014.0,-0.9741004551724206,0.0,-5.97,-33.7,-5.041212558746338,-28.095558166503906
4.05,114.81,27.053711,2010.0,0.989932495087353,0.0,-5.64,-33.01,-6.81154203414917,-44.663169860839844
4.93,-52.32,5.0107422,2022.0,0.9510565162951535,9.69197935773991e-05,-2.9,-10.3,-3.729879856109619,-15.823463439941406
-7.315277778,72.42805556,2.3126221,1965.0,0.6994583270516471,0.0001299698924412,-6.2,-37.9,-4.312155246734619,-21.272682189941406
31.62,25.95,0.0,1983.0,-0.9741004551724206,1.257310259461519e-06,-4.75,-21.1,-3.094229221343994,-9.874732971191406
47.59583333,7.594444444,248.26562,1993.0,0.741222010848596,0.0,-7.09,-51.0,-6.866888523101807,-45.181129455566406
51.6,-1.1,55.042969,2009.0,-0.2884824328806098,0.0,-9.04,-59.9,-7.923241138458252,-54.028968811035156
-17.83,31.02,1473.25,2003.0,0.6994583270516471,0.0004706449981313,-4.17,-18.4,-5.725386142730713,-34.498390197753906
-27.45,-58.95,51.755859,2002.0,-0.2135209154397959,0.0,-5.8,-36.0,-5.998934268951416,-37.058387756347656
53.32,-60.42,46.541016,2001.0,0.9760105506323683,0.0,-14.12,-102.1,-14.545267105102539,-109.4939956665039
47.25,39.82,80.558594,1990.0,0.2386727660059501,0.0,-12.6,-92.0,-14.279260635375977,-107.2659683227539
55.67,12.3,26.070312,1966.0,0.6994583270516471,0.0,-10.08,-76.2,-11.097414016723633,-80.6153335571289
43.83758,10.35235,-1.0,2010.0,0.9510565162951535,4.5105171011528e-06,-5.72,-40.29,-5.935247898101807,-36.462379455566406
22.31666667,114.1666667,34.056641,2017.0,0.2386727660059501,0.0,-1.08,6.1,-3.259207248687744,-11.418678283691406
50.06166667,19.84861111,356.8125,1988.0,0.2802306751992159,0.0,-7.58,-53.4,-9.519279479980469,-67.39713287353516
-2.53,140.72,68.566406,1973.0,-0.9587178169872964,0.0,-2.99,-17.1,-5.178289890289307,-29.378395080566406
47.81666667,13.71777778,1616.0625,2019.0,-0.17976658572556214,8.263728523161262e-05,-10.456,-68.41,-7.639969825744629,-51.656333923339844
-16.49888889,-68.12305556,3582.75,1995.0,-0.9741004551724206,0.0,-6.41,-39.9,-6.866888523101807,-45.181129455566406
-41.47,-72.93,43.574219,2017.0,-0.9741004551724206,0.0,-4.62,-34.6,-6.356184482574463,-40.401710510253906
41.38,2.12,59.777344,1987.0,0.2386727660059501,0.0,-8.1,-50.6,-5.757532596588135,-34.799232482910156
49.7478,6.6581,259.26562,2000.0,0.7295575540864875,0.0,-5.36,-38.45,-7.023391246795654,-46.49197006225586
50.92,5.78,111.17188,1982.0,0.6994583270516471,1.5612225979566574e-05,-7.85,-51.1,-9.186771392822266,-64.61209869384766
50.92,5.78,111.17188,1990.0,-0.9741004551724206,0.0,-12.67,-91.2,-7.381683826446533,-51.128387451171875
4.7,-74.13,2551.125,1975.0,-0.680773409477016,2.308745388290845e-05,-8.19,-56.3,-7.440432071685791,-54.10786437988281
32.81333333,130.7291667,25.359375,2022.0,-0.680773409477016,0.0004240680718794,-7.44,-47.9,-7.760228633880615,-57.926490783691406
10.00036389,-84.10913333,1157.3125,2015.0,0.4711595076738638,0.0003047303471248,-9.18970025,-66.942216,-8.751518249511719,-72.0693130493164
32.2361,-110.9439,753.21875,2010.0,0.9760105506323683,0.0,-9.4,-68.0,-6.866888523101807,-45.181129455566406
76.23333333,-119.2833333,6.2902832,1990.0,0.29671281927349075,0.0,-23.49,-186.3,-23.522985458374023,-184.68991088867188
21.03,105.84,12.522461,2019.0,0.741222010848596,0.0,-5.23,-28.5,-3.5479187965393066,-14.120582580566406
13.73,100.5,5.7392578,2009.0,0.741222010848596,0.000139565046993,-2.0,-2.7,-4.520803928375244,-23.225318908691406
47.8747,8.0036,1487.3125,1981.0,-0.2135209154397959,0.0,-6.57,-44.1,-8.436071395874023,-58.32434844970703
41.66056063,-1.004162565,244.98438,2010.0,-0.7236440382959123,0.0,-8.13,-54.14,-7.548530101776123,-50.89044952392578
11.18,124.66,1082.0625,1998.0,-0.9741004551724206,8.320224151248112e-05,-10.08,-65.6,-6.866888523101807,-45.181129455566406
49.7478,6.6581,259.26562,1997.0,0.6994583270516471,0.0,-7.28,-51.2,-9.47707748413086,-67.04364776611328
23.05,-82.21666667,123.02734,2003.0,-0.7236440382959123,1.8671673842618477e-06,-2.53,-11.73,-2.8977112770080566,-8.035621643066406
42.58834633,-5.651107617,911.78125,2014.0,0.9510565162951535,0.0,-6.95,-43.3,-9.212348937988281,-64.82633209228516
51.18,8.4889,841.375,2012.0,-0.970063921851507,1.4180256584950255e-05,-10.21,-68.4,-8.41305160522461,-58.13153839111328
48.545,13.3528,478.40625,2002.0,0.6994583270516471,0.0,-9.96,-70.3,-12.657644271850586,-93.6835708618164
-2.53,140.72,68.566406,1988.0,0.2802306751992159,6.389054760802537e-05,-3.39,-22.7,-5.911592960357666,-36.241004943847656
-40.68,144.69,82.167969,1986.0,-0.9741004551724206,9.212547411152627e-06,-3.54,-17.7,-3.8584656715393066,-17.026832580566406
46.25,48.03,-22.556641,1981.0,-0.680773409477016,0.0,-5.1,-53.0,-7.018275737762451,-46.44912338256836
45.68,126.62,168.53906,1987.0,-0.2135209154397959,0.0,-8.92,-62.9,-9.739246368408203,-69.23954010009766
-34.05,115.0249,77.78125,2010.0,0.9679377830240642,0.0,-3.45,-9.9,-4.217535495758057,-20.387184143066406
53.23,6.55,7.7121582,1988.0,0.6994583270516471,1.2108052032999694e-05,-9.68,-65.7,-8.165940284729004,-58.61040496826172
51.83,6.25,9.5,2012.0,0.9562348265919056,0.0001210252885357,-6.35,-45.02,-7.394850730895996,-50.860206604003906
47.42692898,9.400776879,758.46875,2020.0,-0.6932812268869771,0.0,-9.59,-64.68,-6.473852634429932,-41.502906799316406
46.95222563,7.439320571,542.53125,2003.0,0.9760105506323683,1.0407726222183555e-05,-9.39,-64.95,-11.373651504516602,-82.9290542602539
6.9506,79.8795,3.7172852,2010.0,-0.7236440382959123,0.0001128033545683,-8.809656913,-57.0332247,-6.866888523101807,-45.181129455566406
47.42692898,9.400776879,758.46875,2015.0,-0.7236440382959123,2.336050420126412e-05,-14.44,-108.3,-12.591142654418945,-93.1265640258789
9.0,38.73,2329.125,1992.0,0.9721181966290613,0.0001641111011849,1.4,24.0,-0.10764169692993164,18.075218200683594
10.00036389,-84.10913333,1157.3125,2017.0,-0.35367612217637207,0.0002012189070228,-2.692566805,-4.217586475,-5.923096656799316,-37.914588928222656
60.72,-135.07,695.0,1963.0,0.9760105506323683,0.0,-24.8,-201.0,-22.8272762298584,-178.86276245117188
-6.88,39.2,52.724609,1965.0,-0.2884824328806098,8.843829709803686e-05,-1.9,-5.0,-2.8540406227111816,-7.626930236816406
6.2,100.4,3.8469238,2002.0,0.29671281927349075,0.0001743111206451,-5.14,-21.27,-5.5046067237854,-32.432228088378906
39.03,141.81,81.234375,1983.0,0.6994583270516471,1.3751581718679518e-05,-13.67,-96.8,-6.977989196777344,-46.766212463378906
46.57248471,8.332719621,1924.0,2011.0,0.9760105506323683,2.360556936764624e-05,-8.44,-56.54,-12.417215347290039,-91.6697769165039
14.64,121.04,42.933594,2008.0,0.2802306751992159,0.0001110183220589,-8.01,-56.86,-6.438370227813721,-41.17084503173828
-1.54475,29.26068,2535.625,2015.0,-0.9587178169872964,1.1096122761955485e-05,-1.483,5.66,-1.7622742652893066,2.5903549194335938
32.18333333,35.88333333,664.3125,1991.0,0.2386727660059501,0.0,-3.8,-15.9,-5.039999485015869,-28.084205627441406
50.4972,9.9428,920.40625,2000.0,0.6994583270516471,0.0,-10.0,-68.7,-10.360780715942383,-74.4454116821289
1.6,103.6666667,43.185547,2016.0,-0.7116566222817751,0.0001191538685816,-10.59,-77.0,-6.767612457275391,-48.430091857910156
28.276976,84.30961,2101.5,2016.0,-0.9307239310379793,0.0,-12.84293973,-101.2971184,-7.699463367462158,-57.059547424316406
50.06166667,19.84861111,356.8125,2004.0,-0.23030567023061196,0.0,-6.82,-45.9,-7.391228199005127,-49.572914123535156
-53.0,-70.833333,32.589844,1991.0,0.2386727660059501,0.0002250476682092,-8.2,-61.0,-8.503015518188477,-68.5239028930664
68.3,-133.4833333,38.167969,1989.0,0.2386727660059501,2.7829464670503512e-05,-35.3,-273.0,-25.927274703979492,-204.82785034179688
-1.43,-48.48,4.737793,1978.0,0.6994583270516471,0.0001395126600982,-2.66,-7.7,-3.923971652984619,-17.639869689941406
45.03527778,24.28416667,223.875,2014.0,0.9760105506323683,0.0,-7.48,-52.6,-9.237926483154297,-65.04056549072266
6.417169444,2.329255556,12.735352,2012.0,-0.23030567023061196,0.0,-0.42,4.5,-1.9806275367736816,0.5468978881835938
32.63333333,-16.9,0.0,1995.0,-0.9741004551724206,6.654188837273978e-06,-3.27,-18.4,-3.5673279762268066,-14.302223205566406
-5.22,145.8,2.7424316,1975.0,0.9510565162951535,0.000654382049106,-12.09,-85.0,-6.162092685699463,-38.585304260253906
35.68,51.32,1161.1875,1968.0,0.7295575540864875,0.0,-1.81,-8.3,-3.036001682281494,-9.329811096191406
53.23,6.55,7.7121582,1988.0,-0.6932812268869771,7.030292181298137e-05,-7.54,-49.3,-7.12646484375,-47.227081298828125
54.5275,9.5486,43.292969,1997.0,-0.9741004551724206,0.0,-7.81,-58.7,-7.823631763458252,-54.688568115234375
-16.85,-68.91666667,3831.25,2001.0,-0.7236440382959123,0.0,-8.52,-47.5,-6.866888523101807,-45.181129455566406
47.8008,11.0108,974.96875,1983.0,0.741222010848596,0.0,-10.74,-80.3,-9.828767776489258,-69.9893569946289
39.46666667,-6.333333333,410.0,2001.0,0.2386727660059501,0.0001081049413187,-7.58,-52.3,-6.265203952789307,-39.550270080566406
48.15,15.15,264.90625,1969.0,0.29671281927349075,0.0,-8.68,-64.7,-8.2340087890625,-56.63190460205078
12.97166667,77.59416667,915.34375,2004.0,-0.9634705485641486,0.0,-4.8,-22.6,-2.904989719390869,-8.103736877441406
41.733333,43.516667,0.0,2015.0,-0.680773409477016,0.0,-2.63,-14.6,-5.420904636383057,-31.648902893066406
52.1042,8.7519,134.42188,1988.0,0.9721181966290613,1.2349332791927736e-05,-9.61,-73.1,-8.496177673339844,-58.827796936035156
58.65,49.61666667,162.28906,1982.0,0.6994583270516471,3.374309380888008e-05,-20.0,-150.0,-19.594274520874023,-151.78366088867188
49.38,-82.12,243.30469,2005.0,-0.2884824328806098,0.0,-25.57,-191.6,-14.789472579956055,-143.08468627929688
53.97,-101.1,265.25,1976.0,0.2802306751992159,0.0,-10.8,-84.0,-13.690977096557617,-102.3386001586914
22.31666667,114.1666667,34.056641,1992.0,-0.7116566222817751,0.0,-0.21,8.9,-5.280188083648682,-30.332008361816406
41.02444444,40.52,10.936523,2012.0,-0.9634705485641486,1.6459014204883715e-06,-5.12,-26.2,-5.689600467681885,-34.163490295410156
58.1,6.57,0.0,1977.0,0.6994583270516471,8.743775651964825e-06,-8.33,-56.7,-8.817176818847656,-61.51642608642578
-22.94916667,-46.54916667,855.53125,1997.0,-0.9995462806873573,1.1681606792990351e-06,-4.12,-14.82,-2.759420871734619,-6.741432189941406
51.56666667,46.03333333,151.39844,1981.0,-0.680773409477016,0.0,-6.2,-46.0,-8.74044418334961,-60.87372589111328
40.7930564,-4.010553289,1892.5,2019.0,-0.2884824328806098,0.0,-10.85,-74.9,-10.317298889160156,-74.08121490478516
12.37861111,-1.503111111,292.625,2017.0,-0.2135209154397959,0.0,-4.54,-28.8,-4.605719089508057,-24.019996643066406
-75.58333333,-20.56666667,105.53516,2007.0,0.29671281927349075,0.0,-23.4,-185.7,-20.57213592529297,-166.33761596679688
28.276976,84.30961,2101.5,2017.0,-0.8359254794186365,0.0,-17.38449272,-124.6329526,-9.048995971679688,-76.3134536743164
28.46344137,-16.2553441,36.554688,2005.0,0.2386727660059501,0.0,1.2,13.11,-3.264059543609619,-11.464088439941406
30.87,34.79,468.625,1977.0,-0.38566340624360745,0.0,-1.03,8.3,-3.8827271461486816,-17.253883361816406
45.32,-75.67,112.08594,1996.0,0.7295575540864875,0.0,-10.6,-75.8,-9.818536758422852,-69.9036636352539
52.1,5.18,1.7967529,2002.0,0.6551563572090853,3.5169796319678426e-05,-4.199,-29.79,-7.849066257476807,-53.407691955566406
51.83,6.25,9.5,2010.0,0.9760105506323683,0.0,-8.23,-59.13,-7.273350238800049,-49.09284210205078
52.1,5.18,1.7967529,1985.0,-0.2135209154397959,1.392944159306353e-05,-5.46,-35.3,-6.395609378814697,-40.770668029785156
-27.17,-109.43,140.28906,2012.0,-0.23030567023061196,1.4466266293311492e-05,-5.29,-23.0,-3.1015076637268066,-9.942848205566406
-31.75,-60.73,12.836426,2002.0,0.6994583270516471,0.0,-4.7,-27.0,-6.122061252593994,-38.210670471191406
76.76666667,-18.66666667,0.0,2003.0,0.8880573226294932,0.0,-18.7,-142.8,-21.057310104370117,-164.03781127929688
46.60305556,13.67138889,2148.125,2018.0,0.7694148268839378,0.0,-16.301,-122.33,-8.482744216918945,-60.80974578857422
33.96666667,-4.983333333,500.04688,2015.0,0.741222010848596,0.0,-8.73,-57.9,-3.691061496734619,-15.460182189941406
46.57248471,8.332719621,1924.0,2004.0,0.9721181966290613,8.449103916063905e-05,-16.82,-124.98,-12.64741325378418,-93.5978775024414
62.89179444,27.62542222,94.585938,2009.0,-0.2884824328806098,2.155034417228308e-05,-23.56,-172.9,-15.83949089050293,-120.3342056274414
53.32,-60.42,46.541016,1961.0,0.29671281927349075,2.7304360628477294e-05,-12.4,-84.9,-11.230417251586914,-81.7293472290039
38.72,-27.33,632.4375,1998.0,0.29671281927349075,9.38957600737922e-05,-3.24,-14.5,-4.651815891265869,-24.451393127441406
47.833185,1.940433,113.78516,2002.0,0.6994583270516471,1.3741188922722358e-05,-7.8,-51.6,-8.44044303894043,-59.901100158691406
41.13333333,-8.6,59.621094,1991.0,0.6994583270516471,1.506356602476444e-05,-5.08,-30.5,-5.570112705230713,-33.045265197753906
15.61666667,-16.21666667,32.458984,2013.0,-0.9587178169872964,0.0,-3.931870824,-29.80483296,-3.846334934234619,-16.913307189941406
35.13,-111.67,2151.0,1963.0,0.2386727660059501,0.0,-7.1,-65.1,-8.025962829589844,-61.717750549316406
13.73,100.5,5.7392578,1976.0,0.6994583270516471,0.0,-1.54,2.1,-3.841482639312744,-16.867897033691406
38.56666667,-7.9,267.98438,2014.0,0.29671281927349075,0.0,-3.1,-17.0,-4.350973606109619,-21.635963439941406
-26.41388889,146.2558333,302.09375,2011.0,-0.9587178169872964,0.0,-1.04,11.3,-1.6458191871643066,3.6801986694335938
48.8281,9.2,313.79688,2003.0,0.9510565162951535,2.1400508558144796e-05,-8.25,-63.25,-9.399065017700195,-66.3902359008789
64.13,-21.93,12.141602,2014.0,0.741222010848596,0.0,-6.91,-51.0,-6.866888523101807,-45.181129455566406
12.37861111,-1.503111111,292.625,2018.0,-0.2135209154397959,0.0001013262590277,-4.4,-25.4,-4.462576389312744,-22.680397033691406
28.2,113.0666667,44.691406,1991.0,0.2386727660059501,0.0,-4.92,-23.7,-3.482412815093994,-13.507545471191406
40.65,-4.7,1071.375,2003.0,-0.9741004551724206,0.0,-9.43,-61.82,-8.126583099365234,-55.73212432861328
48.36,-4.57,68.214844,1999.0,0.8800122039735357,0.0,-3.5,-24.7,-6.324038028717041,-40.100868225097656
45.32,-75.67,112.08594,1987.0,0.9760105506323683,0.0,-10.66,-73.4,-10.918371200561523,-79.1156997680664
38.66038889,-27.22009444,77.109375,1989.0,0.29671281927349075,8.65979673108086e-05,-3.69,-26.0,-4.42739725112915,-22.351173400878906
28.58,77.2,222.79688,1978.0,0.6994583270516471,0.0,-4.67,-25.6,-0.41818857192993164,15.168968200683594
51.77,-104.2,553.34375,1977.0,0.741222010848596,0.0,-7.4,-39.0,-14.504343032836914,-109.1512222290039
-40.35,-9.88,37.345703,2012.0,-0.970063921851507,2.04420412046602e-05,-2.70477932,-18.16446358,-4.326712131500244,-21.408912658691406
3.783333333,103.3333333,8.0805664,2015.0,-0.9741004551724206,0.0,-1.68,0.1,-6.340734958648682,-42.589881896972656
21.03,105.84,12.522461,2016.0,0.2386727660059501,0.0,-6.05,-29.1,-3.1597352027893066,-10.487770080566406
-18.9,47.53,1259.9375,1964.0,-0.27195815753410524,1.0229530744254587e-05,-5.2,-25.5,-4.256353855133057,-20.750465393066406
33.96666667,-4.983333333,500.04688,2021.0,0.2386727660059501,0.0,-5.96,-35.7,-5.141897678375244,-29.037818908691406
50.3381,7.6,86.441406,2000.0,-0.970063921851507,0.0,-7.71,-58.25,-7.722764492034912,-53.446083068847656
53.32,-60.42,46.541016,1962.0,0.2386727660059501,0.0,-27.9,-208.7,-21.06942367553711,-163.578125
19.2,-96.13,0.0,1968.0,0.7295575540864875,0.0,-3.6,-11.7,-2.322714328765869,-2.6545181274414062
-3.12,-60.02,49.394531,1986.0,-0.9587178169872964,0.0,-2.1,-10.0,-2.3736634254455566,-3.1313247680664062
28.2,113.0666667,44.691406,1990.0,0.9760105506323683,0.0,-3.17,-9.1,-3.5479187965393066,-14.120582580566406
-46.88,37.87,0.0,1995.0,0.2386727660059501,3.5637826840684284e-06,-3.78,-19.8,-5.519163608551025,-32.568458557128906
9.0,38.73,2329.125,2000.0,0.9562348265919056,0.0,0.81,19.15,0.19805288314819336,20.936058044433594
33.86666667,35.56666667,226.0625,2001.0,-0.41719360261231697,9.71231929725036e-06,-11.1,-72.8,-3.526083469390869,-13.916236877441406
52.2914,10.4464,80.6875,1983.0,0.9760105506323683,1.3069484339212067e-05,-9.54,-68.0,-9.079345703125,-63.712318420410156
41.64083945,-4.754446679,735.625,2003.0,0.6994583270516471,0.0,-9.1,-62.46,-8.611276626586914,-59.791847229003906
46.98141401,6.607999655,1046.0625,2002.0,0.9760105506323683,0.0,-6.96,-45.42155801,-11.775218963623047,-86.29251861572266
4.7,-74.13,2551.125,1982.0,0.2386727660059501,0.0,-9.28,-63.7,-1.0930237770080566,-24.292709350585938
41.75,44.766667,0.0,2008.0,0.2802306751992159,0.0,-3.52,-18.54,-6.2391228675842285,-39.306190490722656
47.4,28.49166667,94.726562,2019.0,0.29671281927349075,0.0,-3.38,-22.7,-6.866888523101807,-45.181129455566406
-36.8,-59.83,137.54688,1998.0,0.741222010848596,0.0,-5.8,-28.0,-5.692633152008057,-34.191871643066406
6.417169444,2.329255556,12.735352,2019.0,-0.7236440382959123,0.0,-2.05,-5.1,-2.9365296363830566,-8.398902893066406
41.9,12.5,59.011719,2002.0,0.29671281927349075,0.0,-4.01,-21.59,-4.551130771636963,-23.509132385253906
-31.48388889,145.8294444,259.60938,2012.0,-0.970063921851507,0.0,1.65,17.4,-2.148031711578369,-1.0197525024414062
-26.41388889,146.2558333,302.09375,2007.0,-0.9587178169872964,0.0,-3.79,-19.5,-1.9587922096252441,0.7512435913085938
52.1042,8.7519,134.42188,1997.0,0.29671281927349075,0.0,-6.84,-48.1,-6.866888523101807,-45.181129455566406
1.53,110.34,7.5837402,2018.0,-0.9741004551724206,3.865528196911328e-05,-5.76,-33.2,-6.360287666320801,-42.431190490722656
-34.05,115.0249,77.78125,2013.0,0.23030567023061221,2.021302179855411e-06,-4.75,-20.4,-3.647390842437744,-15.051490783691406
50.92,5.78,111.17188,2006.0,-0.9721181966290612,4.182358679827303e-05,-7.71,-50.44,-7.4786763191223145,-51.47186279296875
34.71666667,10.68333333,23.232422,2012.0,0.9562348265919056,0.0,-7.87,-30.5,-4.564474582672119,-23.634010314941406
46.60305556,13.67138889,2148.125,2018.0,0.6994583270516471,0.000267536350293,-20.8,-164.01,-11.205765724182129,-83.08036041259766
46.28916667,-63.11916667,35.291016,2020.0,-0.7116566222817751,7.630575055372901e-06,-8.67,-51.2,-8.919486999511719,-62.37335968017578
46.49143367,9.898180888,1767.6875,2010.0,0.9510565162951535,5.880491244170116e-06,-11.5,-84.61029206,-13.598897933959961,-101.5673599243164
5.93,116.06,4.5031738,2021.0,-0.9741004551724206,4.510863436735235e-05,-12.3,-83.9,-6.539824962615967,-44.697914123535156
31.2025,29.87666667,-7.1420898,2001.0,-0.8214765533024145,0.0,-4.51,-17.9,-1.0101685523986816,9.628929138183594
-75.58333333,-20.56666667,105.53516,2008.0,0.9721181966290613,1.9546276695968526e-08,-24.5,-187.29,-18.83504295349121,-151.49948120117188
-31.75,-60.73,12.836426,2001.0,-0.9741004551724206,3.037215356016532e-05,-4.9,-33.0,-3.438742160797119,-13.098854064941406
53.23,6.55,7.7121582,2008.0,0.2386727660059501,5.764888555859216e-06,-6.26,-44.37,-8.753232955932617,-60.98084259033203
49.36,19.68,650.46875,1991.0,-0.7236440382959123,0.0,-12.18,-86.82,-11.782892227172852,-86.3567886352539
47.85166667,16.84305556,119.17969,1967.0,0.741222010848596,0.0001693494414212,-7.55,-48.1,-7.92068338394165,-54.007545471191406
46.95222563,7.439320571,542.53125,1991.0,-0.9741004551724206,0.0,-10.1,-66.9,-9.966886520385742,-71.1462173461914
47.07777778,15.44888889,370.03125,1994.0,-0.2884824328806098,0.0,-16.63,-118.4,-12.903188705444336,-95.7402114868164
47.81666667,13.71777778,1616.0625,2001.0,-0.2636654927280072,1.7259437299799174e-05,-8.96,-56.9,-13.491472244262695,-100.6675796508789
41.64083945,-4.754446679,735.625,2009.0,0.2386727660059501,0.0,-8.35,-57.6,-9.76738166809082,-69.4751968383789
48.24861111,16.35638889,200.63281,1975.0,-0.7236440382959123,0.0,-13.07,-95.7,-11.117876052856445,-80.7867202758789
39.95,32.88,920.125,1978.0,0.6994583270516471,0.0001189600880024,-11.58,-71.5,-10.199642181396484,-73.09574127197266
52.2914,10.4464,80.6875,1979.0,-0.9741004551724206,0.0,-6.24,-41.0,-7.721259117126465,-53.20410919189453
48.8281,9.2,313.79688,1993.0,-0.680773409477016,2.353660784137901e-05,-4.56,-36.1,-6.282490253448486,-39.71204376220703
47.12,9.49,459.84375,2013.0,-0.7236440382959123,0.0,-13.59,-102.52,-11.762430191040039,-86.1854019165039
14.43056111,-89.19388889,785.84375,2006.0,-0.2135209154397959,2.3616314138052985e-05,-8.9,-59.79,-5.273639678955078,-30.476760864257812
37.90111111,40.20361111,674.46875,2017.0,-0.2884824328806098,0.0002890556934289,-3.52,-10.6,-7.784482955932617,-52.86675262451172
52.141,-106.6244,507.71875,1995.0,0.6994583270516471,0.0,-18.5,-156.0,-23.277441024780273,-182.63327026367188
-34.05,115.0249,77.78125,2014.0,-0.4093559588156211,4.0759798139333725e-05,-3.23,-7.4,-3.2858948707580566,-11.668434143066406
53.7122,7.1519,8.8525391,1997.0,-0.9587178169872964,0.000216588989133,-6.5,-39.74,-6.584242343902588,-42.535987854003906
47.6772,9.19,442.90625,1996.0,-0.27195815753410524,0.0,-14.61,-109.6,-12.514410018920898,-92.4838638305664
18.23388889,-65.885,70.4375,2007.0,-0.9999166586547379,2.4340262825717215e-05,-2.95,-12.1,-3.433889865875244,-13.053443908691406
-15.83233889,-67.56611944,615.59375,1983.0,0.9510565162951535,0.0,-7.03,-47.4,-6.147535800933838,-38.449073791503906
47.833185,1.940433,113.78516,2000.0,0.2386727660059501,1.9140681615681387e-05,-6.5,-39.6,-8.087918281555176,-55.866111755371094
37.10277778,15.29777778,0.0,2000.0,0.7295575540864875,4.740414624393452e-06,-1.2,1.0,-4.171438694000244,-19.955787658691406
13.73,100.5,5.7392578,2020.0,0.2802306751992159,5.96371573919896e-05,-5.38,-39.5,-4.986624240875244,-27.584693908691406
30.61,34.8,859.8125,1977.0,-0.2884824328806098,0.0,-3.05,-5.7,-4.280615329742432,-20.977516174316406
43.91281944,4.888775,30.959961,2018.0,-0.9587178169872964,0.0,-1.76,-8.0,-4.885939121246338,-26.642433166503906
0.05,32.45,1135.4375,2020.0,0.9562348265919056,0.0,-0.91,8.1,-2.7133240699768066,-6.310035705566406
49.0422,12.1019,370.21875,1992.0,-0.7116566222817751,1.6217614756897092e-05,-9.18,-67.8,-11.189493179321289,-81.3865737915039
-34.05,115.0249,77.78125,2015.0,-0.7295575540864876,2.938485340564512e-05,-5.39,-27.8,-3.2131104469299316,-10.987281799316406
52.2914,10.4464,80.6875,2004.0,-0.7116566222817751,0.0001752179377945,-10.23,-72.55,-9.08574104309082,-63.76587677001953
39.28333333,-7.416666667,492.75,2000.0,0.2802306751992159,0.0,-5.85,-39.7,-4.401922702789307,-22.112770080566406
41.91172742,2.763346411,139.71094,2016.0,0.9562348265919056,2.7237843823968436e-05,-9.91,-70.0,-5.760565280914307,-34.827613830566406
53.32,-60.42,46.541016,2008.0,-0.7116566222817751,8.945000445237383e-06,-15.06,-101.4,-14.417379379272461,-108.4228286743164
54.35333333,-6.648333333,61.966797,2012.0,-0.27195815753410524,0.0,-11.49,-83.25,-7.725015163421631,-52.36865997314453
23.95277778,90.27916667,23.626953,2016.0,0.7295575540864875,0.0,-4.29,-21.5,-2.3348450660705566,-2.7680435180664062
49.1823,-119.559,334.40625,2009.0,-0.780295851070776,0.0,-12.52,-103.77,-13.251043319702148,-98.6537857055664
78.91666667,11.93333333,38.650391,2013.0,0.9760105506323683,0.0,-13.07,-92.0,-11.849393844604492,-86.9137954711914
63.52,-116.0,238.64844,1999.0,-0.9741004551724206,0.0,-21.2,-164.0,-22.295263290405273,-174.40670776367188
-13.8,-171.78,0.0,1965.0,0.29671281927349075,3.421602013986558e-05,-2.8,-15.5,-4.025869846343994,-18.593482971191406
36.88,30.7,0.0,1993.0,-0.7236440382959123,3.71577225450892e-05,-4.08,-9.5,-5.037573337554932,-28.061500549316406
47.8008,11.0108,974.96875,1983.0,0.9510565162951535,0.0,-14.79,-105.9,-12.417215347290039,-91.6697769165039
23.05,-82.21666667,123.02734,2017.0,-0.2884824328806098,2.394535840721801e-05,-2.6,-4.5,-2.676931858062744,-5.969459533691406
42.025,35.15833333,61.443359,2008.0,-0.970063921851507,9.836793651629703e-06,-9.81,-55.67,-7.132735252380371,-47.40781784057617
52.1042,8.7519,134.42188,1983.0,-0.7236440382959123,1.7824928363552317e-05,-10.17,-72.4,-8.911813735961914,-62.30908966064453
53.8713,8.7058,4.7202148,1981.0,0.9760105506323683,0.000113379312097,-5.73,-38.4,-7.904631614685059,-55.270301818847656
49.0392,8.365,112.44141,2004.0,0.6994583270516471,0.0,-9.23,-62.45,-9.969444274902344,-71.16764068603516
17.46,106.62,2.4233398,2015.0,0.29671281927349075,7.87184944783803e-06,-4.74,-36.0,-5.927969455718994,-36.394264221191406
51.3744,11.2919,162.88281,2011.0,0.9760105506323683,2.550051431171596e-05,-5.78,-40.8,-8.924602508544922,-62.41620635986328
50.8325,15.14777778,828.84375,2007.0,-0.7236440382959123,0.0,-11.45,-74.1,-10.851869583129883,-78.5586929321289
-35.07,173.28,71.449219,1963.0,-0.7236440382959123,9.486570343142375e-05,-1.3,1.2,-3.7808289527893066,-16.300270080566406
7.08,38.48,1698.0625,1995.0,-0.680773409477016,0.0001744976616464,-0.29,5.1,-1.6409668922424316,3.7256088256835938
6.417169444,2.329255556,12.735352,2014.0,-0.9587178169872964,8.322514622705057e-05,-3.36,-17.0,-3.957937717437744,-17.957740783691406
52.1042,8.7519,134.42188,2008.0,-0.6932812268869771,0.0,-7.38,-47.95,-6.0013604164123535,-37.081092834472656
28.22,-177.37,0.0,1983.0,0.6994583270516471,0.0,-0.93,2.1,-3.2907471656799316,-11.713844299316406
41.02444444,40.52,10.936523,2012.0,0.2386727660059501,0.0,-11.86,-80.38,-10.869773864746094,-78.70865631103516
18.47,-70.02,1.0,1996.0,-0.9634705485641486,0.0,-6.72,-43.1,-4.302450656890869,-21.181861877441406
34.07222222,-4.123611111,1510.1875,2002.0,0.6994583270516471,0.0,-5.97,-20.56,-4.461363315582275,-22.669044494628906
7.789855,-76.650846,30.420898,2017.0,0.9760105506323683,0.0002643590269144,-5.25,-31.2,-3.103933811187744,-9.965553283691406
53.32,-60.42,46.541016,1997.0,-0.2884824328806098,8.469531894661486e-05,-13.52,-105.0,-13.597078323364258,-130.74960327148438
0.05,32.45,1135.4375,2010.0,0.6994583270516471,2.068815956590697e-05,-4.82,-22.82,-1.9612183570861816,0.7285385131835938
50.9,14.8,240.94531,2020.0,0.2802306751992159,3.673142418847419e-05,-5.75,-37.4,-8.208431243896484,-56.41767120361328
47.8008,11.0108,974.96875,2005.0,-0.9587178169872964,4.239664485794492e-05,-8.44,-56.67,-8.64324951171875,-60.05963897705078
-33.11011944,-64.24918333,408.09375,2018.0,0.9760105506323683,0.0001036530811688,-4.76,-20.4,-6.380749225616455,-40.63159942626953
10.10808333,-84.12208333,2250.25,1990.0,0.741222010848596,0.0002175279951188,-8.23,-57.1,-8.70707893371582,-71.4352798461914
-46.42,168.32,-0.90939331,1989.0,0.9760105506323683,0.0,-7.2,-47.8,-6.866888523101807,-45.181129455566406
4.7,-74.13,2551.125,2018.0,-0.2884824328806098,0.0001235553063452,-10.07,-68.9,-7.821900844573975,-58.806373596191406
6.2,100.4,3.8469238,2021.0,-0.9741004551724206,8.604156028013676e-05,-9.08,-59.5,-6.231407165527344,-41.211708068847656
20.03333333,110.35,20.03418,1997.0,-0.2135209154397959,0.0,-6.46,-53.6,-7.687219619750977,-56.884864807128906
4.05,114.81,27.053711,2007.0,0.6680638642135335,9.174360457109287e-05,-5.84,-58.83,-6.063833713531494,-37.665748596191406
40.8203002,0.493333172,52.294922,2021.0,-0.2884824328806098,0.0,-5.08,-36.3,-5.905527591705322,-36.184242248535156
41.733333,43.516667,0.0,2017.0,-0.9587178169872964,0.0,-8.7,-53.1,-5.836988925933838,-35.542823791503906
4.036666667,9.734166667,39.230469,2009.0,0.741222010848596,0.0,-3.18,-11.72,-2.8346314430236816,-7.445289611816406
-15.6,-56.1,177.79688,1982.0,0.6994583270516471,0.0001413251884514,-10.91,-77.5,-5.412413120269775,-31.569435119628906
54.6789,13.4342,38.980469,2005.0,-0.2135209154397959,2.9331013138289563e-05,-6.64,-46.4,-6.6885666847229,-43.512306213378906
52.1,5.18,1.7967529,2004.0,-0.06880242680232064,0.0,-4.03,-18.76,-6.258228778839111,-39.48499298095703
46.89,7.49,659.34375,2022.0,0.9510565162951535,0.0,-9.62,-64.1,-11.271341323852539,-82.0721206665039
-38.47,-62.16,195.67188,1985.0,-0.9741004551724206,5.332636646926403e-05,-5.9,-41.0,-4.331564426422119,-21.454322814941406
4.05,114.81,27.053711,2007.0,0.9979171608653922,0.0,-2.01,-7.03,-6.679620265960693,-43.42858123779297
46.60305556,13.67138889,2148.125,1979.0,-0.9587178169872964,0.0,-9.96,-74.5,-9.80392837524414,-70.76508331298828
40.96666667,13.05,44.912109,2001.0,0.29671281927349075,0.0,-2.4,-11.45,-4.40798807144165,-22.169532775878906
-15.85,-47.93,1012.8125,1986.0,-0.2884824328806098,0.0001099494620575,-3.3,-10.0,-4.525656223297119,-23.270729064941406
31.62,-97.22,151.59375,1974.0,0.2386727660059501,1.685827810682383e-09,-3.91,-20.5,-3.8293519020080566,-16.754371643066406
10.36512,0.46944,148.03125,2016.0,0.440518784350495,0.0,-4.681,-24.2,-2.9510865211486816,-8.535133361816406
13.73,100.5,5.7392578,1986.0,0.741222010848596,0.0,-9.84,-67.2,-4.202978610992432,-20.250953674316406
46.39864119,6.233803787,434.125,2002.0,0.9760105506323683,0.0,-3.68,-32.05,-9.96432876586914,-71.12479400634766
10.00036389,-84.10913333,1157.3125,2013.0,-0.7055836101071774,0.0001181126499432,-8.023,-47.203,-6.268777370452881,-42.045570373535156
13.03,123.92,624.1875,1997.0,0.9760105506323683,0.0,-6.34,-40.3,-2.6987671852111816,-6.173805236816406
-35.15833333,147.4572222,211.74219,2011.0,-0.680773409477016,0.0,-4.32,-16.5,-3.472708225250244,-13.416725158691406
6.417169444,2.329255556,12.735352,2017.0,0.9760105506323683,0.0,-1.41,0.0,-3.1451783180236816,-10.351539611816406
51.6,-1.1,55.042969,2006.0,0.2386727660059501,0.0,-7.89,-48.8,-8.05048942565918,-55.09477996826172
46.49722222,28.3,150.79688,2016.0,0.7295575540864875,0.0,-5.48,-33.7,-8.739164352416992,-60.863014221191406
45.65,13.75,0.0,2001.0,-0.9741004551724206,0.0,-3.06,-12.45,-5.910379886627197,-36.229652404785156
49.7703,9.9578,265.90625,2008.0,0.9562348265919056,4.000424451078288e-05,-6.89,-47.7,-9.153520584106445,-64.3335952758789
37.29611111,14.84138889,155.96094,1999.0,-0.7236440382959123,8.871857426129282e-05,-5.2,-20.0,-5.525228977203369,-32.625221252441406
50.06166667,19.84861111,356.8125,1979.0,0.6994583270516471,0.0,-11.17,-83.5,-13.624475479125977,-101.7815933227539
-16.23433889,-67.78571667,2239.0,1983.0,-0.2884824328806098,0.0,-5.82,-27.6,-3.8924317359924316,-17.344703674316406
41.67805556,26.55916667,95.183594,2012.0,-0.23030567023061196,0.0,2.4,-9.72,-4.95144510269165,-27.255470275878906
-5.22,145.8,2.7424316,1974.0,0.6994583270516471,4.821824768441729e-05,-10.12,-71.7,-6.139650821685791,-38.375282287597656
4.05,114.81,27.053711,2008.0,-0.22192151300416674,0.0001469285780331,-5.26,-31.1,-7.203818321228027,-49.988136291503906
43.78,87.62,900.71875,1986.0,0.29671281927349075,0.0,-6.42,-38.0,-7.8145365715026855,-53.11847686767578
43.83758,10.35235,-1.0,2013.0,-0.680773409477016,2.8915650545968678e-05,-3.73,-15.62,-4.882299900054932,-26.608375549316406
9.6678,80.0065,5.8981934,2015.0,0.6994583270516471,0.0,-0.98,3.2,-3.817221164703369,-16.640846252441406
42.025,35.15833333,61.443359,2022.0,0.741222010848596,0.0,-6.9,-46.5,-5.873987674713135,-35.889076232910156
46.96666667,28.9,90.308594,2019.0,0.6994583270516471,1.48660956256208e-05,-16.8,-125.1,-12.30467414855957,-90.7271499633789
12.69325,-7.995494444,382.5625,2018.0,-0.680773409477016,0.0,-7.68,-49.3,-4.720961093902588,-25.098487854003906
-27.17,-109.43,140.28906,1999.0,-0.680773409477016,3.699503395182546e-06,-1.38,2.2,-2.7375855445861816,-6.537086486816406
7.533333333,80.45,131.14062,1993.0,0.741222010848596,0.0,-3.3,-12.0,-3.9021363258361816,-17.435523986816406
43.49111613,-3.800555816,50.095703,2007.0,-0.9741004551724206,0.0001085973199224,-4.08,-21.26,-5.536146640777588,-32.727394104003906
51.35,12.43,125.46484,1991.0,0.2386727660059501,0.0,-11.7,-84.0,-10.181737899780273,-72.9457778930664
19.88,102.13,295.04688,1961.0,-0.7236440382959123,0.0,-5.3,-36.6,-6.2689714431762695,-39.976173400878906
4.399,117.887,264.3125,2008.0,0.9721181966290613,0.0,-4.91,-31.87,-6.670473098754883,-44.71747589111328
62.89179444,27.62542222,94.585938,2018.0,0.29671281927349075,6.167827814351767e-05,-11.35,-80.7,-10.660037994384766,-76.95194244384766
42.5859,10.07945,19.258789,2014.0,-0.2884824328806098,4.4774165871785954e-05,-8.23,-53.1,-6.066866397857666,-37.694129943847656
-40.68,144.69,82.167969,2011.0,-0.9587178169872964,7.242953415698139e-06,-1.99,-4.9,-3.778402805328369,-16.277565002441406
38.28,21.79,113.0625,2008.0,-0.9634705485641486,0.0,-3.53,-16.0,-4.173864841461182,-19.978492736816406
32.36666667,35.75,818.96875,2001.0,0.741222010848596,0.0,-2.28,-11.5,-3.103933811187744,-9.965553283691406
-65.07944444,-63.9775,286.6875,2001.0,-0.9587178169872964,1.7131736950870145e-07,-11.37,-88.3,-8.216058731079102,-93.37641143798828
9.0,38.73,2329.125,2014.0,0.9760105506323683,0.0,-1.12,-0.8,0.27568960189819336,21.662620544433594
47.47051111,21.49041944,105.30859,2002.0,-0.008606996888688009,0.0,-2.29,-15.5,-7.675778388977051,-51.956260681152344
33.21722222,-87.54305556,64.535156,2007.0,0.008606996888688698,0.0,-4.4,-25.8,-3.157309055328369,-10.465065002441406
-75.58333333,-20.56666667,105.53516,2013.0,-0.9741004551724206,9.198247924652387e-10,-23.8,-183.3,-22.484365463256836,-181.50460815429688
46.06666667,14.51666667,298.53125,2002.0,-0.7354170229639858,0.0001276978146051,-3.52,-9.02,-9.908058166503906,-70.65348052978516
46.65772518,8.292706832,1061.3125,2019.0,0.741222010848596,4.423894642968662e-05,-5.07,-24.69,-9.044816970825195,-63.42310333251953
46.60305556,13.67138889,2148.125,2001.0,0.6680638642135335,0.0,-14.66,-104.7,-9.925962448120117,-70.8034439086914
47.81666667,13.71777778,1616.0625,2001.0,-0.6016240632249227,1.4742964594915977e-05,-7.52,-44.6,-11.931241989135742,-87.5993423461914
-23.0,-47.13333333,635.21875,1998.0,0.9510565162951535,1.2437943951226773e-05,-4.93,-28.88,-5.138258457183838,-29.003761291503906
36.88,30.7,0.0,2009.0,0.9510565162951535,0.0,-4.02,-13.63,-4.847120761871338,-26.279151916503906
52.1042,8.7519,134.42188,2003.0,-0.2884824328806098,7.773785182507709e-05,-9.54,-66.0,-10.135698318481445,-72.5601577758789
47.81666667,13.71777778,1616.0625,2020.0,0.42500033996955416,4.450868800631724e-05,-10.78,-77.43,-10.281490325927734,-73.78128814697266
50.12,-104.42,580.5,2005.0,-0.9741004551724206,0.0,-14.07,-109.5,-16.53008460998535,-126.1185073852539
66.53333333,66.66666667,16.196289,1997.0,0.9510565162951535,0.0,-20.1,-157.5,-17.793615341186523,-136.70162963867188
14.64,121.04,42.933594,2011.0,-0.2135209154397959,0.0003304693964309,-8.08,-55.2,-6.979009628295898,-46.78076934814453
35.68,139.77,22.099609,1967.0,0.2386727660059501,0.0,-8.8,-51.3,-6.866888523101807,-45.181129455566406
-7.66,-72.65,174.50781,1990.0,0.9992500112396835,4.237547909724526e-05,-5.38,-28.5,-6.866888523101807,-45.181129455566406
47.81666667,13.71777778,1616.0625,2002.0,0.07738647923346301,0.0,-9.46,-62.4,-11.258552551269531,-81.96500396728516
37.77,-25.65,137.14062,2009.0,0.29671281927349075,0.0,-2.57,-9.5,-3.123342990875244,-10.147193908691406
46.49143367,9.898180888,1767.6875,2001.0,-0.9741004551724206,0.0,-11.54,-87.2,-11.990070343017578,-88.09207916259766
47.81666667,13.71777778,1616.0625,2022.0,-0.9483615800121716,0.0002150254149455,-12.913,-92.8,-8.644527435302734,-60.070350646972656
14.330962,-91.055468,297.67188,2020.0,0.6994583270516471,0.0,-2.02,-3.9,-3.3586792945861816,-12.349586486816406
54.0967,13.4056,1.5458374,2005.0,-0.9741004551724206,2.359624886594247e-05,-6.64,-45.7,-8.256490707397461,-57.85675811767578
-37.82,144.97,6.1674805,1988.0,-0.7116566222817751,0.0,-6.38,-36.1,-4.382513523101807,-21.931129455566406
-3.12,-60.02,49.394531,1974.0,0.2386727660059501,1.4481621292361524e-05,-6.0,-33.6,-3.613424777984619,-14.733619689941406
-31.48388889,145.8294444,259.60938,2013.0,0.29671281927349075,0.0,-7.26,-41.8,-3.0093140602111816,-9.080055236816406
43.49111613,-3.800555816,50.095703,2004.0,0.9562348265919056,4.00762792196474e-06,-5.52,-28.29,-5.755106449127197,-34.776527404785156
48.8281,9.2,313.79688,1999.0,0.9510565162951535,1.489941860199906e-05,-10.3,-80.4,-9.351747512817383,-65.99390411376953
40.41195035,-3.67806112,671.09375,2014.0,-0.9587178169872964,0.0,-3.14,-16.8,-5.638044834136963,-33.681007385253906
45.0,136.6,361.35938,2000.0,-0.970063921851507,0.0,-9.8,-65.7,-9.168380737304688,-65.7510757446289
18.43,-66.0,8.0175781,1968.0,-0.27195815753410524,1.3165216614652309e-06,-1.73,0.7,-2.0437073707580566,-0.04343414306640625
41.31666667,-7.733333333,470.85938,1988.0,-0.23030567023061196,3.821777681878302e-06,-3.51,-33.5,-3.7420105934143066,-15.936988830566406
47.8008,11.0108,974.96875,1982.0,0.6994583270516471,0.0,-14.42,-107.2,-13.885366439819336,-103.9667739868164
-65.07944444,-63.9775,286.6875,1988.0,0.9721181966290613,1.961526171119961e-07,-8.9,-74.3,-8.998207092285156,-75.5888442993164
44.42,8.85,5.4519043,1962.0,-0.7236440382959123,4.550984522211365e-05,-7.8,-50.2,-6.080210208892822,-37.819007873535156
-34.93,138.58,24.027344,1963.0,-0.7236440382959123,0.0,-1.2,0.6,-3.157309055328369,-10.465065002441406
-46.88,37.87,0.0,1974.0,0.9760105506323683,0.0001299090945394,-2.68,-9.1,-5.044561386108398,-28.387466430664062
0.05,32.45,1135.4375,2014.0,0.9760105506323683,0.0001037161346175,-1.6,-1.5,-2.676931858062744,-5.969459533691406
46.95222563,7.439320571,542.53125,1988.0,0.9562348265919056,9.789941941562574e-06,-10.08,-72.7,-12.55021858215332,-92.7837905883789
49.0392,8.365,112.44141,1993.0,-0.9587178169872964,0.0,-6.47,-44.8,-6.848759651184082,-46.55847930908203
-40.68,144.69,82.167969,1991.0,0.6994583270516471,1.2226663557157735e-06,-3.61,-5.7,-4.678503513336182,-24.701148986816406
45.32,-75.67,112.08594,1973.0,-0.2884824328806098,0.0,-15.02,-101.7,-11.022127151489258,-105.17236328125
52.09444444,23.70583333,142.89844,1981.0,0.2386727660059501,3.394966552150436e-05,-15.1,-105.0,-12.135862350463867,-89.3132095336914
80.0,-85.56,141.59375,1993.0,0.741222010848596,0.0,-26.05,-192.6,-29.109121322631836,-231.47848510742188
13.07176111,-59.48972222,45.302734,1978.0,0.6994583270516471,3.314176501589827e-05,2.91,29.7,-1.0392823219299316,9.356468200683594
52.16666667,0.25,32.667969,1983.0,-0.7236440382959123,0.0,-9.2,-63.0,-7.710308074951172,-52.24547576904297
-34.38,-58.28,0.0,2002.0,-0.680773409477016,0.0,-1.0,8.0,-3.205832004547119,-10.919166564941406
41.7787,2.5047,614.3125,2014.0,-0.9587178169872964,0.0,-5.33,-29.5,-5.80120325088501,-35.207923889160156
26.58333333,106.7166667,1077.9375,1991.0,-0.7236440382959123,1.691760917310603e-05,-7.52,-40.4,-6.866888523101807,-45.181129455566406
45.8,28.2,40.330078,2014.0,-0.9741004551724206,1.5812211131560616e-05,-5.59,-28.6,-8.9156494140625,-62.341224670410156
47.81666667,13.71777778,1616.0625,2022.0,-0.9992500112396835,0.0,-11.035,-77.04,-9.575550079345703,-67.86844635009766
53.7122,7.1519,8.8525391,2005.0,-0.9587178169872964,0.0001432357239536,-4.54,-25.96,-6.584242343902588,-42.535987854003906
-33.95833333,18.46111111,109.49609,2003.0,0.29671281927349075,1.5686160850236774e-06,-2.9,-5.0,-3.414480686187744,-12.871803283691406
22.31666667,114.1666667,34.056641,1983.0,-0.9741004551724206,0.0001324508484685,-6.1,-34.7,-5.35903787612915,-31.069923400878906
47.4828,11.0622,716.1875,1995.0,0.2386727660059501,0.0,-15.92,-122.3,-12.985036849975586,-96.4257583618164
43.45,5.45,224.92188,1998.0,0.2386727660059501,0.0,-5.7,-31.7,-8.218204498291016,-59.261878967285156
36.03,129.38,4.7189941,1962.0,-0.2884824328806098,0.0,-5.72,-36.5,-6.866888523101807,-45.181129455566406
51.93,-10.25,33.068359,1988.0,0.2802306751992159,1.598152493897942e-06,-6.88,-47.8,-5.266844272613525,-30.207130432128906
78.91666667,11.93333333,38.650391,2009.0,-0.9587178169872964,0.0,-9.66,-72.3,-10.253355026245117,-73.5456314086914
48.4042,2.6965,79.179688,2020.0,0.7295575540864875,1.810638241295237e-05,-5.04,-31.2,-6.34678316116333,-40.31372833251953
50.06166667,19.84861111,356.8125,1993.0,0.2386727660059501,0.0,-9.78,-68.0,-12.325136184692383,-90.8985366821289
10.25,-67.65,430.0,1968.0,-0.9634705485641486,3.50487680407241e-05,-3.74,-19.3,-3.5854554176330566,-25.315113067626953
58.38277778,21.81416667,5.9343262,2019.0,-0.680773409477016,0.0,-8.65,-61.1,-8.273035049438477,-58.91248321533203
12.13,15.03,294.5,1977.0,-0.9587178169872964,0.0,-2.3,-6.1,-4.241796970367432,-20.614234924316406
-53.0,-70.833333,32.589844,2005.0,0.9510565162951535,0.0,-7.79,-61.6,-8.052265167236328,-62.092994689941406
13.73,100.5,5.7392578,2000.0,-0.9634705485641486,0.0001145231144619,-6.47,-41.4,-7.4074273109436035,-52.893043518066406
19.72,-155.07,7.4401855,1963.0,0.741222010848596,0.0,-1.4,5.6,-3.230093479156494,-11.146217346191406
-27.43,153.08,5.7802734,1962.0,0.9760105506323683,0.0,-2.8,-13.0,-3.792959690093994,-16.413795471191406
47.81666667,13.71777778,1616.0625,2020.0,-0.9455963874271428,0.0002373767056269,-11.67,-83.35,-8.796714782714844,-61.34503936767578
31.99730278,34.81616111,44.347656,1976.0,0.9562348265919056,0.0,-3.52,-12.2,-3.8487610816955566,-16.936012268066406
46.65772518,8.292706832,1061.3125,2012.0,-0.7116566222817751,4.316837294027209e-05,-20.12,-151.28,-13.343122482299805,-99.4250259399414
-51.7,-57.87,50.568359,1964.0,-0.23030567023061196,1.4423798347706906e-05,-9.8,-72.6,-6.760499477386475,-45.097557067871094
45.8,28.2,40.330078,2016.0,0.9721181966290613,0.0,-5.86,-37.4,-8.973199844360352,-62.82324981689453
47.59583333,7.594444444,248.26562,2002.0,0.29671281927349075,0.0002116181713063,-4.38,-27.7,-6.866888523101807,-45.181129455566406
43.12,0.38,600.53125,1998.0,0.9760105506323683,0.0,-9.805,-66.0,-8.056243896484375,-55.142982482910156
48.24861111,16.35638889,200.63281,1967.0,-0.7236440382959123,0.0,-12.43,-82.4,-11.138338088989258,-80.9581069946289
50.3119,11.8758,564.53125,2011.0,-0.2135209154397959,1.170564974017907e-05,-6.69,-47.08,-7.006472587585449,-46.218021392822266
41.66056063,-1.004162565,244.98438,2009.0,-0.680773409477016,0.0,-3.9,-28.42,-4.924757480621338,-27.005714416503906
51.35,12.43,125.46484,1990.0,0.9760105506323683,0.0,-9.3,-67.0,-8.938669204711914,-62.534034729003906
43.49111613,-3.800555816,50.095703,2014.0,-0.9587178169872964,9.053847861650866e-06,-2.63,-14.7,-4.775549411773682,-25.609352111816406
46.37222222,6.470833333,387.75,2002.0,0.9510565162951535,3.641197690740228e-05,-10.66,-78.2,-9.66762924194336,-68.63968658447266
43.365884,-8.421399,56.794922,2017.0,-0.2135209154397959,8.332978723046836e-06,-0.96,1.8,-3.181570529937744,-10.692115783691406
-3.72,-38.55,19.124023,1990.0,0.04302223300453059,0.0,-0.77,5.6,-2.196554660797119,-1.4738540649414062
51.83,6.25,9.5,1996.0,-0.970063921851507,0.0,-5.54,-35.0,-7.482906341552734,-50.31620788574219
-7.315277778,72.42805556,2.3126221,2003.0,0.9760105506323683,1.247614090971183e-05,-7.2,-45.7,-3.9991822242736816,-18.343727111816406
46.60305556,13.67138889,2148.125,2001.0,0.6152845999633276,0.0,-4.71,-29.2,-8.720619201660156,-62.090187072753906
36.62,127.46,80.589844,2006.0,0.741222010848596,0.0,-7.2,-56.71,-5.7569260597229,-34.793556213378906
50.92,5.78,111.17188,1994.0,0.8800122039735357,0.0,-4.71,-29.3,-8.213546752929688,-56.46051788330078
58.65,49.61666667,162.28906,1983.0,-0.9741004551724206,5.3733565437141806e-05,-13.4,-103.0,-14.601537704467773,-109.9653091430664
9.31,123.2,400.01562,1997.0,0.741222010848596,0.0002906749723479,-4.09,-21.5,-4.135046482086182,-19.615211486816406
22.7,90.36,5.9089355,2015.0,0.9760105506323683,0.0,-2.72,-8.7,-2.2377991676330566,-1.8598403930664062
48.8281,9.2,313.79688,2008.0,-0.7116566222817751,0.0001167889859061,-9.06,-59.55,-10.708635330200195,-77.3589859008789
36.18333333,37.21666667,388.64062,1992.0,0.9562348265919056,8.593255188316107e-06,-3.02,-22.5,-5.6325860023498535,-33.629920959472656
51.6,-1.1,55.042969,2007.0,0.29671281927349075,0.0001311448722844,-8.35,-62.2,-6.4929585456848145,-41.68170928955078
64.13,-21.93,12.141602,1976.0,-0.970063921851507,1.2601250091393013e-05,-8.06,-55.0,-9.271177291870117,-65.3190689086914
27.7,106.88,860.71875,1991.0,-0.2135209154397959,0.000125850769109,-11.94,-80.1,-8.419576644897461,-67.3334732055664
11.25,75.78,7.1804199,2002.0,-0.9587178169872964,9.476814011577515e-05,-1.02,2.2,-4.336416721343994,-21.499732971191406
17.46,106.62,2.4233398,2017.0,0.2386727660059501,0.0,-1.97,-1.6,-3.477560520172119,-13.462135314941406
49.7478,6.6581,259.26562,1978.0,-0.7236440382959123,0.0,-7.67,-47.7,-8.946342468261719,-62.598304748535156
-12.43,130.87,16.515625,2009.0,0.9760105506323683,0.0,-1.89,-3.9,-4.760992527008057,-25.473121643066406
-12.43,130.87,16.515625,1983.0,0.6994583270516471,8.788852574070916e-05,-2.52,-5.2,-4.981771945953369,-27.539283752441406
32.65878,-16.92395,156.85938,2017.0,0.6994583270516471,0.0,-3.57,-13.2,-3.0918030738830566,-9.852027893066406
47.07777778,15.44888889,370.03125,1977.0,0.6994583270516471,0.0,-13.47,-104.7,-13.440317153930664,-100.2391128540039
-45.35,-72.07,583.1875,1997.0,0.9760105506323683,0.0,-14.7,-108.9,-9.230384826660156,-78.9013442993164
-5.22,145.8,2.7424316,1978.0,0.9510565162951535,8.543721196474507e-05,-8.76,-62.9,-6.1839280128479,-38.789649963378906
54.5283,11.0603,1.9006348,2001.0,-0.680773409477016,0.0,-6.35,-43.5,-7.348066329956055,-49.211395263671875
32.63333333,-16.9,0.0,1993.0,0.2386727660059501,0.0,-2.21,-13.5,-3.5964417457580566,-14.574684143066406
47.8008,11.0108,974.96875,1995.0,-0.2884824328806098,2.661366670508869e-05,-16.15,-122.1,-12.432561874389648,-91.7983169555664
51.6,-1.1,55.042969,2010.0,0.6994583270516471,5.095816959510557e-06,-10.79,-73.1,-7.531364440917969,-51.803924560546875
37.77,-25.65,137.14062,2008.0,0.6994583270516471,2.8745029339916076e-05,-3.32,-16.18,-3.429037570953369,-13.008033752441406
36.88,30.7,0.0,1983.0,-0.2884824328806098,0.0,-4.2,-9.4,-5.442739963531494,-31.853248596191406
49.7703,9.9578,265.90625,2010.0,-0.7236440382959123,0.0,-11.34,-85.76,-10.227777481079102,-73.3313980102539
44.42,8.85,5.4519043,1992.0,0.9721181966290613,0.0,-4.85,-37.1,-5.864283084869385,-35.798255920410156
32.37,-64.68,1.0638428,1963.0,0.9510565162951535,2.251219848403707e-05,0.9,-3.1,-3.4945435523986816,-13.621070861816406
-1.63366,29.1506,1523.6875,2014.0,0.9760105506323683,0.0001001825366984,-2.97,-7.97,-2.8103699684143066,-7.218238830566406
45.37,-63.27,12.535156,1976.0,-0.6932812268869771,0.0,-5.3,-38.0,-6.7594170570373535,-43.285621643066406
50.06166667,19.84861111,356.8125,2015.0,0.2386727660059501,0.0,-11.83,-88.8,-12.279096603393555,-90.5129165649414
24.91,91.84533333,16.452148,2016.0,-0.9634705485641486,0.0002469599130563,-8.39,-56.5,-7.567956447601318,-55.183326721191406
45.80666667,15.97,120.36328,2002.0,-0.32126966169236515,0.0,-11.74,-75.6,-12.192132949829102,-89.7845230102539
4.7,-74.13,2551.125,1985.0,0.2386727660059501,0.0,-7.3,-38.2,-1.0045838356018066,-23.972755432128906
46.60305556,13.67138889,2148.125,1989.0,-0.7236440382959123,0.0,-14.6,-101.9,-10.964410781860352,-79.5013198852539
6.417169444,2.329255556,12.735352,2013.0,-0.9741004551724206,0.0,-1.78,-2.32,-3.8196473121643066,-16.663551330566406
38.66038889,-27.22009444,77.109375,1988.0,-0.970063921851507,4.178345261607319e-05,-3.46,-19.3,-3.492117404937744,-13.598365783691406
53.7122,7.1519,8.8525391,2003.0,-0.680773409477016,2.926330125774257e-05,-3.32,-18.15,-6.866888523101807,-45.181129455566406
43.97455,10.27266,661.0,2018.0,-0.9587178169872964,0.0,-4.38,-22.71,-6.003786563873291,-37.103797912597656
46.28916667,-63.11916667,35.291016,2020.0,0.7295575540864875,0.0,-10.92,-70.5,-8.379800796508789,-57.85303497314453
35.53333056,106.7,1342.3125,2003.0,0.741222010848596,0.0,-13.1,-98.0,-4.355825901031494,-21.681373596191406
-0.1968,-78.436,2400.75,2022.0,0.9510565162951535,9.153140854323284e-05,-12.46,-88.2,-9.41358757019043,-81.5151138305664
62.89179444,27.62542222,94.585938,2014.0,0.741222010848596,0.0,-11.65,-83.1,-11.053932189941406,-80.25113677978516
46.60305556,13.67138889,2148.125,2017.0,0.9721181966290613,0.0,-7.138,-39.67,-11.120433807373047,-80.80814361572266
54.5283,11.0603,1.9006348,2001.0,0.741222010848596,2.9695638659177348e-05,-6.33,-45.3,-6.866888523101807,-45.181129455566406
47.47051111,21.49041944,105.30859,2008.0,0.6152845999633276,0.0,-7.81,-48.17,-8.941226959228516,-62.555458068847656
-3.823991667,-73.377425,90.707031,2008.0,-0.6932812268869771,0.0,-3.19,-12.31,-3.987051486968994,-18.230201721191406
-2.95,-60.2,55.640625,1990.0,0.9679377830240642,0.0002102737926179,-5.2,-28.2,-6.568472385406494,-42.388404846191406
41.15305556,-96.49277778,352.0625,1993.0,0.4559066935084588,0.0,-6.8,-38.0,-8.859378814697266,-61.869911193847656
32.2361,-110.9439,753.21875,2015.0,-0.2135209154397959,0.0,-4.57,-41.1,-6.866888523101807,-45.181129455566406
-5.8,-35.2,40.765625,1978.0,0.741222010848596,4.532135062618181e-05,-1.98,-13.7,-2.6599488258361816,-5.810523986816406
38.71,-27.19,479.5,1998.0,-0.2135209154397959,1.480216633353848e-05,-1.66,-5.8,-2.7181763648986816,-6.355445861816406
-37.82,144.97,6.1674805,1987.0,-0.2884824328806098,0.0,-4.53,-23.4,-4.845907688140869,-26.267799377441406
28.58,77.2,222.79688,1991.0,0.9510565162951535,0.0,2.98,6.5,-2.070394992828369,-0.29319000244140625
-1.1,-79.46166667,78.234375,2018.0,-0.2884824328806098,7.60136463213712e-05,-2.53,-8.9,-3.031149387359619,-9.284400939941406
44.81666667,14.98333333,1534.5,2001.0,0.6994583270516471,1.2270234037714545e-05,-9.23,-62.72,-13.378931045532227,-99.7249526977539
50.3119,11.8758,564.53125,2000.0,0.7295575540864875,6.885653419885784e-05,-7.22,-50.85,-8.996219635009766,-63.01605987548828
76.76666667,-18.66666667,0.0,2010.0,-0.9741004551724206,0.0,-20.77,-156.8,-18.499555587768555,-142.61447143554688
47.59583333,7.594444444,248.26562,1998.0,0.9510565162951535,0.0,-5.73,-43.9,-9.312101364135742,-65.6618423461914
-6.18,106.83,5.1230469,1985.0,0.29671281927349075,6.105975626269355e-05,-6.06,-34.4,-5.545851230621338,-32.818214416503906
-25.27,-57.63,54.0,1966.0,-0.7236440382959123,0.0001775759155862,-2.9,-17.6,-3.8924317359924316,-17.344703674316406
-41.47,-72.93,43.574219,1989.0,-0.2135209154397959,0.0,-8.3,-52.0,-6.427149295806885,-41.065834045410156
50.3119,11.8758,564.53125,2006.0,0.6994583270516471,1.1302975508442614e-05,-12.82,-102.0,-11.107645034790039,-80.7010269165039
48.75,-91.62,405.375,1981.0,0.6994583270516471,8.535564120393246e-06,-21.2,-154.0,-20.003515243530273,-155.21139526367188
30.27,35.58,1330.375,2002.0,0.2386727660059501,0.0,-6.891,-27.8,-4.173864841461182,-19.978492736816406
46.49722222,28.3,150.79688,2017.0,-0.7236440382959123,0.0,-10.11,-66.6,-9.746919631958008,-69.3038101196289
13.55,144.83,113.0,1977.0,0.2386727660059501,4.60271667179768e-06,-3.08,-15.6,-2.885580539703369,-7.922096252441406
43.73238889,7.423583333,8.8959961,2014.0,-0.9587178169872964,0.0,-2.24,-10.5,-4.865316867828369,-26.449440002441406
48.65,-123.43,15.649902,1976.0,0.2386727660059501,0.0002070534828817,-11.3,-87.0,-10.677942276000977,-77.1019058227539
-75.58333333,-20.56666667,105.53516,2009.0,0.9760105506323683,6.277804547810068e-08,-22.93,-174.2,-18.83504295349121,-151.49948120117188
2.816666667,101.5833333,1.5,1999.0,-0.9587178169872964,8.345911919604987e-05,-4.92,-28.74,-6.713231563568115,-46.418678283691406
7.204166667,-72.93138889,2769.25,2005.0,-0.680773409477016,0.0,-11.26,-79.57,-7.513086318969727,-55.10832977294922
48.545,13.3528,478.40625,2013.0,-0.2135209154397959,0.0001292690722038,-6.1,-42.4,-6.701758861541748,-43.635765075683594
28.22,-177.37,0.0,1962.0,-0.680773409477016,1.3181931535655169e-05,-4.8,-31.6,-3.0335755348205566,-9.307106018066406
42.5859,10.07945,19.258789,2020.0,-0.9634705485641486,0.0,-8.81,-59.9,-4.730665683746338,-25.189308166503906
46.60305556,13.67138889,2148.125,2018.0,-0.8800122039735356,0.0,-11.622,-76.06,-7.716241836547852,-57.298927307128906
51.387367,-0.325697,10.34082,2021.0,0.9796136916454901,0.0,-6.57,-35.64,-6.281883716583252,-39.70636749267578
19.31396667,-99.3094,2965.0,2014.0,-0.6680638642135333,5.634539047605358e-05,-8.56,-55.2,-8.04420280456543,-54.93031692504883
-34.05,115.0249,77.78125,2012.0,-0.5086709438521042,0.0,-4.83,-25.6,-3.249502658843994,-11.327857971191406
46.98141401,6.607999655,1046.0625,2016.0,-0.7116566222817751,3.2632669899612665e-05,-11.69,-77.34,-12.575796127319336,-92.9980239868164
-0.8968,-89.609,13.19873,2021.0,-0.680773409477016,4.264214112481568e-06,0.21,6.5,-1.6070008277893066,4.043479919433594
-16.49888889,-68.12305556,3582.75,2002.0,-0.7236440382959123,0.0,-14.09,-69.2,-6.866888523101807,-45.181129455566406
10.00036389,-84.10913333,1157.3125,2014.0,0.6420547132365637,0.0,-3.559699525,-16.9363949,-7.765216827392578,-57.997657775878906
4.05,114.81,27.053711,2010.0,0.2802306751992159,0.0,-11.52,-77.34,-7.3547844886779785,-52.91234588623047
-41.47,-72.93,43.574219,2002.0,-0.9587178169872964,0.0,-4.3,-27.4,-6.341324329376221,-40.26264190673828
-33.97,18.6,41.798828,1973.0,-0.2884824328806098,0.0,-5.42,-29.2,-3.026297092437744,-9.238990783691406
47.47051111,21.49041944,105.30859,2008.0,-0.41719360261231697,0.0,-11.4,-78.84,-10.105005264282227,-72.3030776977539
37.78,112.55,778.28125,1987.0,-0.9741004551724206,3.236688280594535e-05,-13.17,-88.8,-6.872967720031738,-45.26786422729492
47.81666667,13.71777778,1616.0625,2021.0,0.9483615800121715,4.0618760976940393e-05,-11.646,-78.74,-11.107645034790039,-80.7010269165039
63.37,-135.52,588.34375,1988.0,-0.9634705485641486,3.6455421650316566e-05,-18.3,-144.0,-21.609785079956055,-168.66525268554688
2.833333333,-60.7,82.484375,1973.0,0.9760105506323683,0.0,-5.4,-29.0,-3.264059543609619,-11.464088439941406
43.933,-60.007,2.6035156,2019.0,0.9562348265919056,1.2286045603104869e-05,-5.897,-35.88,-8.378520965576172,-57.842323303222656
36.88,30.7,0.0,2011.0,0.9510565162951535,0.0,-9.450051019,-56.87847165,-4.818006992340088,-26.006690979003906
-2.77,-171.72,2.7612305,1963.0,-0.9741004551724206,1.3342303191166138e-06,-2.0,-2.5,-2.8249268531799316,-7.354469299316406
13.7,-89.12,612.5,1979.0,0.29671281927349075,2.4800659957691096e-05,-6.99,-46.8,-6.722501277923584,-49.069679260253906
45.6,13.93333333,486.53125,2001.0,-0.6744436188329457,9.000952559290454e-06,-7.98,-47.41,-6.625941753387451,-42.926231384277344
46.22030867,7.33848445,481.70312,2002.0,0.9510565162951535,2.4708084310987036e-05,-8.05,-62.74,-11.135780334472656,-80.93668365478516
49.7703,9.9578,265.90625,1979.0,-0.680773409477016,0.0,-7.18,-52.4,-6.866888523101807,-45.181129455566406
12.69325,-7.995494444,382.5625,1995.0,0.29671281927349075,0.0,-2.78,-11.0,-3.7080445289611816,-15.619117736816406
-65.07944444,-63.9775,286.6875,1977.0,0.9510565162951535,1.3889353601404797e-07,-7.33,-56.9,-8.867607116699219,-73.7255630493164
21.44,91.99,9.9770508,2016.0,0.9721181966290613,5.056303507444682e-06,-0.46,8.6,-2.3008790016174316,-2.4501724243164062
46.89,7.49,659.34375,2012.0,-0.23030567023061196,0.0001134639678639,-5.87,-36.69,-6.709340572357178,-43.70671844482422
33.65694444,73.26611111,580.9375,1993.0,0.9760105506323683,9.652927838033064e-05,-0.64,25.64,-2.608999729156494,-5.333717346191406
46.60305556,13.67138889,2148.125,2018.0,-0.5737722679043243,3.0288674679468382e-05,-3.446,-17.51,-12.790647506713867,-94.7975845336914
46.39864119,6.233803787,434.125,2006.0,-0.2884824328806098,0.0,-7.69,-51.25935481,-12.437677383422852,-91.8411636352539
-42.48,-65.05,98.636719,2000.0,0.9721181966290613,0.0,-6.5,-47.0,-6.301292896270752,-39.88800811767578
38.98916547,-3.920273851,626.8125,2003.0,0.9510565162951535,0.0,-8.28,-60.17,-6.3555779457092285,-40.396034240722656
40.41195035,-3.67806112,671.09375,2008.0,-0.7116566222817751,0.0001767005596775,-9.67,-76.12,-8.769857406616211,-61.120094299316406
-34.38,-58.28,0.0,1993.0,0.6994583270516471,0.0004702422011177,-8.2,-54.0,-6.003180027008057,-37.098121643066406
-3.322222222,-79.6,397.82812,1996.0,0.2386727660059501,1.6014637367334217e-05,-2.36,-7.6,-2.9316773414611816,-8.353492736816406
7.0,125.25,1722.75,1994.0,0.29671281927349075,0.0,-8.41,-60.0,-7.261409282684326,-50.809791564941406
72.4,-78.0,469.17188,1991.0,-0.7236440382959123,0.0,-29.42,-225.8,-29.354665756225586,-233.53512573242188
46.49143367,9.898180888,1767.6875,2011.0,0.9760105506323683,0.0,-14.12,-111.77,-13.501703262329102,-100.7532730102539
2.833333333,-60.7,82.484375,1973.0,0.741222010848596,2.51514939009212e-05,-2.9,-13.0,-4.600866794586182,-23.974586486816406
-51.7,-57.87,50.568359,1975.0,-0.2135209154397959,1.0005043804994784e-05,-8.56,-58.3,-6.769611358642578,-45.220115661621094
45.37,-63.27,12.535156,1977.0,-0.9587178169872964,0.0,-8.4,-63.0,-7.385318756103516,-51.142356872558594
47.81666667,13.71777778,1616.0625,2018.0,-0.9587178169872964,0.0,-7.765,-50.96,-9.09469223022461,-63.840858459472656
-51.7,-57.87,50.568359,1965.0,-0.7236440382959123,1.1611724403337575e-05,-6.1,-47.7,-6.759462356567383,-45.050010681152344
-0.121944444,-67.14916667,97.964844,1973.0,0.2386727660059501,0.0,-2.4,-20.0,-3.4945435523986816,-13.621070861816406
45.80666667,15.97,120.36328,2002.0,-0.27195815753410524,0.0,-14.67,-104.0,-12.207479476928711,-89.9130630493164
68.5,112.4333333,105.19531,1999.0,0.2386727660059501,0.0,-31.8,-257.8,-34.85895538330078,-279.6381530761719
47.81666667,13.71777778,1616.0625,2019.0,0.9922222094179323,0.0002206069475505,-8.246,-51.23,-10.997661590576172,-79.77982330322266
-7.66,-72.65,174.50781,1990.0,0.6994583270516471,5.6389817473245785e-05,-5.77,-32.3,-5.942526340484619,-36.530494689941406
46.60305556,13.67138889,2148.125,2001.0,-0.16280701293851646,2.5600324079277925e-05,-5.87,-29.7,-6.866888523101807,-45.181129455566406
13.73,100.5,5.7392578,2003.0,0.9760105506323683,0.0,-2.69,-8.4,-4.217535495758057,-20.387184143066406
-33.45,-70.7,507.65625,2012.0,0.2802306751992159,0.0,-5.59,-41.2,-6.353758335113525,-40.379005432128906
51.83,6.25,9.5,1997.0,0.29671281927349075,0.0,-8.18,-57.9,-6.67567777633667,-43.391685485839844
46.72738634,8.186782163,600.90625,1990.0,0.9760105506323683,9.604106162441894e-05,-10.82,-75.4,-12.586027145385742,-93.0837173461914
45.03527778,24.28416667,223.875,2018.0,-0.9587178169872964,0.0,-4.64,-36.2,-6.60025691986084,-43.01306915283203
1.685556,33.616389,1096.9375,2016.0,-0.23030567023061196,0.0,0.98,25.1,-2.070394992828369,-0.29319000244140625
28.46344137,-16.2553441,36.554688,2006.0,-0.2884824328806098,0.0,3.8,22.46,-1.6943421363830566,3.2260971069335938
0.05,32.45,1135.4375,1963.0,0.2386727660059501,0.0,-2.3,-3.8,-1.6797852516174316,3.3623275756835938
41.818399,46.266606,0.0,2014.0,0.9510565162951535,0.0,-10.08,-64.9,-9.230253219604492,-64.9762954711914
36.88,30.7,0.0,2006.0,0.741222010848596,0.0,-1.85,-5.17,-3.802664279937744,-16.504615783691406
47.6772,9.19,442.90625,2003.0,0.9510565162951535,4.397634984343313e-05,-9.02,-62.75,-10.859542846679688,-78.62296295166016
45.46666667,13.61666667,0.5645752,2005.0,-0.9741004551724206,0.0,-7.43,-49.02,-5.835169315338135,-35.525794982910156
-34.05,115.0249,77.78125,2010.0,0.29671281927349075,1.4669112715637311e-05,-4.53,-23.3,-3.725027561187744,-15.778053283691406
53.7122,7.1519,8.8525391,2001.0,0.6994583270516471,5.985941606923007e-05,-9.08,-65.56,-8.318981170654297,-59.30585479736328
46.65772518,8.292706832,1061.3125,2005.0,-0.2884824328806098,0.0002321098290849,-14.66,-105.53,-13.28685188293457,-98.9537124633789
-38.73263889,-72.58922222,110.76172,1991.0,0.741222010848596,0.0,-8.1,-56.0,-6.081423282623291,-37.830360412597656
47.59583333,7.594444444,248.26562,2007.0,-0.9741004551724206,0.0,-7.55,-50.55,-8.158781051635742,-58.05620574951172
35.68,139.77,22.099609,1963.0,-0.680773409477016,4.324830661062151e-05,-9.1,-65.7,-7.261409282684326,-50.809791564941406
46.57248471,8.332719621,1924.0,2020.0,0.2802306751992159,4.62883836007677e-05,-12.24,-85.55,-10.621671676635742,-76.6305923461914
51.18,8.4889,841.375,2001.0,-0.9587178169872964,0.0,-10.01,-66.7,-7.7358856201171875,-52.45970916748047
4.390833333,118.0361111,180.96875,2007.0,-0.2135209154397959,0.0,-8.17,-49.87,-7.761135578155518,-57.939430236816406
46.60305556,13.67138889,2148.125,1984.0,0.7295575540864875,0.0,-9.15,-62.1,-9.60368537902832,-68.1041030883789
47.37233597,8.083138245,397.48438,2022.0,0.9760105506323683,0.0,-10.91,-76.6,-10.317298889160156,-74.08121490478516
44.13333333,6.333333333,881.625,2007.0,-0.9741004551724206,1.3764000868832229e-05,-7.46,-52.32,-6.559071063995361,-42.30042266845703
47.42692898,9.400776879,758.46875,2009.0,-0.2135209154397959,0.0,-7.15,-46.20655023,-7.42351770401001,-49.80503463745117
48.8281,9.2,313.79688,2005.0,0.29671281927349075,0.0,-4.56,-37.0,-7.496096134185791,-50.451271057128906
48.24861111,16.35638889,200.63281,1993.0,0.6994583270516471,1.4827664017502684e-05,-19.54,-142.5,-11.15880012512207,-81.1294937133789
51.6,-1.1,55.042969,2002.0,-0.2884824328806098,0.0,-9.0,-60.5,-7.944982051849365,-54.21106719970703
76.76666667,-18.66666667,0.0,2013.0,0.6994583270516471,0.0,-32.11,-250.4,-18.141469955444336,-139.61520385742188
-33.95833333,18.46111111,109.49609,2004.0,0.9562348265919056,4.523390089161694e-05,-2.75,-8.0,-3.3004517555236816,-11.804664611816406
50.92,5.78,111.17188,2009.0,-0.9483615800121716,0.0,-8.24,-54.79,-6.469303607940674,-41.46033477783203
10.30666667,-84.80472222,1457.5,2004.0,0.2219215130041655,0.0,-1.5,8.0,2.587716579437256,5.2214202880859375
72.58,-38.4799,3202.0,2012.0,0.8359254794186372,0.0,-34.44828786,-266.9972252,-32.198890686035156,-257.3578796386719
48.24861111,16.35638889,200.63281,1973.0,0.2386727660059501,0.0,-16.23,-120.2,-11.94403076171875,-87.70645904541016
4.7,-74.13,2551.125,2000.0,-0.6932812268869771,0.0,-7.62,-46.55,-7.494718551635742,-54.84962463378906
34.57,69.21333333,1788.0,1974.0,0.741222010848596,3.4060199141094927e-06,-5.93,-35.1,-2.497396945953369,-4.289283752441406
-31.75,-60.73,12.836426,1999.0,-0.680773409477016,0.0,-1.3,4.0,-3.361105442047119,-12.372291564941406
-1.53553,29.25374,2915.0,2015.0,0.741222010848596,0.0,-5.336,-22.86,-2.604147434234619,-5.288307189941406
-16.3258,-67.92107222,4088.875,1983.0,-0.680773409477016,0.0,-2.84,-2.1,-6.866888523101807,-45.181129455566406
39.95,32.88,920.125,2001.0,-0.23867276600594997,0.0,-14.79,-105.6,-5.443953037261963,-31.864601135253906
13.73,100.5,5.7392578,2012.0,-0.6932812268869771,8.135086682159454e-05,-6.73,-45.4,-6.465057849884033,-41.42060089111328
72.58,-38.4799,3202.0,2011.0,-0.13727877211326517,0.0,-53.08361868,-408.7711922,-39.17644500732422,-315.8007507324219
-7.315277778,72.42805556,2.3126221,1978.0,-0.680773409477016,1.0229745385004207e-05,1.0,13.2,-3.8633179664611816,-17.072242736816406
23.05,-82.21666667,123.02734,2002.0,-0.7236440382959123,0.0,-2.53,-2.5,-2.909842014312744,-8.149147033691406
78.07,13.63,0.0,1964.0,0.9562348265919056,0.0,-4.8,-32.3,-9.136896133422852,-64.19434356689453
60.18008889,24.83286111,14.698242,2018.0,-0.7236440382959123,3.912860483978875e-05,-8.98,-58.0,-11.701044082641602,-85.6712417602539
62.89179444,27.62542222,94.585938,2012.0,-0.23030567023061196,1.4743149222340436e-05,-10.26,-73.9,-8.690567016601562,-60.455970764160156
-7.66,-72.65,174.50781,1990.0,0.8406184056344782,6.396424578269944e-05,-3.61,-13.7,-6.866888523101807,-45.181129455566406
46.37222222,6.470833333,387.75,1993.0,-0.9587178169872964,0.0,-8.12,-53.5,-7.430002212524414,-50.91468048095703
-75.58333333,-20.56666667,105.53516,1999.0,-0.680773409477016,0.0,-21.93,-167.85,-21.90928077697754,-177.39840698242188
58.38277778,21.81416667,5.9343262,2014.0,0.29671281927349075,0.0,-9.93,-69.6,-8.22761344909668,-56.578346252441406
-22.71,-46.46583333,1095.0625,1990.0,0.29671281927349075,6.928920811333228e-06,-3.53,-10.7,-4.836203098297119,-26.176979064941406
46.17378583,8.788556051,407.5,2008.0,-0.27195815753410524,1.2296668501221577e-05,-15.69,-115.66,-12.161439895629883,-89.5274429321289
-0.694444444,-90.325,182.40625,1997.0,-0.9741004551724206,4.048495611641556e-06,-1.23,0.6,-1.8107972145080566,2.1362533569335938
47.81666667,13.71777778,1616.0625,2001.0,0.3777079652039649,0.0002452542248647,-12.89,-90.2,-10.949064254760742,-79.3727798461914
47.98,-55.82,119.36328,2004.0,0.2802306751992159,0.0,-8.96,-57.1,-9.516721725463867,-67.3757095336914
23.95277778,90.27916667,23.626953,2014.0,0.741222010848596,0.0,-1.88,-5.5,-2.3639588356018066,-3.0405044555664062
37.53,121.4,27.091797,1988.0,0.9721181966290613,0.0,-0.69,1.9,-6.130141258239746,-38.41823959350586
40.96666667,15.68333333,465.64062,2003.0,-0.680773409477016,0.0,-2.9,-18.0,-4.6117844581604,-24.076759338378906
49.7478,6.6581,259.26562,2005.0,0.29671281927349075,0.0,-5.56,-41.0,-6.866888523101807,-45.181129455566406
46.65772518,8.292706832,1061.3125,2018.0,0.741222010848596,0.0,-7.39,-50.5,-9.223859786987305,-64.92273712158203
46.95222563,7.439320571,542.53125,2007.0,-0.2884824328806098,0.0,-9.13,-62.66,-12.918535232543945,-95.8687515258789
0.512102778,25.20643889,414.57812,2018.0,-0.680773409477016,0.0001681291469139,0.8,0.6,-1.4711365699768066,5.314964294433594
-34.05,115.0249,77.78125,2013.0,0.440518784350495,9.847291221376508e-05,-4.93,-20.7,-3.652243137359619,-15.096900939941406
-21.2,-159.8,7.8220215,1991.0,0.6994583270516471,1.0864830073842311e-05,-3.7,-21.7,-4.108358860015869,-19.365455627441406
-65.07944444,-63.9775,286.6875,1991.0,0.29671281927349075,1.1727765754417136e-08,-13.42,-99.6,-9.723140716552734,-84.42845916748047
33.46555556,126.9333333,5.9509277,1996.0,0.07738647923346301,0.0,-8.0,-54.0,-6.8040361404418945,-44.592926025390625
-35.15833333,147.4572222,211.74219,2008.0,-0.23030567023061196,0.0,-5.19,-23.5,-3.763845920562744,-16.141334533691406
-0.694444444,-90.325,182.40625,2002.0,0.6994583270516471,4.032783908769488e-05,-1.83,-3.7,-2.754568576812744,-6.696022033691406
46.60305556,13.67138889,2148.125,1982.0,-0.9741004551724206,7.521571660618065e-06,-12.36,-83.5,-10.289163589477539,-73.8455581665039
39.1,117.1666667,3.3602295,2001.0,0.2386727660059501,0.0,-13.85,-80.3,-8.286413192749023,-60.88445281982422
-65.07944444,-63.9775,286.6875,1971.0,-0.2135209154397959,9.98929610634352e-07,-9.15,-73.7,-9.615133285522461,-82.48725891113281
13.06,123.93,618.8125,1998.0,0.9760105506323683,0.0,-0.77,3.6,-2.6939148902893066,-6.128395080566406
45.46666667,13.61666667,0.5645752,2003.0,0.10310169744743485,0.0,-10.64,-80.7,-8.996219635009766,-63.01605987548828
38.05011111,23.866675,444.85938,2005.0,-0.680773409477016,0.0,-4.62,-26.76,-4.9029221534729,-26.801368713378906
51.93,-10.25,33.068359,2004.0,0.2802306751992159,2.669613058969844e-05,-6.94,-47.0,-6.106897830963135,-38.068763732910156
33.65694444,73.26611111,580.9375,2005.0,-0.680773409477016,1.819799581426196e-05,-0.83,1.1,-5.22317361831665,-29.798439025878906
36.98,35.3,22.958008,2014.0,-0.2135209154397959,0.0,-5.15,-25.2,-2.803091526031494,-7.150123596191406
41.13333333,-8.6,59.621094,2015.0,-0.7236440382959123,4.516588887781836e-06,-5.59,-30.7,-5.169798374176025,-29.298927307128906
50.06166667,19.84861111,356.8125,1995.0,-0.2884824328806098,5.342897566151805e-06,-19.53,-146.5,-11.964492797851562,-87.87784576416016
49.0422,12.1019,370.21875,2009.0,-0.9741004551724206,0.0001880912459455,-11.83,-85.0,-8.789350509643555,-61.96326446533203
53.97,-101.1,265.25,1982.0,0.9510565162951535,0.0,-23.6,-173.0,-18.090314865112305,-139.18673706054688
41.13333333,-8.6,59.621094,1994.0,-0.9741004551724206,7.81055714469403e-05,-4.07,-23.8,-4.865316867828369,-26.449440002441406
46.60305556,13.67138889,2148.125,1993.0,0.741222010848596,0.0,-6.58,-40.0,-8.426085472106934,-59.36475372314453
-17.6,-149.6111111,29.703125,2000.0,-0.7469720876965551,1.2003157280560116e-05,9.58,38.1,-2.953512668609619,-8.557838439941406
-41.15,-71.33,951.28125,2020.0,-0.7116566222817751,0.0,-7.5,-55.6,-8.517526626586914,-68.7309341430664
61.22,-48.12,20.967773,1967.0,0.2386727660059501,3.197832847945392e-05,-15.61,-118.1,-15.870183944702148,-120.5912857055664
19.72,-155.07,7.4401855,1964.0,0.6994583270516471,3.1375591788673773e-05,-2.5,-6.2,-3.2228150367736816,-11.078102111816406
43.73238889,7.423583333,8.8959961,2018.0,0.741222010848596,0.0,-6.02,-41.4,-5.253500461578369,-30.082252502441406
41.13333333,-8.6,59.621094,1998.0,0.9510565162951535,6.454849881265545e-06,-5.78,-35.8,-5.158880710601807,-29.196754455566406
40.41195035,-3.67806112,671.09375,2018.0,0.741222010848596,0.0,-5.54,-32.1,-6.050489902496338,-37.540870666503906
-1.43,-48.48,4.737793,1979.0,-0.9741004551724206,0.0,0.06,7.4,-1.9636445045471191,0.7058334350585938
39.95,32.88,920.125,1969.0,0.29671281927349075,7.068786362651736e-05,-4.5,-37.8,-5.422117710113525,-31.660255432128906
52.8911,11.7294,21.530273,2006.0,-0.2884824328806098,0.0,-8.12,-56.0,-10.350549697875977,-74.3597183227539
13.93111111,-89.86,744.46875,1996.0,0.6680638642135335,3.600672062020749e-05,-4.77,-26.55,-4.522017002105713,-23.236671447753906
-36.8,-59.83,137.54688,1999.0,-0.9587178169872964,0.0001837919553508,-1.9,-2.0,-4.266058444976807,-20.841285705566406
38.79273611,-9.105733333,36.355469,2002.0,-0.23867276600594997,1.2796711416740436e-05,-3.72,-24.1,-5.110357761383057,-28.742652893066406
50.06166667,19.84861111,356.8125,2017.0,-0.7236440382959123,0.0,-15.61,-113.6,-11.299476623535156,-82.30777740478516
-37.82,144.97,6.1674805,2013.0,-0.2884824328806098,9.065385529538617e-05,-4.54,-24.6,-4.927183628082275,-27.028419494628906
50.3119,11.8758,564.53125,1983.0,0.741222010848596,0.0,-7.81,-55.4,-9.365814208984375,-66.11173248291016
36.88,30.7,0.0,1998.0,-0.9741004551724206,0.0,-3.32,-7.5,-4.188421726226807,-20.114723205566406
47.4828,11.0622,716.1875,2007.0,0.29671281927349075,0.0,-7.14,-49.85,-8.2340087890625,-56.63190460205078
14.64,121.04,42.933594,2010.0,-0.680773409477016,0.0002402928803348,-10.39,-73.3,-6.584242343902588,-42.535987854003906
39.95,32.88,920.125,1987.0,0.2386727660059501,2.066708293568809e-05,-9.72,-63.5,-10.808387756347656,-78.19449615478516
52.1042,8.7519,134.42188,1987.0,-0.9587178169872964,3.2244392059510574e-05,-5.74,-38.3,-6.720269203186035,-44.11644744873047
-0.377777778,-78.14166667,3127.375,1993.0,-0.9587178169872964,0.0,-8.25,-50.8,-7.338046073913574,-51.903175354003906
39.48056611,-0.366386255,14.827637,2004.0,0.9562348265919056,9.84353246167302e-05,-3.07,-12.34,-5.076391696929932,-28.424781799316406
8.92,-79.6,11.163086,1994.0,-0.9741004551724206,0.0001309367071371,-0.48,0.2,-6.468090534210205,-41.44898223876953
0.05,32.45,1135.4375,1965.0,0.9760105506323683,6.882339948788285e-05,-2.22,-3.8,-3.3877930641174316,-12.622047424316406
53.8713,8.7058,4.7202148,2008.0,0.6994583270516471,3.963400740758516e-05,-8.45,-56.25,-8.69916820526123,-61.89716339111328
56.21666667,43.81666667,76.433594,1983.0,0.2386727660059501,8.440689271083102e-06,-18.6,-131.0,-16.468698501586914,-125.6043472290039
-22.9,-43.17,0.0,1967.0,-0.9587178169872964,3.082652983721346e-05,-1.34,12.7,-2.846762180328369,-7.558815002441406
-22.399288,-47.543743,626.78125,2019.0,-0.680773409477016,0.0,-0.86,12.7,-3.715322971343994,-15.687232971191406
-34.05,115.0249,77.78125,2014.0,-0.3617137307297674,7.071344589348882e-05,-2.99,-5.7,-3.390219211578369,-12.644752502441406
48.545,13.3528,478.40625,2009.0,-0.2135209154397959,0.0,-7.59,-49.2,-6.7874040603637695,-44.406681060791016
48.24861111,16.35638889,200.63281,2013.0,-0.2884824328806098,0.0,-8.27,-60.5,-11.97728157043457,-87.9849624633789
38.66038889,-27.22009444,77.109375,1999.0,-0.8359254794186365,5.408678589446936e-06,-4.54,-25.4,-3.293173313140869,-11.736549377441406
24.35,109.4,101.74609,1991.0,0.2386727660059501,0.0,-2.14,-12.4,-2.9219727516174316,-8.262672424316406
51.93,-10.25,33.068359,2006.0,-0.9741004551724206,7.605912287544925e-06,-4.65,-28.62,-5.568899631500244,-33.033912658691406
4.05,114.81,27.053711,2008.0,-0.6744436188329457,0.0001197322126245,-9.58,-64.96,-6.952600479125977,-48.282630920410156
52.4672,13.4019,47.5625,1999.0,-0.9587178169872964,6.908698651386658e-06,-6.69,-50.8,-7.3744683265686035,-50.28875732421875
36.29166667,81.00833333,2226.875,1991.0,0.23030567023061221,0.0,-6.75,-44.1,-16.46358299255371,-125.5615005493164
68.68333333,21.53,459.29688,1992.0,-0.970063921851507,4.579828782880213e-06,-16.65,-132.0,-17.077444076538086,-130.70309448242188
51.83,6.25,9.5,2011.0,-0.680773409477016,0.0,-5.9,-37.86,-6.5108513832092285,-41.849159240722656
46.60305556,13.67138889,2148.125,1988.0,-0.9634705485641486,5.8478708524489775e-05,-8.04,-56.6,-8.494609832763672,-61.88690948486328
42.58834633,-5.651107617,911.78125,2011.0,0.6994583270516471,0.0,-10.62,-71.2,-9.688091278076172,-68.81107330322266
44.038,10.18,783.40625,2020.0,-0.9911140639934546,0.0,-7.06,-41.68,-6.7701735496521,-45.353919982910156
49.7703,9.9578,265.90625,1988.0,0.7295575540864875,2.5071853087865748e-05,-8.15,-60.8,-7.540856838226318,-50.82617950439453
46.60305556,13.67138889,2148.125,2017.0,0.1797665857255624,1.2257282833161298e-05,-6.984,-41.4,-12.560449600219727,-92.8694839477539
46.60305556,13.67138889,2148.125,1993.0,0.6994583270516471,0.0,-10.22,-88.2,-12.463254928588867,-92.0553970336914
52.8911,11.7294,21.530273,2000.0,-0.970063921851507,0.0,-8.38,-59.8,-8.195732116699219,-57.18956756591797
39.03,141.81,81.234375,2004.0,-0.7116566222817751,0.0,-8.1,-51.16,-6.866888523101807,-45.181129455566406
-15.85,-47.93,1012.8125,1968.0,0.9562348265919056,8.033427729969844e-05,-4.1,-23.3,-5.502180576324463,-32.409523010253906
3.8631031,11.4554616,713.3125,2021.0,0.9510565162951535,0.0,-1.02,7.7,-1.8010926246643066,2.2270736694335938
49.19472222,-123.0172222,1.3475342,2017.0,0.29671281927349075,0.0,2.36,-30.2,-11.749641418457031,-86.07828521728516
46.65772518,8.292706832,1061.3125,2021.0,-0.9741004551724206,1.1910670764336828e-05,-10.82,-74.32,-9.8978271484375,-70.56778717041016
21.04534722,105.7986111,12.334473,2002.0,-0.4014879892059737,0.0,-2.94,-11.43,-3.2228150367736816,-11.078102111816406
47.4828,11.0622,716.1875,2000.0,-0.7116566222817751,6.148847023723647e-05,-17.69,-133.55,-12.524641036987305,-92.5695571899414
47.8008,11.0108,974.96875,2001.0,0.2386727660059501,0.0,-16.25,-123.07,-12.463254928588867,-92.0553970336914
43.49111613,-3.800555816,50.095703,2008.0,-0.23030567023061196,6.464657781179994e-05,-2.98,-9.25,-3.7080445289611816,-15.619117736816406
40.8203002,0.493333172,52.294922,2016.0,-0.7116566222817751,0.0,-7.21,-41.6,-6.1178154945373535,-38.170936584472656
42.7728,-0.33149,1302.3125,2016.0,0.2386727660059501,0.0,-8.32,-55.0,-11.12554931640625,-80.85099029541016
47.07777778,15.44888889,370.03125,2001.0,0.9760105506323683,0.0,-10.76,-81.4,-10.324972152709961,-74.1454849243164
38.66038889,-27.22009444,77.109375,1999.0,0.9368813462954315,0.0,-0.355,3.5,-3.399923801422119,-12.735572814941406
76.76666667,-18.66666667,0.0,2002.0,0.8406184056344782,0.0,-17.65,-126.55,-19.96259117126465,-154.86862182617188
4.05,114.81,27.053711,2008.0,0.2719581575341055,0.0003508946974761,-3.15,-13.63,-7.5761189460754395,-55.299781799316406
4.7,-74.13,2551.125,2011.0,-0.7236440382959123,3.30599068547599e-05,-16.01870426,-120.0803657,-8.19465446472168,-64.1244888305664
48.24861111,16.35638889,200.63281,2009.0,0.29671281927349075,0.0,-6.41,-43.1,-7.64188814163208,-51.672401428222656
12.13,15.03,294.5,1974.0,-0.2135209154397959,7.05430720699951e-05,-5.34,-25.5,-2.851614475250244,-7.604225158691406
42.7728,-0.33149,1302.3125,2017.0,0.6994583270516471,0.0,-9.73,-68.8,-10.34031867980957,-74.2740249633789
46.60305556,13.67138889,2148.125,1977.0,-0.2884824328806098,0.0001395625586155,-12.91,-94.3,-14.166719436645508,-106.3233413696289
45.6,13.93333333,486.53125,2002.0,-0.7236440382959123,7.72287148720352e-06,-7.33,-44.6,-11.406902313232422,-83.20755767822266
-29.15241944,-67.43877778,972.1875,2021.0,0.9760105506323683,0.0,0.52,5.5,-6.32737398147583,-40.13208770751953
13.07176111,-59.48972222,45.302734,1988.0,0.2386727660059501,2.746427162492182e-05,-0.92,6.9,-1.3061585426330566,6.858909606933594
-15.6,-56.1,177.79688,1965.0,-0.9587178169872964,0.0,1.5,19.9,-1.6555237770080566,3.5893783569335938
40.8203002,0.493333172,52.294922,2000.0,0.2802306751992159,0.0,-5.79,-41.6,-4.178717136383057,-20.023902893066406
-6.18,106.83,5.1230469,1962.0,-0.680773409477016,3.5795685107586905e-05,-2.7,-12.4,-5.385725498199463,-31.319679260253906
45.80666667,15.97,120.36328,2002.0,-0.9562348265919058,4.469670238904655e-05,-9.98,-62.4,-6.866340160369873,-45.73548126220703
-34.38,-58.28,0.0,1981.0,0.2386727660059501,0.0,-5.1,-35.4,-4.900496006011963,-26.778663635253906
43.365884,-8.421399,56.794922,2001.0,-0.2135209154397959,1.1813066294052987e-06,-5.26,-38.1,-3.079672336578369,-9.738502502441406
-33.95833333,18.46111111,109.49609,2000.0,-0.5452404385406507,1.2583829629875254e-05,-3.1,-7.0,-3.016592502593994,-9.148170471191406
34.01937778,-6.838286111,18.375977,2002.0,0.6994583270516471,5.402717761171516e-06,-2.31,-15.32,-4.047705173492432,-18.797828674316406
-33.97,18.6,41.798828,2012.0,0.6994583270516471,0.0,4.4753872,12.06503898,-3.225241184234619,-11.100807189941406
-22.94916667,-46.54916667,855.53125,1998.0,-0.8758917051442433,0.0,-5.32,-19.02,-2.909842014312744,-8.149147033691406
69.76666667,61.68333333,0.0,1985.0,-0.9741004551724206,1.3998786926094908e-05,-16.1,-117.0,-14.427610397338867,-108.5085220336914
50.06166667,19.84861111,356.8125,2020.0,-0.9634705485641486,0.0,-8.28,-53.8,-8.649377822875977,-60.56145477294922
46.60305556,13.67138889,2148.125,1983.0,-0.2884824328806098,1.4913932318449952e-05,-14.89,-107.1,-14.207643508911133,-106.6661148071289
49.0975,19.59,572.9375,1996.0,0.2802306751992159,2.055352888419293e-05,-6.34,-46.4,-9.539741516113281,-67.56851959228516
48.4042,2.6965,79.179688,2016.0,0.7295575540864875,0.0001699628483038,-6.94,-47.5,-6.371971130371094,-41.11371612548828
-2.53,140.72,68.566406,1978.0,-0.2884824328806098,0.0,-4.77,-25.7,-5.799383640289307,-35.190895080566406
22.31666667,114.1666667,34.056641,2016.0,0.9562348265919056,6.286837106017629e-06,-2.78,-9.4,-3.419332981109619,-12.917213439941406
39.95,32.88,920.125,2003.0,-0.9741004551724206,0.0,-5.77,-34.3,-6.208189487457275,-39.016700744628906
6.433333333,81.13333333,73.40625,1985.0,-0.2135209154397959,0.0,-1.85,-7.5,-3.2664856910705566,-11.486793518066406
-0.743055556,-90.30222222,1.7120972,2014.0,0.7748840413670407,0.0,-1.566812083,-4.476665188,-3.530935764312744,-13.961647033691406
13.73,100.5,5.7392578,1984.0,0.9721181966290613,0.0001000549091259,-7.83,-53.3,-3.8293519020080566,-16.754371643066406
49.7478,6.6581,259.26562,1991.0,-0.9741004551724206,1.032937416312052e-05,-6.77,-44.3,-7.706234931945801,-53.80735778808594
12.37861111,-1.503111111,292.625,2019.0,0.29671281927349075,8.24346934678033e-05,-4.1,-19.9,-4.831350803375244,-26.131568908691406
0.05,32.45,1135.4375,2015.0,-0.2884824328806098,0.0,-1.77,-5.3,-3.108786106109619,-10.010963439941406
32.53,35.85,648.125,1991.0,0.9760105506323683,0.0,-5.21,-19.8,-4.581457614898682,-23.792945861816406
9.4,42.01666667,2004.75,2002.0,0.741222010848596,0.0,0.74,16.7,-0.6316895484924316,13.170921325683594
37.97,23.72,100.17578,2019.0,0.6994583270516471,0.0,-6.93,-41.4,-5.305662631988525,-30.570411682128906
46.60305556,13.67138889,2148.125,2018.0,-0.801361088174677,0.0,-7.183,-38.98,-7.073331832885742,-48.12647247314453
-37.82,144.97,6.1674805,1968.0,-0.7116566222817751,0.0,-2.23,-12.4,-4.372808933258057,-21.840309143066406
38.05011111,23.866675,444.85938,2008.0,0.2802306751992159,0.0,-6.23,-40.85,-5.299597263336182,-30.513648986816406
41.13333333,-8.6,59.621094,2002.0,-0.2884824328806098,4.850126515520969e-06,-5.33,-28.8,-5.565260410308838,-32.999855041503906
15.88055556,74.49333333,777.75,2004.0,-0.7116566222817751,0.0,-4.4,-21.6,-1.3740906715393066,6.223167419433594
46.39864119,6.233803787,434.125,2007.0,0.6994583270516471,0.0001081308946595,-8.15,-57.42038689,-11.874971389770508,-87.1280288696289
10.86,0.2,372.54688,2016.0,-0.7961828637826154,0.000233163125813,-4.397,-24.0,-4.025869846343994,-18.593482971191406
68.75944444,161.3425,38.8125,2009.0,-0.7236440382959123,5.089939804747701e-06,-31.03,-227.8,-23.492292404174805,-184.43283081054688
40.8203002,0.493333172,52.294922,2000.0,-0.9634705485641486,0.0,-4.06,-17.8,-4.528082370758057,-23.293434143066406
-12.43,130.87,16.515625,2010.0,-0.9587178169872964,0.0,-1.79,-6.7,-1.6458191871643066,3.6801986694335938
68.75944444,161.3425,38.8125,2008.0,0.2802306751992159,1.4561444913852029e-05,-16.88,-134.19,-21.8450984954834,-170.63619995117188
8.92,-79.6,11.163086,1969.0,0.9510565162951535,2.248656892334111e-05,-0.26,6.2,-3.1015076637268066,-9.942848205566406
42.58834633,-5.651107617,911.78125,2008.0,-0.27195815753410524,0.0003501372993923,-10.2,-69.26,-9.278850555419922,-65.38333892822266
-0.331666667,31.76111111,1281.8125,2016.0,0.2386727660059501,1.6390211385441944e-05,-3.36,-14.9,-0.9956116676330566,9.765159606933594
52.1042,8.7519,134.42188,1995.0,0.9510565162951535,0.0,-6.7,-48.8,-8.52815055847168,-59.09558868408203
21.32,103.91,609.09375,2021.0,-0.680773409477016,0.0,-7.18,-51.8,-8.678056716918945,-71.0212173461914
50.3381,7.6,86.441406,2010.0,0.741222010848596,6.043722169124521e-05,-6.13,-45.84,-6.866888523101807,-45.181129455566406
45.6,13.93333333,486.53125,2000.0,-0.8214765533024145,0.0,-8.37,-45.59,-8.74044418334961,-60.87372589111328
50.06166667,19.84861111,356.8125,1985.0,-0.2135209154397959,2.6749985408969223e-05,-6.98,-48.1,-7.440784454345703,-49.98799133300781
33.725,36.13027778,1575.9375,1990.0,0.9510565162951535,0.0,-8.21,-47.8,-4.546278476715088,-23.463722229003906
54.0967,13.4056,1.5458374,2003.0,-0.680773409477016,0.0,-8.12,-50.1,-7.49481725692749,-50.44055938720703
47.4828,11.0622,716.1875,1987.0,0.6994583270516471,0.0,-13.98,-105.8,-14.28437614440918,-107.3088150024414
49.0392,8.365,112.44141,1999.0,0.6994583270516471,0.0,-8.37,-55.65,-9.938751220703125,-70.91056060791016
40.8203002,0.493333172,52.294922,2017.0,0.741222010848596,0.0,-2.42,-12.2,-4.632406711578369,-24.269752502441406
-22.94916667,-46.54916667,855.53125,1997.0,-0.7961828637826154,0.0002360065846005,-3.0,-2.69,-3.812368869781494,-16.595436096191406
50.11622222,14.39291667,182.82031,2013.0,-0.7236440382959123,0.0,-11.76,-87.8,-10.424724578857422,-74.98099517822266
76.76666667,-18.66666667,0.0,1997.0,-0.9587178169872964,0.0,-19.11,-146.9,-15.829259872436523,-120.2485122680664
55.33333333,78.36666667,119.27734,1999.0,0.29671281927349075,4.547047865344212e-05,-7.8,-59.3,-8.835081100463867,-61.66638946533203
-45.35,-72.07,583.1875,1994.0,0.741222010848596,0.0,-9.83,-69.0,-9.072576522827148,-76.6498794555664
41.66056063,-1.004162565,244.98438,2000.0,0.9562348265919056,2.330748611711897e-05,-3.97,-13.0,-6.14086389541626,-38.386634826660156
41.66056063,-1.004162565,244.98438,2014.0,-0.9741004551724206,0.0,-3.73,-34.0,-6.103865146636963,-38.040382385253906
4.377083333,18.56247222,359.875,2011.0,-0.2135209154397959,0.0,-0.854430989,8.474796747,-1.1945557594299316,7.903343200683594
-34.23583333,142.0866667,49.828125,2014.0,-0.9587178169872964,0.0,-6.44,-37.7,-3.3538269996643066,-12.304176330566406
47.42692898,9.400776879,758.46875,2019.0,0.2386727660059501,0.0001971815654542,-13.55,-98.81,-11.621753692626953,-85.00711822509766
46.17378583,8.788556051,407.5,2004.0,-0.27195815753410524,1.3212029443820938e-05,-12.65,-88.59,-12.146093368530273,-89.3989028930664
28.2,113.0666667,44.691406,1988.0,0.9721181966290613,0.0002919914259109,0.41,21.8,-3.715322971343994,-15.687232971191406
-40.68,144.69,82.167969,1997.0,-0.9741004551724206,2.263278929603985e-06,-4.1,-21.1,-3.7759766578674316,-16.254859924316406
-22.9,-43.17,0.0,1975.0,0.9510565162951535,0.0001206833039759,-3.16,-16.3,-4.811941623687744,-25.949928283691406
36.03,129.38,4.7189941,1964.0,-0.9634705485641486,0.0,-6.66,-37.2,-7.20880651473999,-50.059303283691406
14.52,121.0,3.6977539,1965.0,-0.7236440382959123,0.0001600278483238,-5.3,-14.7,-5.862463474273682,-35.781227111816406
45.81666667,15.98333333,156.41406,2002.0,0.741222010848596,0.0,-5.3,-37.2,-7.223695278167725,-48.16968536376953
49.7478,6.6581,259.26562,1981.0,-0.680773409477016,4.085579348611645e-05,-5.68,-38.7,-6.866888523101807,-45.181129455566406
60.18008889,24.83286111,14.698242,2011.0,0.9760105506323683,6.048419891158119e-06,-10.25,-77.6,-11.821258544921875,-86.67813873291016
45.37,-63.27,12.535156,1975.0,-0.9587178169872964,0.0,-5.2,-30.0,-7.18923282623291,-48.94563293457031
-34.82175,-58.57258333,11.479492,2019.0,0.6994583270516471,0.0,-3.58,-13.7,-6.031080722808838,-37.359230041503906
46.37222222,6.470833333,387.75,1994.0,-0.2884824328806098,1.0235525223833974e-05,-8.47,-60.0,-12.110284805297852,-89.0989761352539
50.06166667,19.84861111,356.8125,2000.0,-0.7116566222817751,9.236209734808654e-05,-9.85,-66.1,-11.675466537475586,-85.4570083618164
54.5283,11.0603,1.9006348,2006.0,0.2386727660059501,5.5445776524720713e-05,-9.61,-69.6,-9.399065017700195,-66.3902359008789
6.966666667,80.76666667,1882.75,1987.0,0.6994583270516471,0.0,-3.64,-14.1,-5.115210056304932,-28.788063049316406
46.39864119,6.233803787,434.125,1997.0,0.9760105506323683,4.591187826008536e-05,-8.25,-63.8,-9.93107795715332,-70.8462905883789
13.50277778,-88.51805556,1017.5312,1997.0,0.5947266869607634,0.0,-2.3,-3.9,-5.570112705230713,-33.045265197753906
-34.05,115.0249,77.78125,2017.0,-0.9859481499638303,5.3107502026250586e-05,-1.09,1.9,-2.9607911109924316,-8.625953674316406
36.15,-5.35,1.5737915,2005.0,0.6994583270516471,0.0,-6.8,-40.4,-4.577818393707275,-23.758888244628906
10.00036389,-84.10913333,1157.3125,2017.0,-0.9844738167520923,0.000420716125518,-4.92779792,-29.20560154,-8.097139358520508,-64.41388702392578
45.32,-75.67,112.08594,2017.0,0.9510565162951535,1.3886708075006028e-05,-10.7,-78.2,-10.76490592956543,-77.8302993774414
-40.35,-9.88,37.345703,2000.0,-0.970063921851507,3.75678573618643e-05,-4.01,-20.3,-4.4176926612854,-22.260353088378906
55.7,37.51666667,199.46875,2019.0,-0.7236440382959123,9.527147994958796e-06,-10.78,-67.0,-13.45054817199707,-100.3248062133789
60.72,-135.07,695.0,1988.0,-0.7116566222817751,1.8251823348691687e-05,-27.3,-206.0,-23.144437789916992,-181.51925659179688
51.6,-1.1,55.042969,1993.0,0.9760105506323683,0.0,-7.6,-54.0,-7.373293876647949,-50.26823425292969
35.68,51.32,1161.1875,1967.0,0.9760105506323683,0.0,-3.5,-21.5,-4.700338840484619,-24.905494689941406
54.5283,11.0603,1.9006348,2007.0,-0.680773409477016,1.4102147360972594e-05,-6.07,-42.1,-7.476912975311279,-50.29059600830078
36.15,-5.35,1.5737915,1988.0,-0.970063921851507,0.0,-6.11,-37.7,-4.502607822418213,-23.055030822753906
13.07176111,-59.48972222,45.302734,1988.0,0.2802306751992159,8.444929335382767e-06,-2.38,-9.2,-1.3789429664611816,6.177757263183594
31.33,27.21666667,24.701172,2003.0,0.9510565162951535,0.0,-0.66,9.4,-3.4460206031799316,-13.166969299316406
46.60305556,13.67138889,2148.125,2017.0,0.42500033996955416,0.0001278335548704,-5.251,-24.22,-8.190305709838867,-58.08783721923828
-21.2,-159.8,7.8220215,1981.0,-0.2884824328806098,0.0002460404066368,-4.87,-29.3,-3.9555115699768066,-17.935035705566406
9.6678,80.0065,5.8981934,2018.0,0.2386727660059501,1.61321679570392e-06,-0.55,7.1,-3.7031922340393066,-15.573707580566406
37.97,23.72,100.17578,2020.0,-0.6932812268869771,0.0,-4.07,-28.6,-3.3150086402893066,-11.940895080566406
37.1644591,-5.611393166,86.394531,2010.0,0.9760105506323683,5.651767787639983e-05,-3.16,-20.11,-4.697912693023682,-24.882789611816406
-30.08,-51.18,244.72656,1980.0,0.6994583270516471,0.0001432415592717,-6.21,-38.6,-6.165731906890869,-38.619361877441406
49.7703,9.9578,265.90625,2010.0,-0.2135209154397959,0.0,-6.19,-42.69,-6.425936222076416,-41.054481506347656
33.21722222,-87.54305556,64.535156,2007.0,0.5737722679043246,0.0001861951022874,0.2,14.3,-4.392218112945557,-22.021949768066406
36.78,3.052222222,139.10156,2001.0,-0.9587178169872964,0.0,-3.71,-22.3,-4.343695163726807,-21.567848205566406
46.32516,16.29311,176.45312,2018.0,0.29671281927349075,0.0001581555552547,-4.88,-30.7,-6.577418804168701,-42.472129821777344
34.60376944,43.68120556,114.01953,2012.0,0.8840675099433636,0.0001105723204091,-4.78,-21.9,-3.642538547515869,-15.006080627441406
50.06166667,19.84861111,356.8125,1985.0,-0.2884824328806098,3.639041096903384e-05,-8.69,-59.9,-11.972166061401367,-87.9421157836914
51.35,12.43,125.46484,1997.0,0.9760105506323683,0.0,-5.71,-41.5,-8.909255981445312,-62.28766632080078
-20.3625,57.48555556,565.40625,1995.0,-0.680773409477016,1.4832363376626743e-05,-2.11,-3.1,-2.240225315093994,-1.8825454711914062
42.5859,10.07945,19.258789,2016.0,-0.970063921851507,0.0,-3.74,-15.6,-5.299597263336182,-30.513648986816406
51.77,-104.2,553.34375,1977.0,0.9760105506323683,0.0,-14.1,-111.0,-18.110776901245117,-139.35812377929688
50.92,5.78,111.17188,1986.0,0.9760105506323683,0.0,-8.14,-44.2,-8.00189208984375,-54.68773651123047
19.31396667,-99.3094,2965.0,2014.0,-0.970063921851507,3.192509029759094e-05,-16.46,-115.71,-8.68979263305664,-72.45323944091797
39.55339029,2.625298143,5.3820801,2021.0,-0.2884824328806098,3.3550320495123742e-06,-5.53,-31.7,-5.904921054840088,-36.178565979003906
76.76666667,-18.66666667,0.0,2009.0,-0.2135209154397959,4.4134179916e-05,-15.3,-116.4,-14.396917343139648,-108.2514419555664
4.65325,-74.09894167,2552.75,1998.0,-0.2884824328806098,0.0,-8.15,-51.75,-7.688126564025879,-56.897804260253906
31.62,25.95,0.0,1989.0,0.9510565162951535,7.921790711407084e-06,-5.88,-27.5,-3.1597352027893066,-10.487770080566406
10.00036389,-84.10913333,1157.3125,2014.0,0.4711595076738638,0.0002093537623295,-9.238388333,-61.7650117,-8.459482192993164,-67.9028091430664
52.141,-106.6244,507.71875,1990.0,0.29671281927349075,0.0,-9.6,-69.2,-13.112924575805664,-97.4969253540039
34.01937778,-6.838286111,18.375977,2000.0,-0.01721335615583528,6.550626858370379e-05,-0.32,8.88,-0.28461313247680664,1.7800483703613281
7.08,38.48,1698.0625,1999.0,-0.2135209154397959,0.0,-3.44,-13.3,-1.7768311500549316,2.4541244506835938
-20.901,55.484,83.28125,2021.0,0.6994583270516471,0.0,-3.4,-15.7,-3.2228150367736816,-11.078102111816406
50.3119,11.8758,564.53125,1983.0,0.9510565162951535,0.0,-9.89,-71.2,-11.089740753173828,-80.55106353759766
22.31666667,114.1666667,34.056641,2017.0,0.9510565162951535,3.90492714359425e-05,-3.06,-13.5,-3.312582492828369,-11.918190002441406
47.42692898,9.400776879,758.46875,2010.0,-0.2884824328806098,0.0005134549573995,-16.76,-123.8599728,-12.217710494995117,-89.9987564086914
-0.13,-67.08,58.835938,1977.0,-0.680773409477016,6.526505603687838e-05,-1.9,-1.2,-3.1548829078674316,-10.442359924316406
25.01666667,102.6833333,1907.8125,1996.0,-0.6932812268869771,7.033224392216653e-05,-14.83,-113.9,-9.716506958007812,-85.8368911743164
41.733333,43.516667,0.0,2021.0,0.741222010848596,0.0,-3.24,-12.1,-4.992689609527588,-27.641456604003906
51.83,6.25,9.5,2008.0,0.7295575540864875,1.1864067346323282e-05,-5.13,-26.15,-6.866888523101807,-45.181129455566406
28.58,77.2,222.79688,2002.0,-0.2884824328806098,0.0,-3.14,-3.5,-2.8831543922424316,-7.899391174316406
50.3119,11.8758,564.53125,1998.0,-0.680773409477016,0.0001259331475012,-6.99,-50.0,-6.866888523101807,-45.181129455566406
13.55,144.83,113.0,1965.0,0.9760105506323683,1.718938619887922e-05,2.1,3.4,-3.031149387359619,-9.284400939941406
34.01937778,-6.838286111,18.375977,2002.0,-0.994217906893952,2.0321670035627903e-06,-7.19,-38.13,-4.202978610992432,-20.250953674316406
-34.05,115.0249,77.78125,2014.0,-0.07738647923346322,9.122243500314652e-05,-3.16,-12.3,-3.2858948707580566,-11.668434143066406
22.31666667,114.1666667,34.056641,1981.0,0.9510565162951535,8.290760888485238e-06,-3.12,-10.2,-3.749289035797119,-16.005104064941406
-3.12,-60.02,49.394531,1985.0,-0.2884824328806098,7.73466017562896e-05,-3.1,-12.0,-3.3053040504455566,-11.850074768066406
18.47,-70.02,1.0,2002.0,-0.9741004551724206,0.0,-1.78,-3.9,-3.6061463356018066,-14.665504455566406
25.01666667,102.6833333,1907.8125,1998.0,-0.2135209154397959,0.0002538989647291,-10.0,-57.0,-9.357357025146484,-80.7128677368164
6.906666667,79.87,14.911133,1986.0,-0.9587178169872964,0.0002292698773089,-3.07,-16.6,-4.302450656890869,-21.181861877441406
36.15,-5.35,1.5737915,1978.0,-0.2884824328806098,0.0,-6.2,-32.0,-5.365103244781494,-31.126686096191406
49.068224,13.614822,1118.0,2016.0,-0.6932812268869771,0.0,-6.46,-42.9,-6.4283623695373535,-41.077186584472656
46.98141401,6.607999655,1046.0625,2000.0,-0.7116566222817751,4.0137561882147565e-05,-13.98,-102.915061,-12.606489181518555,-93.2551040649414
22.71666667,89.08333333,11.063965,2015.0,-0.2135209154397959,0.000266401679255,-5.24,-31.6,-6.3313164710998535,-40.168983459472656
44.42,8.85,5.4519043,1986.0,-0.9741004551724206,1.0634536010911688e-05,-3.86,-5.2,-5.214682102203369,-29.718971252441406
44.42,8.85,5.4519043,1980.0,-0.970063921851507,0.0,-8.78,-60.8,-5.522802829742432,-32.602516174316406
-5.8,-35.2,40.765625,1966.0,0.9510565162951535,3.619982817326672e-05,-2.2,-8.1,-3.2228150367736816,-11.078102111816406
-23.8,133.88,544.75,1962.0,0.29671281927349075,0.0,-3.0,-14.9,-3.8439087867736816,-16.890602111816406
7.17,2.07,154.96875,2014.0,0.741222010848596,9.34530544327572e-05,-7.43,-44.5,-2.7181763648986816,-6.355445861816406
51.6,-1.1,55.042969,2007.0,-0.9587178169872964,0.0,-5.52,-34.6,-6.222139835357666,-39.147254943847656
9.0,38.73,2329.125,1992.0,-0.9634705485641486,0.0,-1.48,3.7,-1.0053162574768066,9.674339294433594
31.18333333,29.95,-4.0114746,1966.0,-0.9587178169872964,0.0,-1.8,-13.7,-2.6502442359924316,-5.719703674316406
50.4972,9.9428,920.40625,2002.0,0.741222010848596,1.906137549667619e-05,-9.15,-64.35,-8.599767684936523,-59.69544219970703
30.99666667,78.94027778,3176.75,2005.0,-0.2135209154397959,0.0001994622143683,-17.6,-124.3,-8.74063491821289,-71.9140396118164
47.59583333,7.594444444,248.26562,1998.0,0.9760105506323683,1.6364499970222823e-05,-11.3,-84.1,-9.191886901855469,-64.65494537353516
52.141,-106.6244,507.71875,2006.0,-0.2135209154397959,0.0001090611331164,-12.39,-103.15,-14.519689559936523,-109.2797622680664
47.38333333,123.9166667,143.5,1990.0,0.9760105506323683,0.0,-18.02,-136.8,-16.898401260375977,-129.20346069335938
47.81666667,13.71777778,1616.0625,2021.0,0.717676913675962,0.000114329799544,-14.801,-106.45,-11.739410400390625,-85.99259185791016
31.62,25.95,0.0,2002.0,-0.49377555015997737,0.0,-6.03,-33.5,-4.526869297027588,-23.282081604003906
46.60305556,13.67138889,2148.125,2017.0,-0.6287628145958345,0.0,-5.29,-29.8,-13.158964157104492,-97.8825454711914
60.72,-135.07,695.0,1961.0,0.741222010848596,0.0,-15.6,-127.4,-19.63519859313965,-152.12643432617188
18.28,79.44,228.72656,1977.0,-0.9741004551724206,0.0,-5.32,-34.9,-6.866888523101807,-45.181129455566406
45.46666667,13.61666667,0.5645752,2006.0,0.6994583270516471,7.07749932189472e-05,-10.47,-74.15,-7.030611991882324,-46.56047821044922
-75.58333333,-20.56666667,105.53516,1993.0,0.6994583270516471,0.0,-15.87,-121.9,-18.924400329589844,-152.23190307617188
72.58,-38.4799,3202.0,2011.0,-0.9859481499638303,2.066821616608649e-05,-35.35214448,-276.6187835,-35.73882293701172,-287.0077819824219
-7.315277778,72.42805556,2.3126221,1976.0,0.6994583270516471,2.037967715295963e-05,-3.69,-20.9,-3.487265110015869,-13.552955627441406
5.383333333,103.1,10.330566,2017.0,0.29671281927349075,2.1326481146388687e-05,-6.06,-39.4,-6.250040531158447,-39.408363342285156
-1.55085,29.26785,2256.25,2015.0,0.9760105506323683,7.384063064819202e-05,-4.607,-20.34,-2.8880066871643066,-7.944801330566406
47.59583333,7.594444444,248.26562,2001.0,0.6994583270516471,0.0001641417038626,-8.13,-59.55,-10.70096206665039,-77.29471588134766
-34.38,-58.28,0.0,2000.0,-0.970063921851507,1.0622924492054152e-05,-3.4,-15.0,-3.210684299468994,-10.964576721191406
50.3381,7.6,86.441406,2002.0,0.6994583270516471,9.5338502433151e-05,-6.39,-47.6,-9.31338119506836,-65.67255401611328
51.3,3.75,9.4589844,1997.0,0.7856498550787147,7.656786328880116e-05,-6.1,-39.4,-6.718817710876465,-43.79541015625
38.93,100.43,1490.125,2002.0,-0.9587178169872964,0.0,-4.0,-37.2,-4.927183628082275,-27.028419494628906
49.881,-119.5494,504.51562,2010.0,-0.5737722679043243,0.0,-9.6,-81.0,-15.51209831237793,-117.5920181274414
42.025,35.15833333,61.443359,2015.0,0.6994583270516471,4.444883597898297e-05,-9.13,-57.5,-9.345352172851562,-65.94034576416016
48.24861111,16.35638889,200.63281,1996.0,-0.970063921851507,0.0,-8.84,-61.2,-8.587007522583008,-61.057899475097656
39.95,32.88,920.125,2019.0,0.29671281927349075,0.0,-1.69,-10.2,-5.623487949371338,-33.544776916503906
46.49143367,9.898180888,1767.6875,2011.0,-0.2135209154397959,2.1000189008191228e-05,-6.96,-44.56,-8.461648941040039,-58.53858184814453
47.81666667,13.71777778,1616.0625,2001.0,0.705583610107178,0.0,-13.78,-99.9,-13.327775955200195,-99.2964859008789
-5.8,-35.2,40.765625,1966.0,0.29671281927349075,0.000239747314481,-1.0,2.0,-2.7812561988830566,-6.945777893066406
-32.88,-68.85,762.84375,1987.0,-0.9741004551724206,0.0,-0.3,-19.0,-5.63076639175415,-33.612892150878906
40.41666667,-7.55,1295.4375,2000.0,0.2802306751992159,0.0,-6.14,-35.2,-5.473066806793213,-32.137062072753906
46.39864119,6.233803787,434.125,2003.0,-0.2135209154397959,0.0,-2.0,-12.08901274,-6.392576694488525,-40.742286682128906
46.72738634,8.186782163,600.90625,2021.0,-0.2884824328806098,0.0001314250694122,-17.02,-128.71,-12.938997268676758,-96.0401382446289
46.95222563,7.439320571,542.53125,2008.0,-0.6932812268869771,0.0001022720680339,-5.17,-30.55,-6.386814594268799,-40.68836212158203
-23.8,133.88,544.75,2005.0,-0.9587178169872964,0.0,2.65,27.7,-1.7865357398986816,2.3633041381835938
31.2025,29.87666667,-7.1420898,2001.0,-0.23867276600594997,0.0,-2.38,2.6,-4.161734104156494,-19.864967346191406
3.783333333,103.3333333,8.0805664,2020.0,-0.970063921851507,0.0001177468802779,-5.0,-26.9,-6.265151023864746,-41.755653381347656
-34.05,115.0249,77.78125,2011.0,-0.42500033996955394,7.484730303985998e-05,-1.97,1.8,-3.268911838531494,-11.509498596191406
52.1,5.18,1.7967529,1998.0,-0.8452490573530633,0.0,-5.5,-36.3,-6.866888523101807,-45.181129455566406
39.95,32.88,920.125,2005.0,-0.9587178169872964,0.0,-8.56,-55.31,-5.627127170562744,-33.578834533691406
-35.07,173.28,71.449219,1989.0,-0.680773409477016,8.345131936948746e-05,-6.78,-39.7,-3.6207032203674316,-14.801734924316406
7.334444444,80.62638889,475.8125,2017.0,-0.9587178169872964,0.0,-4.03,-23.1,-3.375662326812744,-12.508522033691406
32.97,35.5,816.46875,1987.0,0.9510565162951535,0.0,-6.73,-24.8,-4.824072360992432,-26.063453674316406
-21.02823729,55.47161911,1175.3125,2020.0,-0.9611297838723007,3.526484988469747e-06,-3.552,-14.83,-1.5002503395080566,5.042503356933594
38.28,21.79,113.0625,2004.0,-0.27195815753410524,0.0,-6.89,-41.6,-6.1372246742248535,-38.352577209472656
49.0392,8.365,112.44141,1987.0,-0.9587178169872964,2.5322688088635917e-05,-6.49,-42.3,-6.801079273223877,-45.980934143066406
52.1,5.18,1.7967529,1988.0,-0.9634705485641486,0.0,-5.51,-35.0,-6.44595193862915,-41.241798400878906
32.18,118.18,39.578125,1991.0,-0.9587178169872964,4.468919360078871e-05,-9.24,-45.4,-7.598403453826904,-55.679725646972656
-38.73263889,-72.58922222,110.76172,1991.0,0.6994583270516471,5.070762563263997e-05,-7.2,-48.0,-6.058374881744385,-37.614662170410156
-46.42,168.32,-0.90939331,2012.0,0.6994583270516471,0.0002134512760676,-5.34,-37.3,-6.866888523101807,-45.181129455566406
4.83,-52.37,7.9216309,1974.0,0.9760105506323683,9.78318857960403e-05,-2.21,-7.0,-2.613852024078369,-5.379127502441406
40.56666667,8.166666667,0.0,2001.0,-0.9587178169872964,0.0,-3.4,-12.59,-4.403135776519775,-22.124122619628906
44.09,11.08,1145.625,1972.0,0.2386727660059501,1.4759048099222127e-05,-11.3,-69.9,-8.7412691116333,-63.26630401611328
51.35,12.43,125.46484,1994.0,-0.7236440382959123,9.867172593658324e-06,-7.42,-55.3,-10.069196701049805,-72.0031509399414
-3.72,-38.55,19.124023,1974.0,-0.2135209154397959,3.1220654950203644e-09,-0.48,0.4,-2.2863221168518066,-2.3139419555664062
53.8713,8.7058,4.7202148,1979.0,0.29671281927349075,0.0,-5.65,-37.9,-6.866888523101807,-45.181129455566406
4.466666667,101.3833333,1451.4375,1996.0,0.7295575540864875,0.0002015550271607,-7.08,-35.9,-6.866888523101807,-45.181129455566406
19.53,-96.91,1381.3125,2019.0,-0.680773409477016,0.0,-5.21,-29.7,-3.5479187965393066,-14.120582580566406
50.92,5.78,111.17188,2006.0,-0.888057322629493,0.0,-4.57,-25.25,-6.1614861488342285,-38.579627990722656
49.7478,6.6581,259.26562,2012.0,-0.970063921851507,8.97511654329719e-06,-9.63,-66.11,-7.87207555770874,-54.7038459777832
23.05,-82.21666667,123.02734,2019.0,-0.9587178169872964,3.88745465897955e-05,-4.45,-24.1,-3.6401124000549316,-14.983375549316406
47.81666667,13.71777778,1616.0625,2022.0,-0.27195815753410524,0.0,-11.36,-84.33,-13.087347030639648,-97.2826919555664
14.64616667,-3.111833333,299.89062,1997.0,0.29671281927349075,0.0,-0.54,-6.7,-3.283468723297119,-11.645729064941406
44.73805556,-0.774722222,59.488281,2020.0,-0.970063921851507,3.762476990232244e-05,0.07,0.3,-5.741762638092041,-34.651649475097656
32.2361,-110.9439,753.21875,2012.0,-0.7116566222817751,7.84895455581136e-05,-4.1,-23.0,-6.49037504196167,-44.733741760253906
46.72738634,8.186782163,600.90625,2018.0,-0.680773409477016,0.0,-6.43,-36.6,-6.427149295806885,-41.065834045410156
12.13,15.03,294.5,1977.0,0.29671281927349075,0.0,0.57,13.6,-0.45700693130493164,14.805686950683594
43.49111613,-3.800555816,50.095703,2011.0,-0.7236440382959123,0.0,-5.75,-28.9,-5.918264865875244,-36.303443908691406
44.23,-79.77,234.99219,2000.0,0.2802306751992159,0.0001608972816029,-8.1,-54.2,-7.656595230102539,-51.79558563232422
-6.18,106.83,5.1230469,1992.0,-0.27195815753410524,7.934292807476595e-05,-4.75,-23.1,-5.430609226226807,-31.739723205566406
7.198611111,-72.97388889,1864.375,2006.0,-0.680773409477016,0.0,-9.97,-70.7,-6.731440544128418,-46.333106994628906
28.276976,84.30961,2101.5,2016.0,0.06021327736579302,0.0,-5.167864916,-34.74799199,-6.574026584625244,-43.53052520751953
-33.97,18.6,41.798828,1971.0,-0.7236440382959123,0.0,0.39,7.0,-3.0141663551330566,-9.125465393066406
-21.54022,-64.69846,1877.5,2008.0,-0.9634705485641486,0.0,0.16,22.1,-2.8394837379455566,-7.490699768066406
41.67805556,26.55916667,95.183594,2010.0,0.741222010848596,1.4338575965666678e-05,-3.5037235,-32.38575248,-5.887331485748291,-36.013954162597656
36.88,30.7,0.0,1978.0,0.9760105506323683,0.0,-8.22,-47.3,-4.646963596343994,-24.405982971191406
-75.58333333,-20.56666667,105.53516,1998.0,-0.7236440382959123,7.220623703890143e-08,-22.8,-177.5,-21.915884017944336,-177.43234252929688
9.0,38.73,2329.125,2003.0,0.741222010848596,0.0,2.77,29.7,-0.5977234840393066,13.488792419433594
4.377083333,18.56247222,359.875,2018.0,0.6994583270516471,0.0,-1.37,3.4,-1.4565796852111816,5.451194763183594
-9.55,16.37,1154.5,1983.0,0.6994583270516471,2.8323265723884106e-05,-3.54,-11.6,-4.210257053375244,-20.319068908691406
-9.55,16.37,1154.5,1974.0,0.6994583270516471,0.0001071136866812,-3.36,-12.4,-4.915052890777588,-26.914894104003906
46.64833333,14.31833333,448.71875,1997.0,-0.7236440382959123,0.0,-13.27,-95.6,-11.941473007202148,-87.6850357055664
50.92,5.78,111.17188,2007.0,0.4482293417404106,0.0,-9.69,-65.8,-6.866888523101807,-45.181129455566406
-15.6,-56.1,177.79688,1989.0,-0.9741004551724206,0.0001411313860444,-2.38,-1.7,-1.8253540992736816,2.0000228881835938
4.7,-74.13,2551.125,2008.0,-0.27195815753410524,2.240675166831352e-05,-5.29,-29.42,-7.781088352203369,-58.224098205566406
40.50691,-1.65147,1713.75,2018.0,0.6994583270516471,0.0,-13.19,-94.0,-9.86457633972168,-70.2892837524414
37.1644591,-5.611393166,86.394531,2018.0,-0.2884824328806098,0.0001970795856323,-1.81,-1.2,-5.10671854019165,-28.708595275878906
50.3119,11.8758,564.53125,2005.0,-0.9741004551724206,0.0001040200295392,-7.71,-53.2,-8.772415161132812,-61.141517639160156
-34.90416667,-56.16666667,34.734375,2012.0,0.2802306751992159,0.0,-2.91,-8.31,-5.357824802398682,-31.058570861816406
-0.694444444,-90.325,182.40625,1996.0,-0.6932812268869771,0.0,-1.49,-3.8,-1.7622742652893066,2.5903549194335938
49.7478,6.6581,259.26562,1993.0,-0.2884824328806098,1.880020499811508e-05,-7.85,-59.5,-10.079427719116211,-72.0888442993164
51.83,6.25,9.5,2011.0,-0.2884824328806098,6.365697481669486e-05,-5.58,-41.95,-8.425840377807617,-58.23865509033203
-6.18,106.83,5.1230469,1992.0,-0.6932812268869771,1.232522936334135e-05,-2.9,-9.6,-5.323858737945557,-30.740699768066406
47.47051111,21.49041944,105.30859,2005.0,-0.9760105506323682,0.0,-10.18,-77.24,-8.51791000366211,-60.62207794189453
38.66038889,-27.22009444,77.109375,1999.0,0.38566340624360707,2.532649705244694e-05,-2.465,-2.6,-3.938528537750244,-17.776100158691406
-40.68,144.69,82.167969,2009.0,0.2386727660059501,1.482546167608234e-06,-0.36,0.7,-4.667585849761963,-24.598976135253906
23.05,-82.21666667,123.02734,2017.0,0.6994583270516471,0.0,1.9,18.0,-2.6162781715393066,-5.401832580566406
-53.0,-70.833333,32.589844,1997.0,0.741222010848596,0.0002081105631077,-9.36,-67.2,-8.496667861938477,-68.4333267211914
33.46555556,126.9333333,5.9509277,1996.0,-0.9959189961471792,0.0002920782135333,-7.4,-41.0,-6.03835916519165,-37.427345275878906
43.587,13.51533333,153.78906,2015.0,-0.7236440382959123,5.413817416410893e-05,-12.21,-83.3,-6.635494709014893,-43.01563262939453
-3.25,-79.98333333,2.8572998,1993.0,-0.2884824328806098,0.0,-1.82,-6.09,-2.3202881813049316,-2.6318130493164062
44.73805556,-0.774722222,59.488281,2014.0,0.9510565162951535,0.0,-6.08,-34.1,-5.924330234527588,-36.360206604003906
20.76085,-156.2678,1764.125,1997.0,0.8498170915275278,0.0,-7.1,-42.0,-5.41726541519165,-31.614845275878906
51.3,3.75,9.4589844,1999.0,0.09453674981719912,0.0,-4.9,-31.1,-6.55057954788208,-42.22095489501953
38.01666667,-7.866666667,279.60938,1989.0,0.9510565162951535,0.0,-5.92,-35.3,-5.147963047027588,-29.094581604003906
28.63,-106.07,1444.25,1984.0,0.2386727660059501,0.0,-6.19,-31.2,-6.891702175140381,-45.5351448059082
52.4672,13.4019,47.5625,2012.0,-0.9634705485641486,0.0,-5.87,-40.93,-7.437468528747559,-50.85984802246094
49.0975,19.59,572.9375,2014.0,0.29671281927349075,0.0,-5.87,-36.2,-7.717981338500977,-52.30974578857422
-36.8,-59.83,137.54688,2001.0,0.9760105506323683,0.0,-4.2,-23.0,-6.01470422744751,-37.205970764160156
23.64,88.85,18.375977,2017.0,-0.2884824328806098,0.0,-8.45,-58.7,-6.866888523101807,-45.181129455566406
-2.77,-171.72,2.7612305,1963.0,0.9510565162951535,0.0,-0.7,-0.6,-3.6158509254455566,-14.756324768066406
47.07777778,15.44888889,370.03125,1993.0,-0.2884824328806098,2.7260324714006856e-05,-15.93,-115.6,-12.785531997680664,-94.7547378540039
32.18,118.18,39.578125,1989.0,-0.7236440382959123,0.0,-5.63,-36.4,-6.516613483428955,-41.90308380126953
39.95,32.88,920.125,2013.0,0.9510565162951535,1.2604065886989702e-05,-9.29,-64.99,-8.611276626586914,-59.791847229003906
-33.95833333,18.46111111,109.49609,2000.0,-0.2135209154397959,0.0,-6.73,-42.0,-3.501821994781494,-13.689186096191406
45.8,28.2,40.330078,2008.0,0.2386727660059501,0.0,-12.78,-92.56,-13.757478713989258,-102.8956069946289
13.07176111,-59.48972222,45.302734,1984.0,0.7295575540864875,2.8041880796081387e-05,-0.5,9.6,-1.3740906715393066,6.223167419433594
31.2025,29.87666667,-7.1420898,2002.0,0.6354323008901774,0.0,2.17,33.25,-3.4169068336486816,-12.894508361816406
34.3,108.93,399.84375,1988.0,0.7295575540864875,0.0,-6.23,-37.4,-4.198126316070557,-20.205543518066406
47.37233597,8.083138245,397.48438,2006.0,-0.2135209154397959,5.078556932858192e-05,-4.69,-29.98718865,-6.489925861358643,-41.65332794189453
47.833185,1.940433,113.78516,2014.0,0.9760105506323683,0.0,-7.9,-56.3,-7.553308010101318,-50.91631317138672
41.9,13.31666667,1152.75,2001.0,-0.7236440382959123,0.0,-10.23,-60.68,-8.51280403137207,-58.96704864501953
22.31666667,114.1666667,34.056641,2003.0,0.6994583270516471,1.13737614810816e-05,-2.4,-0.4,-3.0044617652893066,-9.034645080566406
28.22,-177.37,0.0,1991.0,0.29671281927349075,1.4581599316443317e-05,-2.45,-4.0,-2.9850525856018066,-8.853004455566406
58.1,6.57,0.0,1962.0,-0.2135209154397959,0.0,-6.4,-39.7,-6.866888523101807,-45.181129455566406
-2.53,140.72,68.566406,1961.0,-0.7236440382959123,0.0001112320678657,-5.3,-39.7,-5.855185031890869,-35.713111877441406
36.62,127.46,80.589844,2014.0,0.9760105506323683,0.0,-7.98,-40.1,-5.906134128570557,-36.189918518066406
-40.35,-9.88,37.345703,1974.0,0.9760105506323683,2.0357916241664498e-07,-4.6,-29.8,-4.528082370758057,-23.293434143066406
-65.07944444,-63.9775,286.6875,1976.0,-0.6932812268869771,3.221686239595767e-07,-14.73,-111.2,-8.610298156738281,-91.24129486083984
4.05,114.81,27.053711,2009.0,-0.801361088174677,0.0002375476178713,-3.91,-21.42,-8.090356826782227,-62.636451721191406
45.32,-75.67,112.08594,2009.0,-0.9741004551724206,0.0,-11.06547683,-79.48,-9.992464065551758,-71.3604507446289
33.65694444,73.26611111,580.9375,1996.0,-0.23030567023061196,0.0008329863776452,-2.62,-11.3,-4.545065402984619,-23.452369689941406
9.93,-84.1,1135.125,2016.0,-0.970063921851507,0.0001895004243124,-8.68,-59.4,-8.474563598632812,-69.11682891845703
-21.43846,-65.71519,2957.125,2011.0,-0.9587178169872964,0.0,9.58,77.1,-3.7759766578674316,-16.254859924316406
-7.315277778,72.42805556,2.3126221,1965.0,-0.9741004551724206,1.4988534530857578e-05,-4.4,-27.3,-3.9166932106018066,-17.571754455566406
26.08333333,119.2833333,13.927246,1986.0,0.9760105506323683,5.067190159024904e-06,-3.56,-21.3,-3.695913791656494,-15.505592346191406
0.083333333,-76.86666667,295.01562,1993.0,-0.9587178169872964,0.0,-4.66,-25.0,-3.176718235015869,-10.646705627441406
-65.07944444,-63.9775,286.6875,1981.0,-0.2884824328806098,7.03458984692824e-06,-4.08,-57.8,-9.166948318481445,-84.77259826660156
34.75,36.71666667,500.26562,1992.0,0.9562348265919056,7.939228817122057e-05,-1.58,-13.6,-5.235304355621338,-29.911964416503906
41.66056063,-1.004162565,244.98438,2021.0,0.741222010848596,0.0,-3.82,-23.8,-5.270483493804932,-30.241188049316406
37.162,-8.485,6.5202637,2014.0,-0.9587178169872964,0.0,-3.78,-19.4,-4.212683200836182,-20.341773986816406
40.37,-81.8,372.875,1967.0,0.9760105506323683,0.0,-4.34,-25.8,-6.866888523101807,-45.181129455566406
32.2361,-110.9439,753.21875,2009.0,-0.2135209154397959,0.0,-2.762694301,-23.8238342,-6.866888523101807,-45.181129455566406
46.60305556,13.67138889,2148.125,2018.0,0.15430882066428117,2.751960164459888e-05,-7.161,-46.7,-10.66771125793457,-77.0162124633789
30.72916667,78.44666667,1121.375,2006.0,0.2386727660059501,0.0,-4.8,-16.9,-4.154455661773682,-19.796852111816406
-33.45,-70.7,507.65625,1992.0,-0.6932812268869771,0.0,-12.83,-92.0,-5.692026615142822,-34.186195373535156
-27.17,-109.43,140.28906,1993.0,-0.2884824328806098,1.536274066893384e-05,1.29,5.9,-3.181570529937744,-10.692115783691406
47.4828,11.0622,716.1875,1978.0,-0.7236440382959123,4.742380042443983e-05,-17.01,-128.1,-12.488832473754883,-92.2696304321289
-22.71,-46.46583333,1095.0625,1996.0,-0.4787338401157883,0.0001141027823905,-7.1,-43.5,-3.691061496734619,-15.460182189941406
46.49722222,28.3,150.79688,2014.0,-0.2135209154397959,8.034064376261085e-05,-5.33,-32.1,-6.6280646324157715,-42.94609832763672
39.48056611,-0.366386255,14.827637,2017.0,-0.2884824328806098,0.0,-5.22,-34.7,-5.858824253082275,-35.747169494628906
19.27116389,-99.20359444,2580.375,2009.0,0.02581844022713308,7.575431664008647e-05,-11.9,-85.3,-8.201984405517578,-70.7194595336914
10.00036389,-84.10913333,1157.3125,2016.0,0.705583610107178,0.000285581103526,-8.87808388,-64.3502086,-8.022335052490234,-61.665992736816406
51.73333333,36.26666667,193.03906,1997.0,-0.7236440382959123,0.0001060944778146,-11.0,-82.6,-12.268865585327148,-90.4272232055664
33.31027778,35.51694444,511.8125,2004.0,0.2386727660059501,0.0,-6.33,-25.07,-5.08730936050415,-28.526954650878906
23.02269167,-81.22339722,11.122559,1997.0,-0.9587178169872964,3.221273800591007e-05,-2.8,-12.5,-3.977346897125244,-18.139381408691406
60.96666667,69.06666667,17.537109,1996.0,0.2386727660059501,0.0,-19.9,-156.8,-22.479421615600586,-175.94918823242188
21.44,91.99,9.9770508,2016.0,-0.970063921851507,0.0,-10.0,-67.4,-7.673615455627441,-56.690773010253906
55.677,12.56,17.620117,2022.0,0.6994583270516471,0.0001434164296369,-10.92,-79.4,-9.918289184570312,-70.73917388916016
11.25,75.78,7.1804199,2000.0,0.7295575540864875,0.0001477614132454,-4.17,-23.05,-3.642538547515869,-15.006080627441406
41.93333333,45.48333333,0.0,2014.0,-0.7236440382959123,0.0,-12.82,-87.8,-9.228975296020508,-64.96558380126953
66.49686111,25.75518056,108.88672,2010.0,-0.2884824328806098,3.713389378390275e-05,-19.99,-142.1,-16.668203353881836,-127.2753677368164
-1.53553,29.25374,2915.0,2013.0,-0.2884824328806098,4.686979082180187e-05,-2.86,-3.94,-1.6361145973205566,3.7710189819335938
46.72738634,8.186782163,600.90625,1983.0,-0.9741004551724206,0.0,-9.65,-62.6,-10.222661972045898,-73.2885513305664
-21.2,-159.8,7.8220215,1980.0,0.2802306751992159,2.0714210222649854e-06,-2.67,-10.9,-3.657095432281494,-15.142311096191406
51.18,8.4889,841.375,2002.0,-0.680773409477016,0.0001429697294952,-9.0,-61.4,-6.866888523101807,-45.181129455566406
41.9,12.5,59.011719,2003.0,0.9859481499638304,4.58972772321431e-06,-1.19,0.14,-5.4269700050354,-31.705665588378906
51.387367,-0.325697,10.34082,2021.0,0.8064799463209448,0.0,-6.9,-51.49,-6.0644402503967285,-37.671424865722656
32.2361,-110.9439,753.21875,2005.0,0.2386727660059501,0.0001089164870791,-9.99578406,-72.34712146,-6.866888523101807,-45.181129455566406
46.17378583,8.788556051,407.5,2002.0,0.9510565162951535,2.230169775430113e-05,-6.85,-49.88,-9.91317367553711,-70.69632720947266
23.05,-82.21666667,123.02734,2022.0,0.9760105506323683,4.847480340686161e-06,-0.64,4.7,-2.259634494781494,-2.0641860961914062
41.818399,46.266606,0.0,2015.0,-0.2884824328806098,0.0,-14.91,-113.0,-10.92860221862793,-79.2013931274414
37.90111111,40.20361111,674.46875,2018.0,0.9760105506323683,0.0,-3.05,-11.0,-5.854578495025635,-35.707435607910156
4.7,-74.13,2551.125,2019.0,0.741222010848596,0.0,-14.0,-105.3,-9.192293167114258,-78.3578872680664
-16.49888889,-68.12305556,3582.75,2001.0,-0.2884824328806098,0.0,-10.49,-70.4,-9.47163200378418,-82.3432388305664
-33.11011944,-64.24918333,408.09375,2010.0,0.9760105506323683,0.0,-2.5,-6.0,-6.301899433135986,-39.89368438720703
51.116535,17.029468,118.94141,2008.0,-0.5808002734538013,2.3736061848467216e-05,-9.98442896,-65.64648796,-8.285163879394531,-57.06037139892578
46.22030867,7.33848445,481.70312,2016.0,0.7295575540864875,4.221449853503145e-05,-9.61,-73.0,-8.936111450195312,-62.512611389160156
58.1,6.57,0.0,1974.0,-0.9587178169872964,6.542110349982977e-05,-6.34,-43.6,-7.318621635437012,-48.86106872558594
49.0392,8.365,112.44141,1981.0,0.6994583270516471,0.0,-11.42,-87.4,-10.969526290893555,-79.5441665649414
28.2,113.0666667,44.691406,1992.0,-0.7116566222817751,2.322253749298397e-05,-4.25,-24.3,-5.528868198394775,-32.659278869628906
33.46555556,126.9333333,5.9509277,1996.0,-0.14579919691987442,1.3783745089313015e-05,-4.6,-27.0,-6.866888523101807,-45.181129455566406
45.80666667,15.97,120.36328,1981.0,-0.680773409477016,3.390156416571699e-05,-7.63,-50.6,-6.493261814117432,-41.684547424316406
4.365694444,18.58725,381.14062,2014.0,-0.7236440382959123,0.0,0.0,15.1,-0.8063721656799316,11.536155700683594
6.2,100.4,3.8469238,2016.0,0.2386727660059501,0.0001804137427825,-2.58,-18.4,-5.479132175445557,-32.193824768066406
50.4972,9.9428,920.40625,2012.0,0.6994583270516471,2.6107631128979847e-05,-8.32,-57.39,-10.465648651123047,-75.32376861572266
46.60305556,13.67138889,2148.125,1973.0,0.9760105506323683,2.8299118639552034e-05,-10.86,-72.2,-10.972084045410156,-79.56558990478516
47.81666667,13.71777778,1616.0625,2021.0,-0.1712931441814778,3.183392618666403e-05,-8.139,-53.19,-7.438226699829102,-49.96656799316406
46.05,-74.28,363.76562,1977.0,-0.7236440382959123,0.0,-13.3,-92.0,-13.752363204956055,-102.8527603149414
40.41666667,-7.55,1295.4375,1993.0,0.29671281927349075,0.0,-5.62,-33.1,-4.8252854347229,-26.074806213378906
10.3,1.38,439.10938,2015.0,-0.9587178169872964,7.533386087743565e-05,-2.35,-7.0,-4.877447605133057,-26.562965393066406
18.21,-67.14,17.163086,2014.0,0.9510565162951535,7.708714292675722e-06,0.11,13.2,-2.186850070953369,-1.3830337524414062
38.05011111,23.8675,438.375,2001.0,0.2219215130041655,0.0,-4.92,-19.9,-7.075505256652832,-46.928470611572266
44.23,-79.77,234.99219,2001.0,-0.9741004551724206,0.0,-13.05,-89.9,-9.93107795715332,-70.8462905883789
49.0422,12.1019,370.21875,1998.0,-0.680773409477016,1.6889136531972326e-05,-4.65,-35.8,-6.433821201324463,-41.128273010253906
13.73,100.5,5.7392578,1997.0,0.741222010848596,0.0,-2.69,-12.0,-4.520803928375244,-23.225318908691406
4.83,-52.37,7.9216309,1963.0,0.2386727660059501,0.0001078963396139,-3.5,-9.4,-3.264059543609619,-11.464088439941406
45.32,-75.67,112.08594,1985.0,-0.2884824328806098,3.737110091606155e-05,-23.8,-179.2,-11.024892807006836,-105.4981460571289
34.01937778,-6.838286111,18.375977,2002.0,-0.6486295610349818,3.730309799720999e-06,-1.16,10.9,-3.841482639312744,-16.867897033691406
64.13,-21.93,12.141602,2008.0,-0.970063921851507,0.0,-8.54,-57.56,-9.269899368286133,-65.30835723876953
47.81666667,13.71777778,1616.0625,2021.0,0.6932812268869777,0.0,-10.056,-71.93,-12.683221817016602,-93.8978042602539
51.83,6.25,9.5,2010.0,-0.2135209154397959,0.0,-6.07,-40.51,-6.427452564239502,-41.06867218017578
-3.72,-38.55,19.124023,1969.0,0.6994583270516471,2.832438076438848e-05,-0.4,2.9,-2.740011692047119,-6.559791564941406
1.685556,33.616389,1096.9375,2011.0,0.29671281927349075,7.242075662361458e-05,-0.13,13.9,-1.7428650856018066,2.7719955444335938
60.18008889,24.83286111,14.698242,2019.0,0.6994583270516471,1.705195609247312e-05,-12.79,-93.7,-14.299722671508789,-107.4373550415039
36.83,10.23,0.0,2006.0,0.6994583270516471,0.0,-4.12,-22.46,-5.094587802886963,-28.595069885253906
10.00036389,-84.10913333,1157.3125,2014.0,0.9951053111006976,0.0,-1.717066933,2.304828933,-2.686636447906494,-6.060279846191406
-27.17,-109.43,140.28906,1995.0,-0.9741004551724206,5.4865072343091015e-06,-1.14,-0.7,-2.9171204566955566,-8.217262268066406
-17.83,31.02,1473.25,1964.0,-0.6932812268869771,0.0,0.2,1.8,-2.521658420562744,-4.516334533691406
46.60305556,13.67138889,2148.125,2018.0,0.7526668275320084,4.341889143688604e-05,-6.185,-40.88,-8.28812026977539,-60.26691436767578
64.13,-21.93,12.141602,1975.0,0.29671281927349075,5.848403452546336e-05,-5.98,-43.6,-7.867609977722168,-53.563011169433594
46.98141401,6.607999655,1046.0625,1999.0,-0.2135209154397959,1.7296968508162536e-05,-8.04,-59.0,-7.524633884429932,-50.667442321777344
-34.05,115.0249,77.78125,2008.0,-0.6016240632249227,1.0251623280055355e-05,-2.69,-8.2,-3.268911838531494,-11.509498596191406
36.15,-5.35,1.5737915,1962.0,0.29671281927349075,0.0,0.0,-1.3,-3.6886353492736816,-15.437477111816406
52.141,-106.6244,507.71875,1997.0,-0.2135209154397959,0.0002988030901178,-11.58,-95.97,-14.453187942504883,-108.7227554321289
38.79273611,-9.105733333,36.355469,2003.0,0.9510565162951535,0.0,-4.09,-21.0,-4.816793918609619,-25.995338439941406
0.05,32.45,1135.4375,2016.0,-0.23030567023061196,0.0,1.35,14.8,-1.9102692604064941,1.2053451538085938
41.65,41.63333333,9.3139648,1982.0,0.741222010848596,0.0,-5.2,-34.0,-5.628340244293213,-33.590187072753906
50.4972,9.9428,920.40625,1983.0,-0.9741004551724206,0.0,-6.54,-38.4,-8.388751983642578,-57.928016662597656
1.685556,33.616389,1096.9375,2012.0,-0.23030567023061196,0.0,0.93,22.5,-2.041281223297119,-0.02072906494140625
-20.26361111,57.51694444,398.90625,1992.0,0.6994583270516471,0.0001167389418696,-4.37,-22.8,-3.5188050270080566,-13.848121643066406
25.01666667,102.6833333,1907.8125,2000.0,0.6994583270516471,0.0,-8.6,-56.8,-3.9409546852111816,-17.798805236816406
-65.07944444,-63.9775,286.6875,1970.0,-0.9741004551724206,2.669561480513889e-06,-8.59,-65.4,-8.931058883666992,-90.80938720703125
38.05011111,23.866675,444.85938,2012.0,0.9562348265919056,0.0,-5.97,-33.2,-5.992262363433838,-36.995948791503906
22.31666667,114.1666667,34.056641,2008.0,-0.23030567023061196,0.000228520060773,-8.3,-55.08,-7.293605804443359,-51.269142150878906
38.05011111,23.8675,438.375,2008.0,-0.6420547132365636,0.0,0.06,-4.84,-5.020590305328369,-27.902565002441406
-0.331666667,31.76111111,1281.8125,2017.0,-0.9741004551724206,0.0001342107425443,-1.32,3.5,-2.638113498687744,-5.606178283691406
54.35333333,-6.648333333,61.966797,2018.0,0.9510565162951535,1.2945496564498171e-05,-9.48,-65.6,-6.855830192565918,-45.82721710205078
25.46411667,-80.33465278,4.0249023,2004.0,-0.9510565162951536,0.0,-4.62,-27.0,-3.841482639312744,-16.867897033691406
36.15,-5.35,1.5737915,2009.0,-0.9587178169872964,0.0,-5.07,-27.5,-4.200552463531494,-20.228248596191406
50.7311,13.7514,876.875,2003.0,0.2386727660059501,0.0,-11.37,-82.6,-11.176704406738281,-81.27945709228516
40.8203002,0.493333172,52.294922,2011.0,0.9760105506323683,0.0,-5.53,-33.7,-5.325071811676025,-30.752052307128906
36.34064444,43.12988333,231.57812,2024.0,0.6870527672236669,1.332932060904568e-05,-4.75,-17.95,-5.585882663726807,-33.192848205566406
50.12,-104.42,580.5,2008.0,-0.9634705485641486,0.0001403428759658,-12.98,-88.9,-13.460779190063477,-100.4104995727539
-12.43,130.87,16.515625,1983.0,-0.9741004551724206,0.0,-0.18,7.9,-1.8059449195861816,2.1816635131835938
50.4972,9.9428,920.40625,1995.0,0.9510565162951535,0.0,-10.19,-70.9,-9.572992324829102,-67.8470230102539
46.095,14.597,283.89062,2004.0,-0.7116566222817751,0.0,-11.69,-78.43,-10.105005264282227,-72.3030776977539
40.65,-4.7,1071.375,2003.0,0.2386727660059501,0.0,-9.45,-66.68,-9.593454360961914,-68.0184097290039
47.81666667,13.71777778,1616.0625,2021.0,-0.9959189961471792,4.239099507685751e-05,-12.969,-88.19,-9.601127624511719,-68.08267974853516
47.833185,1.940433,113.78516,2014.0,-0.2884824328806098,0.0,-5.3,-29.5,-8.688009262084961,-60.434547424316406
47.6772,9.19,442.90625,1992.0,-0.970063921851507,0.0,-10.89,-81.1,-9.682975769042969,-68.76822662353516
46.49143367,9.898180888,1767.6875,2008.0,-0.970063921851507,0.0,-12.64,-88.46624452,-11.749641418457031,-86.07828521728516
46.72738634,8.186782163,600.90625,1992.0,-0.6932812268869771,0.0,-3.54,-19.8,-6.506302356719971,-41.80658721923828
37.1644591,-5.611393166,86.394531,2014.0,0.2386727660059501,5.507498372026021e-06,-5.78,-35.5,-5.567686557769775,-33.022560119628906
7.125555556,-73.06,1801.8125,2006.0,-0.9741004551724206,0.0,-9.0,-60.08,-8.912954330444336,-74.3725357055664
39.95,32.88,920.125,2002.0,0.8214765533024142,1.2809487998310942e-05,-9.96,-69.35,-8.803108215332031,-61.398597717285156
67.15,32.35,0.0,1996.0,-0.23030567023061196,4.0539878682466224e-05,-9.6,-75.4,-9.698322296142578,-68.89676666259766
-3.12,-60.02,49.394531,1966.0,0.6994583270516471,0.0,-4.7,-24.9,-4.9999680519104,-27.709571838378906
46.98141401,6.607999655,1046.0625,1994.0,0.2386727660059501,0.0,-10.47,-74.3,-12.688337326049805,-93.9406509399414
47.8008,11.0108,974.96875,2004.0,0.6994583270516471,0.0,-16.0,-115.07,-12.493947982788086,-92.3124771118164
36.98,35.3,22.958008,2016.0,-0.9634705485641486,0.0,-2.8,-10.6,-3.511526584625244,-13.780006408691406
-17.83,31.02,1473.25,1974.0,0.2386727660059501,4.648827598430216e-05,-7.68,-41.0,-5.247435092926025,-30.025489807128906
-27.43,153.08,5.7802734,2009.0,-0.9741004551724206,0.0,-3.61,-11.3,-1.9321045875549316,1.0009994506835938
64.70806111,-148.2046056,121.97656,2004.0,0.16280701293851715,4.065129178343341e-05,-7.92,-102.0,-17.056982040405273,-130.53170776367188
-21.54022,-64.69846,1877.5,2011.0,0.9760105506323683,0.0,-7.79,-45.9,-7.020725727081299,-48.61968231201172
-35.07,173.28,71.449219,1982.0,0.29671281927349075,3.0977055303083034e-06,-7.25,-42.7,-4.872595310211182,-26.517555236816406
-46.42,168.32,-0.90939331,1982.0,0.741222010848596,1.3160361049813218e-05,-9.46,-60.5,-6.866888523101807,-45.181129455566406
43.73238889,7.423583333,8.8959961,2006.0,0.6994583270516471,1.6058444089139812e-05,-7.18,-44.43,-6.2615647315979,-39.516212463378906
50.06166667,19.84861111,356.8125,2009.0,-0.9587178169872964,0.0,-5.32,-35.1,-8.09643840789795,-55.73527526855469
-20.901,55.484,83.28125,2002.0,-0.680773409477016,3.335106384838582e-06,-0.72,4.65,-2.1504578590393066,-1.0424575805664062
-35.15833333,147.4572222,211.74219,2009.0,0.2386727660059501,0.0,-4.24,-22.8,-4.386152744293213,-21.965187072753906
1.685556,33.616389,1096.9375,2012.0,-0.27195815753410524,0.0,-1.69,-0.4,-3.0335755348205566,-9.307106018066406
0.05,32.45,1135.4375,2019.0,0.9760105506323683,0.0,-1.07,5.2,-2.681784152984619,-6.014869689941406
37.53,121.4,27.091797,1990.0,0.29671281927349075,7.799278137099463e-06,-9.64,-73.8,-7.302221775054932,-51.392066955566406
35.68,139.77,22.099609,1977.0,0.741222010848596,5.000707096769474e-05,-5.02,-37.6,-5.920084476470947,-36.320472717285156
46.60305556,13.67138889,2148.125,2018.0,0.3777079652039649,0.0,-4.325,-25.88,-8.553037643432617,-60.91230010986328
64.13,-21.93,12.141602,1964.0,0.9562348265919056,5.810959555674344e-05,-6.2,-44.0,-8.232728958129883,-56.621192932128906
51.01666667,-114.0166667,1033.25,1992.0,-0.970063921851507,0.0,-15.4,-115.2,-18.121007919311523,-139.44381713867188
14.52,121.0,3.6977539,1962.0,-0.2135209154397959,0.0003107640659436,-6.6,-44.6,-7.060067653656006,-47.937232971191406
47.6772,9.19,442.90625,2005.0,0.741222010848596,0.0,-7.43,-52.15,-8.195642471313477,-56.31055450439453
53.8713,8.7058,4.7202148,1994.0,-0.2884824328806098,0.0001151109318016,-6.84,-50.9,-9.131780624389648,-64.15149688720703
0.453055556,33.195,1174.25,2016.0,0.6994583270516471,0.0,0.95,22.8,-2.070394992828369,-0.29319000244140625
-33.95833333,18.46111111,109.49609,2006.0,-0.2135209154397959,0.0,-2.74,-11.0,-3.516378879547119,-13.825416564941406
-34.05,115.0249,77.78125,2010.0,-0.780295851070776,4.674379306379706e-05,-7.26,-52.4,-3.0238709449768066,-9.216285705566406
-16.49968333,-68.17015556,4086.25,1983.0,0.9510565162951535,0.0,-17.5,-126.9,-10.1373291015625,-91.8407974243164
8.983333333,79.9,2.5202637,1985.0,0.6994583270516471,4.276446270523593e-05,-3.07,-7.0,-3.661947727203369,-15.187721252441406
43.587,13.51533333,153.78906,2014.0,-0.680773409477016,0.0,-4.69,-29.5,-4.472280979156494,-22.771217346191406
46.49722222,28.3,150.79688,2019.0,-0.9741004551724206,0.0,-7.64,-50.1,-8.942193984985352,-62.930885314941406
50.92,5.78,111.17188,1992.0,0.9721181966290613,6.581342313438654e-05,-7.79,-50.6,-8.009577751159668,-54.970672607421875
45.81666667,15.98333333,156.41406,1996.0,0.2802306751992159,0.0,-7.21,-39.5,-7.513479709625244,-51.32085418701172
53.23,6.55,7.7121582,1980.0,-0.23030567023061196,2.3210666768136438e-05,-7.76,-54.1,-6.364372730255127,-40.47834014892578
34.71666667,10.68333333,23.232422,2008.0,-0.27195815753410524,0.0,-7.49,-46.52,-5.532507419586182,-32.693336486816406
45.32,-75.67,112.08594,1997.0,-0.9741004551724206,1.7877908248919994e-05,-19.9,-134.9,-10.053850173950195,-71.8746109008789
50.06166667,19.84861111,356.8125,2017.0,-0.2884824328806098,6.976705481065437e-05,-15.3,-111.1,-11.84683609008789,-86.89237213134766
-3.823991667,-73.377425,90.707031,2011.0,-0.9587178169872964,0.0,-1.41,2.96,-3.739584445953369,-15.914283752441406
-31.95,115.78,12.910645,1995.0,-0.7236440382959123,1.8364854668107e-06,-3.3,-6.6,-3.113638401031494,-10.056373596191406
33.65694444,73.26611111,580.9375,2019.0,0.9760105506323683,0.0,-0.58,9.0,-1.9199738502502441,1.1145248413085938
49.0975,19.59,572.9375,2017.0,-0.7236440382959123,0.0,-14.16,-100.7,-11.734294891357422,-85.94974517822266
8.116666667,80.46666667,114.40234,1993.0,-0.680773409477016,0.0,-1.9,-17.0,-2.5531983375549316,-4.811500549316406
-75.58333333,-20.56666667,105.53516,2012.0,0.2802306751992159,0.0,-27.33,-213.4,-20.53367805480957,-166.09030151367188
23.03,72.55,52.095703,2007.0,0.21352091543979612,0.0,-2.9,-17.7,-1.3983521461486816,5.996116638183594
37.77,-25.65,137.14062,2002.0,0.9510565162951535,1.2138600595790194e-06,-2.72,-9.3,-3.380514621734619,-12.553932189941406
-17.56222222,-149.5194444,581.59375,2000.0,-0.0859647987374467,0.0003042047028429,-4.46,-23.2,-3.831778049468994,-16.777076721191406
39.95,32.88,920.125,2008.0,-0.9634705485641486,0.0,-10.62,-67.11,-5.565260410308838,-32.999855041503906
52.1,5.18,1.7967529,2006.0,-0.12020804489935275,0.0001498620549682,-7.02,-43.61,-6.480690956115723,-42.19293975830078
46.60305556,13.67138889,2148.125,2002.0,0.9483615800121715,0.0,-10.93,-73.7,-11.122991561889648,-80.8295669555664
47.4,28.49166667,94.726562,2012.0,-0.970063921851507,0.0,-10.53,-69.34,-8.997745513916016,-63.96454620361328
14.53,-4.1,268.21875,2017.0,-0.9587178169872964,0.0,-2.36,-12.7,-3.9263978004455566,-17.662574768066406
47.4828,11.0622,716.1875,2000.0,-0.9634705485641486,0.0,-11.63,-86.8,-9.46173095703125,-66.91510772705078
28.58,77.2,222.79688,2003.0,0.6994583270516471,0.0,-3.4,-19.2,-2.2377991676330566,-1.8598403930664062
64.13,-21.93,12.141602,2004.0,-0.6932812268869771,1.7487194782006554e-05,-7.07,-46.8,-8.347827911376953,-57.585243225097656
37.15805556,15.02694444,444.70312,1999.0,-0.9587178169872964,0.0,-6.7,-32.0,-4.222387790679932,-20.432594299316406
7.9575,39.13638889,2403.5,1994.0,-0.9587178169872964,0.0,-0.87,5.7,-0.7675538063049316,11.899436950683594
6.966666667,80.76666667,1882.75,1984.0,0.9721181966290613,0.0,-8.63,-56.7,-3.380514621734619,-12.553932189941406
34.01937778,-6.838286111,18.375977,2002.0,-0.5380051715382992,7.207951421150938e-05,-3.42,-17.73,-3.657095432281494,-15.142311096191406
-20.901,55.484,83.28125,2017.0,0.6994583270516471,9.030039109347854e-06,-4.47,-27.0,-3.2519288063049316,-11.350563049316406
47.4828,11.0622,716.1875,1978.0,-0.680773409477016,0.0,-6.88,-49.0,-7.247354507446289,-48.36785125732422
54.5275,9.5486,43.292969,1998.0,0.741222010848596,1.301968495681649e-05,-6.58,-45.6,-6.866888523101807,-45.181129455566406
47.81666667,13.71777778,1616.0625,2018.0,-0.5808002734538013,8.728190732654184e-05,-25.215,-191.17,-11.271341323852539,-82.0721206665039
32.2361,-110.9439,753.21875,2005.0,0.6994583270516471,3.917627691407688e-05,-12.92479376,-95.41726805,-6.866888523101807,-45.181129455566406
-34.05,115.0249,77.78125,2007.0,-0.3456123126707333,0.0001141322791227,-4.24,-19.2,-3.3101563453674316,-11.895484924316406
10.30944444,-84.8075,1486.125,2004.0,0.23030567023061221,0.0001432455319445,-7.8,-52.0,-7.31511926651001,-55.038612365722656
47.6772,9.19,442.90625,1985.0,0.6994583270516471,0.0,-13.8,-103.2,-14.033716201782227,-105.2093276977539
43.68333333,-1.066666667,17.238281,2000.0,0.6994583270516471,0.0,-2.0,-6.2,-6.0789971351623535,-37.807655334472656
4.7,-74.13,2551.125,2010.0,0.741222010848596,1.5610185073455796e-05,-14.77492779,-109.6773122,-9.248523712158203,-79.1601333618164
4.05,114.81,27.053711,2007.0,0.03442161162274574,0.0001303896569879,-16.29,-125.41,-7.524423122406006,-54.562232971191406
46.95222563,7.439320571,542.53125,1983.0,-0.2135209154397959,9.914944530464707e-05,-5.83,-40.3,-6.607594013214111,-42.75452423095703
51.3,3.75,9.4589844,2004.0,0.9141279881853337,7.111141712812241e-06,-4.47,-26.01,-6.949775695800781,-45.87538146972656
72.58,-38.4799,3202.0,2011.0,-0.9741004551724206,0.0,-38.41722096,-301.4166144,-35.90251922607422,-288.3788757324219
78.91666667,11.93333333,38.650391,1994.0,-0.9587178169872964,0.0,-13.38,-103.2,-10.245681762695312,-73.48136138916016
51.93,-10.25,33.068359,2012.0,0.7295575540864875,4.00184108002577e-05,-2.54,-15.1,-5.823038578033447,-35.412269592285156
50.3381,7.6,86.441406,1998.0,0.9510565162951535,1.2033525308652315e-05,-6.03,-46.4,-8.374685287475586,-57.81018829345703
15.077,-2.220666667,288.875,1997.0,-0.9587178169872964,0.0,-1.56,-13.0,-4.038000583648682,-18.707008361816406
38.05011111,23.866675,444.85938,2009.0,0.741222010848596,0.0,-3.8,-24.05,-4.879873752593994,-26.585670471191406
49.38,-82.12,243.30469,2009.0,0.9760105506323683,0.0,-15.32,-104.4,-14.064409255981445,-105.4664077758789
-5.22,145.8,2.7424316,1969.0,0.2386727660059501,0.0,-8.2,-53.1,-6.028048038482666,-37.330848693847656
31.99730278,34.81616111,44.347656,1976.0,-0.970063921851507,0.0,-3.24,-3.1,-3.666800022125244,-15.233131408691406
51.3,3.75,9.4589844,1992.0,0.9562348265919056,0.0,-7.82,-56.7,-7.479260444641113,-50.855247497558594
49.068224,13.614822,1118.0,2017.0,0.2386727660059501,0.0,-14.47,-99.8,-11.790565490722656,-86.42105865478516
-13.8,-171.78,0.0,1975.0,-0.680773409477016,2.581614535301924e-05,-0.78,3.6,-3.361105442047119,-12.372291564941406
47.7,27.88333333,177.36719,2016.0,-0.27195815753410524,0.0,-16.27,-125.1,-12.759954452514648,-94.5405044555664
62.28,-114.27,159.84375,1989.0,0.9760105506323683,7.803255357430317e-06,-23.02,-174.7,-23.932226181030273,-188.11764526367188
40.80638889,-104.7547222,1641.75,1995.0,0.1457991969198751,0.0,-7.7,-65.0,-7.987185001373291,-54.564552307128906
46.17378583,8.788556051,407.5,2007.0,-0.2884824328806098,0.0,-10.46,-75.33,-12.46837043762207,-92.0982437133789
-15.85,-47.93,1012.8125,1985.0,0.741222010848596,8.476620678266045e-06,-2.6,-20.0,-4.400709629058838,-22.101417541503906
-15.85,-47.93,1012.8125,1965.0,-0.7236440382959123,0.0,-4.6,-26.1,-3.4993958473205566,-13.666481018066406
51.57,4.93,17.209961,1988.0,0.2386727660059501,4.931853709422285e-06,-8.69,-60.0,-8.500015258789062,-58.85993194580078
1.99,-157.47,0.0,2012.0,0.5877852522924732,2.388226130278781e-05,-0.27,2.9,-3.846334934234619,-16.913307189941406
-20.3625,57.48555556,565.40625,1992.0,0.6994583270516471,0.0001560054952278,-4.07,-21.1,-3.5430665016174316,-14.075172424316406
32.37,-64.68,1.0638428,1964.0,0.6994583270516471,0.0005047518061473,-1.2,-0.6,-4.483198642730713,-22.873390197753906
23.05,-82.21666667,123.02734,2004.0,-0.23030567023061196,0.0,-4.68,-27.67,-3.419332981109619,-12.917213439941406
26.27,50.62,2.3325195,1967.0,0.2386727660059501,0.0,5.4,37.8,-1.4274659156799316,5.723655700683594
-65.07944444,-63.9775,286.6875,1982.0,-0.2884824328806098,4.702604251684129e-07,-7.15,-60.9,-9.570623397827148,-85.39347839355469
46.60305556,13.67138889,2148.125,2017.0,0.2802306751992159,9.817158570513128e-05,-3.728,-18.45,-8.901691436767578,-65.41944122314453
42.58834633,-5.651107617,911.78125,2003.0,-0.2135209154397959,4.645370609068777e-06,-6.8,-50.7,-4.9423346519470215,-27.321990966796875
10.00036389,-84.10913333,1157.3125,2015.0,-0.9368813462954315,5.574135866481811e-05,-5.33265644,-41.5905936,-6.65723991394043,-45.482887268066406
38.00194982,-1.170837424,61.660156,2007.0,-0.680773409477016,0.0,-4.97,-23.33,-3.7565674781799316,-16.073219299316406
46.17378583,8.788556051,407.5,1984.0,-0.9634705485641486,0.0,-8.84,-60.3,-7.928356647491455,-54.071815490722656
56.21666667,43.81666667,76.433594,1982.0,0.9760105506323683,2.7986965505988337e-05,-9.6,-65.0,-12.406984329223633,-91.5840835571289
-22.94805556,17.1525,1690.0,1973.0,-0.2884824328806098,0.0,-6.07,-32.0,-3.244650363922119,-11.282447814941406
41.64083945,-4.754446679,735.625,2003.0,0.741222010848596,0.0,-5.76,-36.6,-6.437763690948486,-41.16516876220703
45.32,-75.67,112.08594,1978.0,0.29671281927349075,0.0,-7.47,-43.2,-7.415846824645996,-49.77911376953125
13.995364,-91.200961,12.702637,2019.0,-0.2135209154397959,2.241077345388476e-05,-2.85,-13.6,-5.086096286773682,-28.515602111816406
52.98,158.65,0.0,1998.0,-0.2884824328806098,1.409018750564428e-05,-16.3,-121.8,-18.387014389038086,-141.67184448242188
51.387367,-0.325697,10.34082,2021.0,0.4635502709028509,4.740360236610286e-05,-6.91,-47.55,-6.61532735824585,-42.82689666748047
41.66056063,-1.004162565,244.98438,2001.0,-0.680773409477016,0.0,-5.15,-31.9,-4.837416172027588,-26.188331604003906
12.69325,-7.995494444,382.5625,1973.0,-0.9741004551724206,3.484372064121999e-05,-1.69,-2.4,-4.711256504058838,-25.007667541503906
46.49143367,9.898180888,1767.6875,2011.0,-0.680773409477016,4.941958104609512e-05,-7.29,-48.25,-9.170146942138672,-64.47284698486328
-33.97,18.6,41.798828,1965.0,-0.2135209154397959,0.0,-3.1,-6.1,-3.186422824859619,-10.737525939941406
35.68,139.77,22.099609,1961.0,-0.680773409477016,5.7472145272186026e-05,-4.4,-33.5,-7.267531394958496,-50.897132873535156
-21.02823729,55.47161911,1175.3125,2014.0,0.9700639218515071,1.3525181202567182e-05,-6.31,-39.72,-4.8641037940979,-26.438087463378906
28.22,-177.37,0.0,1979.0,-0.2135209154397959,3.6684343740489567e-06,-3.09,-10.7,-3.6207032203674316,-14.801734924316406
47.6772,9.19,442.90625,2006.0,0.9760105506323683,1.405053808412049e-05,-8.71,-65.2,-10.747001647949219,-77.68033599853516
34.9,-120.45,72.417969,1975.0,-0.7236440382959123,0.0,-4.84,-24.4,-5.146749973297119,-29.083229064941406
-5.8,-35.2,40.765625,1978.0,0.9510565162951535,0.0001350943057332,-3.32,-22.7,-3.671652317047119,-15.278541564941406
52.8911,11.7294,21.530273,2008.0,0.2802306751992159,2.029136703640688e-05,-4.06,-24.3,-7.5312652587890625,-50.74584197998047
46.98141401,6.607999655,1046.0625,2005.0,-0.2884824328806098,5.4351923608919606e-05,-11.82,-82.9125935,-12.969690322875977,-96.2972183227539
52.405,9.823,59.224609,2021.0,0.29671281927349075,2.62091780314222e-05,-5.39,-34.9,-6.866888523101807,-45.181129455566406
22.31666667,114.1666667,34.056641,2017.0,0.741222010848596,7.417346932925284e-05,-3.9,-19.4,-4.241796970367432,-20.614234924316406
41.75,44.766667,0.0,2010.0,0.741222010848596,1.977282227016985e-05,-3.42,-17.3,-5.715681552886963,-34.407569885253906
48.8281,9.2,313.79688,1997.0,-0.2884824328806098,0.0,-12.61,-98.3,-10.908140182495117,-79.0300064086914
-1.56909,29.27818,1991.0,2014.0,0.6994583270516471,2.8482640118454583e-05,-0.83,12.84,-1.7477173805236816,2.7265853881835938
40.8203002,0.493333172,52.294922,2016.0,-0.27195815753410524,0.0,-4.37,-17.9,-6.009851932525635,-37.160560607910156
48.24861111,16.35638889,200.63281,1998.0,0.29671281927349075,3.09096576529555e-05,-8.66,-64.6,-7.371725082397461,-49.40956115722656
50.06166667,19.84861111,356.8125,2014.0,-0.9741004551724206,0.0,-10.72,-75.7,-9.108957290649414,-64.63956451416016
53.23,6.55,7.7121582,1981.0,0.6994583270516471,7.600830485898768e-06,-8.85,-57.3,-8.142420768737793,-58.11286163330078
50.4972,9.9428,920.40625,2003.0,0.9760105506323683,2.04888256121194e-05,-8.3,-54.9,-9.420806884765625,-66.57233428955078
23.03,72.55,52.095703,2007.0,-0.9368813462954315,0.000187048499356,1.9,17.5,-4.828924655914307,-26.108863830566406
7.789855,-76.650846,30.420898,2013.0,0.6994583270516471,8.771256398176774e-05,-1.5,-1.22,-6.562412738800049,-44.210365295410156
42.48,9.2,195.91406,1998.0,0.9760105506323683,3.783513238886371e-05,-5.41,-32.1,-5.841841220855713,-35.588233947753906
41.91172742,2.763346411,139.71094,2017.0,-0.7236440382959123,0.0,-5.88,-36.2,-6.453230381011963,-41.309913635253906
47.4828,11.0622,716.1875,1979.0,0.9760105506323683,5.3540352382697165e-05,-16.61,-124.8,-12.800878524780273,-94.8832778930664
8.35,80.38333333,84.476562,1987.0,-0.9741004551724206,0.0001210412810905,-6.37,-37.4,-6.40036678314209,-42.496864318847656
41.58194444,12.95694444,36.330078,2001.0,0.2386727660059501,1.605227225809358e-05,-7.55,-47.0,-6.380445957183838,-40.628761291503906
45.03527778,24.28416667,223.875,2019.0,-0.9741004551724206,0.0,-7.82,-54.7,-8.552448272705078,-59.299110412597656
-1.43,-48.48,4.737793,1975.0,0.2386727660059501,0.000340272905305,-4.23,-26.4,-3.147604465484619,-10.374244689941406
10.586583,14.32375,397.07812,2020.0,-0.23030567023061196,0.000100926052255,-5.61,-37.2,-3.4702820777893066,-13.394020080566406
10.00036389,-84.10913333,1157.3125,2017.0,-0.39359027665646645,4.0346189052797854e-05,-6.244539,-41.69519714,-5.78366231918335,-36.383766174316406
49.0422,12.1019,370.21875,2003.0,0.29671281927349075,0.0,-3.19,-20.85,-6.98110818862915,-46.1378173828125
54.6789,13.4342,38.980469,2004.0,-0.970063921851507,7.51235074858414e-06,-11.91,-86.1,-8.446235656738281,-59.041969299316406
10.59,-85.62,95.164062,1990.0,0.29671281927349075,6.104554631747305e-05,-8.15,-57.2,-7.665511608123779,-59.079017639160156
54.5283,11.0603,1.9006348,1999.0,-0.9587178169872964,2.8544220185722224e-05,-6.59,-44.5,-7.114670753479004,-47.25651550292969
39.91055556,41.27555556,1890.5625,2019.0,-0.2884824328806098,5.64531774216448e-06,-15.39,-110.5,-12.125631332397461,-89.2275161743164
51.18,8.4889,841.375,2006.0,-0.2884824328806098,0.0,-9.44,-61.1,-10.261028289794922,-73.60990142822266
-38.006017,-57.5714306,22.926758,2011.0,0.741222010848596,0.0,-5.16,-21.8,-6.042604923248291,-37.467079162597656
6.906666667,79.87,14.911133,1993.0,0.6994583270516471,4.12364024668932e-05,-3.0,-10.0,-3.758993625640869,-16.095924377441406
38.05011111,23.866675,444.85938,2012.0,0.9721181966290613,0.0,-7.28,-46.4,-5.892183780670166,-36.059364318847656
38.05011111,23.866675,444.85938,2017.0,-0.9587178169872964,1.554601658426691e-05,-5.3,-24.4,-4.38857889175415,-21.987892150878906
9.28,123.15,1077.8125,1998.0,0.2386727660059501,0.0,-2.09,-0.8,-4.147177219390869,-19.728736877441406
48.24861111,16.35638889,200.63281,1977.0,0.9510565162951535,3.257422577007674e-05,-11.25,-81.9,-10.66771125793457,-77.0162124633789
37.97,23.72,100.17578,2019.0,-0.2884824328806098,0.0,-9.21,-58.0,-5.750860691070557,-34.736793518066406
7.334444444,80.62638889,475.8125,2018.0,-0.7236440382959123,7.884754450060427e-05,-9.76,-64.6,-6.299473285675049,-39.87097930908203
-45.35,-72.07,583.1875,1992.0,0.7295575540864875,0.0,-12.65,-93.0,-9.039926528930664,-76.1840591430664
0.453055556,33.195,1174.25,2018.0,0.6994583270516471,0.0,-1.83,2.4,-2.152884006500244,-1.0651626586914062
41.66056063,-1.004162565,244.98438,2010.0,0.6994583270516471,0.0,-9.01,-65.79,-6.5172200202941895,-41.90876007080078
-0.37,-78.55,3064.0,1976.0,0.9562348265919056,8.28818665468134e-05,-12.04,-82.1,-9.790876388549805,-86.8979263305664
43.587,13.51533333,153.78906,2014.0,-0.9587178169872964,1.5758838344481774e-05,-6.25,-37.0,-5.35903787612915,-31.069923400878906
35.68,51.32,1161.1875,1987.0,0.6994583270516471,0.0,-4.55,-31.9,-4.935675144195557,-27.107887268066406
38.79273611,-9.105733333,36.355469,2014.0,-0.2884824328806098,0.0002382961683906,-7.15,-42.8,-4.982985019683838,-27.550636291503906
14.64,121.04,42.933594,2006.0,-0.9741004551724206,0.0001205735170515,-3.34,-25.2,-6.4720330238342285,-41.485877990722656
41.91172742,2.763346411,139.71094,2017.0,-0.2135209154397959,1.7167762052849866e-05,-0.4,1.8,-3.838616371154785,-16.958003997802734
45.80666667,15.97,120.36328,1982.0,-0.680773409477016,4.593362245941535e-05,-6.79,-50.4,-6.425936222076416,-41.054481506347656
4.83,-52.37,7.9216309,1963.0,0.9760105506323683,0.0004603613633662,-2.0,-3.8,-2.8297791481018066,-7.399879455566406
-3.72,-38.55,19.124023,1974.0,0.741222010848596,9.736109495861456e-05,-2.91,-11.7,-2.744863986968994,-6.605201721191406
-75.58333333,-20.56666667,105.53516,2014.0,0.9510565162951535,3.009436450493055e-06,-18.99,-144.9,-18.82571792602539,-151.42672729492188
48.8281,9.2,313.79688,2002.0,0.29671281927349075,0.0001503613311797,-4.15,-26.45,-6.866888523101807,-45.181129455566406
47.833185,1.940433,113.78516,1999.0,-0.9741004551724206,0.0,-5.9,-35.6,-6.356184482574463,-40.401710510253906
-5.22,145.8,2.7424316,1976.0,-0.27195815753410524,7.266415195772424e-05,-7.83,-53.1,-5.949198246002197,-36.592933654785156
51.35,12.43,125.46484,1986.0,0.29671281927349075,2.610400588309858e-05,-10.9,-76.5,-8.272375106811523,-56.95325469970703
36.88,30.7,0.0,2001.0,0.2386727660059501,0.0,-6.64,-29.6,-5.73327112197876,-34.572181701660156
36.846389,-2.356942,16.541016,2008.0,-0.7116566222817751,5.010709719499573e-05,-10.22,-73.27,-5.377233982086182,-31.240211486816406
50.06166667,19.84861111,356.8125,2012.0,0.6994583270516471,6.521707109641284e-05,-15.29,-117.4,-12.243288040161133,-90.2129898071289
39.03,141.81,81.234375,1982.0,0.6994583270516471,0.0003380038251634,-6.06,-31.5,-8.438629150390625,-58.34577178955078
43.365884,-8.421399,56.794922,2010.0,-0.2884824328806098,0.0001226301246788,-8.01,-51.62,-5.3493332862854,-30.979103088378906
28.22,-177.37,0.0,1973.0,0.9510565162951535,0.0,-1.26,-4.0,-3.302877902984619,-11.827369689941406
36.88,30.7,0.0,1987.0,0.9760105506323683,0.0,-5.03,-29.6,-4.707617282867432,-24.973609924316406
51.93,-10.25,33.068359,1986.0,-0.2135209154397959,4.172824446868617e-06,-4.23,-29.2,-4.734304904937744,-25.223365783691406
47.4828,11.0622,716.1875,2005.0,0.9510565162951535,4.723287929664366e-05,-11.19,-90.8,-11.50153923034668,-84.0002212524414
37.77,-25.65,137.14062,2019.0,-0.7236440382959123,2.073974610539153e-05,-2.73,-9.6,-3.5770325660705566,-14.393043518066406
9.357072,-75.289167,200.4375,2013.0,-0.2135209154397959,0.0,-6.76,-45.92,-5.940486431121826,-37.326087951660156
36.15,-5.35,1.5737915,2009.0,0.6994583270516471,0.0,-7.77,-50.1,-4.594801425933838,-23.917823791503906
46.05,-74.28,363.76562,1976.0,0.7295575540864875,0.0,-11.6,-81.0,-10.826292037963867,-78.3444595336914
-46.88,37.87,0.0,1964.0,-0.27195815753410524,1.2386057278490624e-05,-5.3,-39.1,-5.898831367492676,-38.282936096191406
-34.05,115.0249,77.78125,2012.0,0.9307239310379795,2.812319144140929e-05,-2.43,-5.7,-4.142324924468994,-19.683326721191406
-7.315277778,72.42805556,2.3126221,1998.0,0.9760105506323683,9.608032269170508e-05,-6.4,-39.5,-4.035574436187744,-18.684303283691406
46.22030867,7.33848445,481.70312,2006.0,0.2386727660059501,0.0001454917655792,-15.99,-120.1456345,-12.360944747924805,-91.1984634399414
28.58,77.2,222.79688,1982.0,0.9760105506323683,0.0,0.88,13.4,-1.9903321266174316,0.45607757568359375
28.63,-106.07,1444.25,1978.0,-0.2135209154397959,0.0005194314871914,-4.31,-18.9,-6.866888523101807,-45.181129455566406
45.32,-75.67,112.08594,1978.0,0.2386727660059501,0.0,-19.05,-136.9,-16.289587020874023,-122.8775405883789
68.68333333,21.53,459.29688,1994.0,-0.2884824328806098,0.0,-18.0,-134.5,-18.83717918395996,-145.44235229492188
28.58,77.2,222.79688,1975.0,0.6994583270516471,0.0,-0.51,4.5,-0.26776742935180664,16.576683044433594
3.8631031,11.4554616,713.3125,2020.0,-0.6932812268869771,0.0,-2.36,-12.0,-3.530935764312744,-13.961647033691406
-32.88,-68.85,762.84375,1984.0,-0.9634705485641486,0.0,-7.8,-51.0,-5.692633152008057,-34.191871643066406
50.4972,9.9428,920.40625,1982.0,0.6994583270516471,0.0,-11.23,-77.2,-12.442792892456055,-91.8840103149414
43.587,13.51533333,153.78906,2014.0,0.29671281927349075,0.0,-5.24,-28.2,-4.777975559234619,-25.632057189941406
28.58,77.2,222.79688,1992.0,-0.970063921851507,0.0,-11.16,-78.9,-5.180716037750244,-29.401100158691406
37.1644591,-5.611393166,86.394531,2009.0,0.9760105506323683,0.0,-7.19,-47.34,-4.75735330581665,-25.439064025878906
36.83,10.23,0.0,1981.0,0.6994583270516471,0.0,0.12,5.4,-5.183142185211182,-29.423805236816406
56.9,35.9,136.57812,1983.0,0.9760105506323683,2.013648372667376e-05,-9.2,-67.0,-12.744607925415039,-94.4119644165039
-20.299175,57.47873889,391.1875,2016.0,-0.7116566222817751,2.234667590528261e-05,-0.98,4.7,-2.046133518218994,-0.06613922119140625
43.03916667,16.09055556,0.0,2002.0,-0.2135209154397959,0.0,-4.89,-34.8,-3.8584656715393066,-17.026832580566406
45.32,-75.67,112.08594,1988.0,0.6994583270516471,0.0,-15.64,-114.2,-14.811273574829102,-111.7220230102539
49.19472222,-123.0172222,1.3475342,2020.0,-0.6932812268869771,0.0,-7.0,-53.4,-9.874347686767578,-70.39854431152344
41.78,-87.75,186.0,1974.0,-0.9741004551724206,1.5801228983036708e-06,-1.17,-11.0,-7.8030266761779785,-53.022071838378906
47.81666667,13.71777778,1616.0625,2002.0,-0.49377555015997737,0.0001280525175388,-15.07,-107.8,-10.887678146362305,-78.8586196899414
51.6,-1.1,55.042969,2012.0,-0.7116566222817751,7.306607585633174e-06,-8.82,-58.7,-7.651479721069336,-51.75273895263672
52.1,5.18,1.7967529,1997.0,-0.060213277365792774,2.378413228143472e-05,-6.47,-47.5,-6.313726902008057,-40.004371643066406
-26.41388889,146.2558333,302.09375,2006.0,-0.9587178169872964,0.0,-1.02,-0.8,-2.1553101539611816,-1.0878677368164062
41.13333333,-8.6,59.621094,2002.0,-0.680773409477016,1.7138977455033455e-06,-0.19,-4.3,-3.695913791656494,-15.505592346191406
-46.42,168.32,-0.90939331,2010.0,-0.9587178169872964,0.0,-8.82,-56.0,-6.866888523101807,-45.181129455566406
39.95,32.88,920.125,2014.0,0.741222010848596,0.0,-5.32,-33.1,-5.014524936676025,-27.845802307128906
51.3744,11.2919,162.88281,2010.0,-0.2135209154397959,0.0,-4.56,-29.1,-6.512670993804932,-41.866188049316406
47.47051111,21.49041944,105.30859,2001.0,0.2802306751992159,6.834333908045664e-05,-5.23,-39.62,-7.553006172180176,-50.927940368652344
37.90111111,40.20361111,674.46875,2009.0,-0.9741004551724206,0.0,-4.57,-24.89,-3.7128968238830566,-15.664527893066406
64.13,-21.93,12.141602,2017.0,0.29671281927349075,0.0,-7.06,-51.7,-8.01531982421875,-54.800209045410156
-45.35,-72.07,583.1875,1998.0,-0.9587178169872964,0.0,-17.54,-134.6,-9.50246810913086,-82.7831802368164
8.04,79.825,4.4956055,1993.0,0.2386727660059501,0.0001392100093653,-2.1,-5.0,-3.5333619117736816,-13.984352111816406
47.59583333,7.594444444,248.26562,1995.0,0.741222010848596,5.299314943840727e-05,-6.66,-46.7,-6.866888523101807,-45.181129455566406
-27.43,153.08,5.7802734,2007.0,0.2386727660059501,0.0,-3.61,-16.7,-3.0820984840393066,-9.761207580566406
-33.97,18.6,41.798828,2012.0,-0.7116566222817751,0.0,-1.148319,-11.26059948,-3.016592502593994,-9.148170471191406
30.14055556,78.59666667,444.5,2004.0,-0.970063921851507,0.0,-6.8,-44.1,-4.011312961578369,-18.457252502441406
14.93894444,-88.02145,661.125,2013.0,0.6994583270516471,0.0001318024442298,-0.72,11.39,-3.720175266265869,-15.732643127441406
-46.88,37.87,0.0,1975.0,-0.2135209154397959,4.788419755641371e-05,-5.57,-35.9,-5.758443832397461,-36.929054260253906
-34.05,115.0249,77.78125,2016.0,-0.4405187843504952,0.0001034429587889,-2.77,5.3,-3.2422242164611816,-11.259742736816406
19.72,-155.07,7.4401855,1964.0,-0.27195815753410524,7.105018448783085e-05,-4.7,-26.7,-2.6890625953674316,-6.082984924316406
36.98,35.3,22.958008,2010.0,0.741222010848596,0.0,-3.875171721,-18.15445407,-3.3974976539611816,-12.712867736816406
8.92,-79.6,11.163086,1986.0,0.6994583270516471,0.0,-0.22,-5.8,-4.653028964996338,-24.462745666503906
46.39864119,6.233803787,434.125,1997.0,0.9510565162951535,7.857127638999373e-05,-5.95,-47.1,-10.041061401367188,-71.76749420166016
48.8281,9.2,313.79688,1961.0,-0.9587178169872964,0.0,-5.0,-32.3,-6.899206161499023,-45.26601028442383
49.19472222,-123.0172222,1.3475342,2019.0,0.9510565162951535,5.746059832745232e-05,-13.6,-98.6,-10.432397842407227,-75.0452651977539
-41.47,-72.93,43.574219,2010.0,0.9760105506323683,0.0,-2.95,-23.4,-6.279760837554932,-39.686500549316406
48.18427778,16.389575,201.11719,2002.0,0.6486295610349814,0.0,-5.51,-62.2,-10.86465835571289,-78.66580963134766
40.40725278,-3.686133333,653.5,2002.0,-0.8758917051442433,3.838230895780725e-06,-1.53,-2.6,-5.530081272125244,-32.670631408691406
-12.43,130.87,16.515625,1981.0,0.6994583270516471,9.369640793011058e-06,-4.76,-31.4,-4.682142734527588,-24.735206604003906
49.38,-82.12,243.30469,1998.0,-0.7236440382959123,7.634629582753405e-06,-16.01,-116.3,-16.565893173217773,-126.4184341430664
25.07,110.08,385.5,1989.0,0.2386727660059501,3.294415364507586e-05,-5.82,-31.0,-2.832205295562744,-7.422584533691406
-34.05,115.0249,77.78125,2018.0,-0.02581844022713239,2.574567770352587e-05,-7.72,-47.4,-3.3101563453674316,-11.895484924316406
50.4972,9.9428,920.40625,1985.0,0.9760105506323683,0.0,-10.05,-69.1,-10.50401496887207,-75.6451187133789
41.65,41.63333333,9.3139648,1983.0,0.2386727660059501,0.0,-13.7,-77.0,-12.018205642700195,-88.3277359008789
-75.58333333,-20.56666667,105.53516,2005.0,0.9760105506323683,6.484764067290934e-08,-23.42,-175.51,-18.83504295349121,-151.49948120117188
-35.07,173.28,71.449219,1977.0,-0.9587178169872964,0.0004604596178978,-6.24,-33.8,-3.8827271461486816,-17.253883361816406
9.93,-84.1,1135.125,2015.0,0.29671281927349075,0.0001748772338032,-12.71,-95.2,-9.11205005645752,-77.26859283447266
42.58834633,-5.651107617,911.78125,2011.0,-0.7236440382959123,0.0,-8.01,-50.1,-9.31338119506836,-65.67255401611328
56.9,35.9,136.57812,1983.0,0.741222010848596,1.1675178029690867e-05,-8.8,-56.0,-9.693206787109375,-68.85391998291016
43.83758,10.35235,-1.0,2010.0,-0.9741004551724206,2.783399395411834e-06,-6.32,-31.03,-5.104292392730713,-28.685890197753906
43.78,87.62,900.71875,1995.0,-0.2884824328806098,0.0,-27.06,-191.0,-16.596586227416992,-126.6755142211914
20.03333333,110.35,20.03418,1988.0,-0.7116566222817751,3.975071740569547e-05,-6.03,-31.2,-5.202551364898682,-29.605445861816406
50.06166667,19.84861111,356.8125,1992.0,0.9562348265919056,3.639646456576884e-05,-11.51,-85.5,-10.718866348266602,-77.4446792602539
41.64083945,-4.754446679,735.625,2006.0,0.2386727660059501,0.0001102745954995,-11.2,-84.02,-8.76729965209961,-61.098670959472656
36.88,30.7,0.0,1980.0,0.9721181966290613,0.0,-3.61,-16.3,-4.666372776031494,-24.587623596191406
32.53,35.85,648.125,2002.0,-0.2884824328806098,0.0,-7.43,-36.16,-5.1164231300354,-28.799415588378906
35.68,51.32,1161.1875,1968.0,-0.27195815753410524,0.0,-6.38,-39.3,-6.41259241104126,-40.929603576660156
17.03333333,54.11666667,14.982422,1989.0,-0.4093559588156211,0.0,-0.14,9.2,-0.8888611793518066,10.764183044433594
47.47051111,21.49041944,105.30859,2001.0,0.9338372288229252,1.8378803360974416e-05,-6.53,-49.55,-9.879922866821289,-70.4178237915039
42.58834633,-5.651107617,911.78125,2007.0,-0.2884824328806098,0.0,-10.46,-68.87,-9.404180526733398,-66.4330825805664
54.5275,9.5486,43.292969,2009.0,0.9760105506323683,0.0,-6.845,-47.15,-8.498735427856445,-58.849220275878906
51.116535,17.029468,118.94141,2007.0,-0.9427611433904206,0.0,-6.3278141,-38.7152569,-7.573592185974121,-52.38002014160156
1.98,-157.46,0.0,1963.0,-0.2135209154397959,0.0,-1.0,-5.0,-3.055410861968994,-9.511451721191406
52.1042,8.7519,134.42188,2002.0,-0.9741004551724206,0.0,-7.39,-46.05,-7.730316162109375,-54.30458068847656
18.43,-66.0,8.0175781,1968.0,-0.6932812268869771,2.365901855228003e-05,-1.19,-5.5,-3.1160645484924316,-10.079078674316406
47.8008,11.0108,974.96875,1986.0,0.741222010848596,0.0,-9.22,-61.7,-9.798074722290039,-69.7322769165039
2.016666667,103.2483333,23.109375,2004.0,0.2802306751992159,9.130686521530151e-05,-3.81,-24.48,-6.56134557723999,-42.32170867919922
8.92,-79.6,11.163086,1969.0,-0.680773409477016,7.010249100858346e-05,-8.48,-57.2,-5.451231479644775,-31.932716369628906
49.0975,19.59,572.9375,2010.0,-0.2884824328806098,3.1754014344187453e-05,-19.03233532,-140.4984255,-12.345598220825195,-91.0699234008789
48.8281,9.2,313.79688,1990.0,-0.9741004551724206,0.0,-11.95,-90.2,-8.242419242858887,-58.45085906982422
-35.07,173.28,71.449219,1977.0,0.9760105506323683,1.0190542525378987e-05,-3.31,-12.8,-4.828924655914307,-26.108863830566406
28.276976,84.30961,2101.5,2017.0,-0.970063921851507,0.0,-8.284787186,-53.78293219,-7.161825656890869,-49.93348693847656
-37.82,144.97,6.1674805,1983.0,-0.7236440382959123,0.0,-4.61,-23.7,-4.375235080718994,-21.863014221191406
52.27,104.35,487.23438,1990.0,0.29671281927349075,0.0,-14.5,-112.0,-9.034585952758789,-63.33740997314453
51.18,8.4889,841.375,2002.0,0.9760105506323683,0.0,-9.65,-63.7,-9.237926483154297,-65.04056549072266
43.365884,-8.421399,56.794922,2010.0,0.2386727660059501,7.02014149283059e-05,-5.81,-34.01,-5.900675296783447,-36.138832092285156
47.07777778,15.44888889,370.03125,1975.0,-0.680773409477016,0.0,-8.08,-55.1,-6.7983174324035645,-44.52066421508789
65.11666667,57.1,53.808594,1982.0,0.6994583270516471,6.421701982617378e-05,-19.0,-140.0,-19.7170467376709,-152.81198120117188
-1.43,-48.48,4.737793,1989.0,-0.8758917051442433,0.0001741685409797,-1.1,0.3,-2.3105835914611816,-2.5409927368164062
34.57,69.21333333,1788.0,1967.0,0.741222010848596,0.0,-8.39,-51.4,-2.497396945953369,-4.289283752441406
-21.54022,-64.69846,1877.5,2009.0,0.6994583270516471,5.9272293583489954e-05,-8.01,-47.2,-5.687780857086182,-34.146461486816406
26.27,50.62,2.3325195,1970.0,0.2386727660059501,0.0,1.16,19.9,-1.2042603492736816,7.812522888183594
3.305997222,-76.10000278,3396.25,2003.0,-0.9741004551724206,0.0001435892918379,-12.4,-89.7,-8.883932113647461,-73.9584732055664
55.75,37.57,130.52344,1978.0,0.29671281927349075,1.5862135114730336e-05,-12.2,-90.0,-8.744279861450195,-60.905860900878906
48.24861111,16.35638889,200.63281,1987.0,0.741222010848596,0.0,-11.56,-86.5,-7.719899654388428,-52.32581329345703
-32.88,-68.85,762.84375,1983.0,0.29671281927349075,0.0,-19.7,-153.0,-6.29826021194458,-39.85962677001953
13.07176111,-59.48972222,45.302734,1975.0,0.9510565162951535,4.884786449110834e-06,-0.4,9.6,-1.0295777320861816,9.447288513183594
-38.73263889,-72.58922222,110.76172,1990.0,-0.7236440382959123,0.0,-6.1,-34.0,-5.638044834136963,-33.681007385253906
38.05011111,23.8675,438.375,2000.0,-0.9338372288229252,3.2956915674731135e-05,-4.99,-26.7,-4.375235080718994,-21.863014221191406
50.7,5.47,141.75781,1966.0,-0.9741004551724206,0.0,-8.94,-56.4,-6.866888523101807,-45.181129455566406
-45.35,-72.07,583.1875,1996.0,0.2386727660059501,0.0,-10.87,-77.0,-9.912406921386719,-88.6318130493164
65.11666667,57.1,53.808594,1983.0,-0.2884824328806098,0.0,-23.0,-172.0,-19.256650924682617,-148.95578002929688
4.365694444,18.58725,381.14062,2020.0,0.6994583270516471,0.0,1.95,26.5,-1.5924439430236816,4.179710388183594
50.12,-104.42,580.5,2010.0,0.741222010848596,0.0001432171848136,-13.33,-95.6,-13.445432662963867,-100.2819595336914
34.88333333,44.65,224.17188,2024.0,0.7236440382959124,0.0,-7.7,-47.2,-1.4662842750549316,5.360374450683594
81.6,-16.67,27.780273,1961.0,-0.7236440382959123,5.157612031325698e-05,-25.3,-190.3,-27.482389450073242,-217.85324096679688
4.05,114.81,27.053711,2007.0,-0.6354323008901775,6.943889457033947e-05,-6.64,-43.46,-7.006217956542969,-47.16895294189453
78.91666667,11.93333333,38.650391,2020.0,0.7295575540864875,0.0,-8.31,-64.0,-11.381324768066406,-82.99332427978516
4.7,-74.13,2551.125,2009.0,-0.7236440382959123,0.0,-14.94,-110.1,-8.159284591674805,-63.619850158691406
38.05011111,23.8675,438.375,2002.0,0.13727877211326478,5.31400337422383e-06,-8.66,-51.0,-7.0897536277771,-46.92436218261719
49.7478,6.6581,259.26562,2007.0,0.29671281927349075,0.0,-7.19,-49.5,-6.866888523101807,-45.181129455566406
23.95277778,90.27916667,23.626953,2018.0,0.6994583270516471,0.0,-1.79,-5.3,-2.254782199859619,-2.0187759399414062
48.24861111,16.35638889,200.63281,2016.0,0.2386727660059501,0.0,-9.67,-71.8,-10.839080810546875,-78.45157623291016
48.65,-123.43,15.649902,1976.0,0.9721181966290613,0.0,-10.9,-91.0,-9.600301742553711,-68.50788116455078
68.68333333,21.53,459.29688,1995.0,-0.7236440382959123,6.665663386229426e-05,-21.56,-159.3,-16.50962257385254,-125.9471206665039
46.72738634,8.186782163,600.90625,2010.0,-0.680773409477016,3.616486719693057e-05,-8.39,-58.93171985,-6.409256458282471,-40.89838409423828
-31.95,115.97,20.375,2010.0,-0.2135209154397959,0.0001331287785433,-4.76,-17.2,-3.1451783180236816,-10.351539611816406
34.72,113.65,108.5625,1991.0,0.9510565162951535,0.0,-4.69,-32.4,-5.134619235992432,-28.969703674316406
52.8,5.05,-4.4990234,1999.0,-0.33752289959411347,2.334283453819808e-05,-7.53,-48.2,-6.866888523101807,-45.181129455566406
43.73238889,7.423583333,8.8959961,2018.0,-0.9587178169872964,5.420373781817034e-06,-5.83,-36.5,-4.8641037940979,-26.438087463378906
49.7703,9.9578,265.90625,2003.0,-0.7236440382959123,0.0,-12.46,-88.05,-10.168949127197266,-72.83866119384766
19.2,-96.13,0.0,1974.0,0.9760105506323683,2.0873606842997106e-07,2.12,20.8,-1.7428650856018066,2.7719955444335938
-3.72,-38.55,19.124023,1968.0,-0.6932812268869771,0.0,-0.7,5.9,-1.9223999977111816,1.0918197631835938
28.22,-177.37,0.0,1973.0,-0.9587178169872964,0.0002071134949801,-0.23,5.5,-3.142752170562744,-10.328834533691406
48.24861111,16.35638889,200.63281,1979.0,-0.9587178169872964,0.0,-9.53,-55.3,-7.6834516525268555,-52.020530700683594
54.5283,11.0603,1.9006348,1999.0,0.29671281927349075,1.8359232853981663e-05,-6.85,-46.3,-6.866888523101807,-45.181129455566406
38.03333333,114.4166667,86.800781,1999.0,-0.2135209154397959,7.817926234565675e-05,-9.0,-57.6,-7.867372035980225,-59.20860290527344
45.81666667,15.98333333,156.41406,1997.0,0.9760105506323683,0.0,-10.47,-73.6,-9.50393295288086,-67.26859283447266
-24.11,-65.19,1321.5625,1984.0,-0.6932812268869771,0.0,-3.3,-11.0,-3.788107395172119,-16.368385314941406
69.2666,-53.469,93.789062,2016.0,-0.6932812268869771,0.0,-11.38,-86.2,-15.558137893676758,-117.9776382446289
50.06166667,19.84861111,356.8125,1978.0,0.9760105506323683,1.265234732272802e-05,-10.08,-70.5,-11.547578811645508,-84.3858413696289
-9.55,16.37,1154.5,1970.0,-0.2884824328806098,9.26397551666014e-05,-3.32,-11.1,-5.001181125640869,-27.720924377441406
-19.23,-66.95972,3702.875,2008.0,-0.27195815753410524,9.947521903086454e-06,-12.39858398,-81.5,-9.183223724365234,-78.2284927368164
47.81666667,13.71777778,1616.0625,2018.0,-0.8452490573530633,0.0,-12.771,-90.11,-10.805830001831055,-78.1730728149414
46.29,-64.15,0.0,2002.0,-0.9741004551724206,1.025316487357486e-05,-13.33,-91.2,-9.501375198364258,-67.2471694946289
-35.07,173.28,71.449219,1987.0,-0.680773409477016,4.167035149293952e-05,-3.18,-10.3,-3.608572483062744,-14.688209533691406
-0.13,-67.08,58.835938,1989.0,-0.9995462806873573,0.0001227141765411,-3.27,-17.3,-2.924398899078369,-8.285377502441406
33.27722222,44.38765833,39.535156,2014.0,0.8674563547295968,0.0,3.25,32.11,-2.871023654937744,-7.785865783691406
28.46344137,-16.2553441,36.554688,2019.0,0.9510565162951535,2.822179567374405e-06,0.05,7.3,-2.283895969390869,-2.2912368774414062
52.1042,8.7519,134.42188,2003.0,0.2386727660059501,0.0,-9.21,-68.95,-9.752035140991211,-69.3466567993164
40.41666667,-7.55,1295.4375,1997.0,0.741222010848596,0.0,-6.94,-42.4,-6.122061252593994,-38.210670471191406
40.50691,-1.65147,1713.75,2020.0,0.7295575540864875,3.3931719372048974e-05,-8.9,-58.5,-6.676681041717529,-43.16183090209961
46.17378583,8.788556051,407.5,2010.0,-0.7236440382959123,0.0,-12.51,-89.16208367,-10.401704788208008,-74.7881851196289
49.7703,9.9578,265.90625,1985.0,0.29671281927349075,0.0,-7.96,-58.8,-8.35805892944336,-57.670936584472656
46.095,14.597,283.89062,1989.0,-0.9741004551724206,1.1412957064749207e-05,-9.72,-68.0,-8.382674217224121,-59.18614959716797
53.23,6.55,7.7121582,1999.0,-0.5086709438521042,5.4901436669752e-05,-8.576,-56.104,-6.866888523101807,-45.181129455566406
-22.71,-46.46583333,1095.0625,1997.0,0.29671281927349075,0.0,-7.75,-57.31,-4.526869297027588,-23.282081604003906
51.6,-1.1,55.042969,1989.0,-0.680773409477016,0.0001368435187032,-4.9,-31.0,-6.310997486114502,-39.97882843017578
13.73,100.5,5.7392578,2000.0,0.6994583270516471,0.0,-5.09,-33.45,-4.507460117340088,-23.100440979003906
47.37233597,8.083138245,397.48438,2017.0,-0.2884824328806098,0.0,-12.88,-92.6,-12.22282600402832,-90.0416030883789
47.4,28.49166667,94.726562,2012.0,0.2802306751992159,0.0,-5.98,-43.67,-7.4232001304626465,-49.84070587158203
50.4972,9.9428,920.40625,2002.0,-0.680773409477016,6.731379107804969e-05,-7.79,-51.65,-6.866888523101807,-45.181129455566406
36.15,-5.35,1.5737915,2014.0,-0.2884824328806098,0.0003384992887731,-6.07,-34.8,-4.779188632965088,-25.643409729003906
52.2914,10.4464,80.6875,2005.0,0.29671281927349075,7.639946124982089e-05,-2.51,-21.45,-6.866888523101807,-45.181129455566406
46.39864119,6.233803787,434.125,2003.0,-0.9587178169872964,0.0,-8.43,-52.47196842,-7.346307277679443,-50.211753845214844
43.68333333,-1.066666667,17.238281,1999.0,0.9510565162951535,7.524391548940912e-05,-7.0,-40.9,-5.732058048248291,-34.560829162597656
34.88,35.88,0.0,1990.0,0.6994583270516471,0.0001501552324043,-3.82,-14.2,-4.982985019683838,-27.550636291503906
52.141,-106.6244,507.71875,2005.0,0.741222010848596,5.9976511693093926e-05,-9.87,-70.88,-13.685861587524414,-102.2957534790039
43.365884,-8.421399,56.794922,2001.0,0.741222010848596,3.029992694791872e-05,-6.5,-43.0,-5.0387864112854,-28.072853088378906
-27.43,153.08,5.7802734,1982.0,-0.7236440382959123,6.139047764008865e-05,-0.2,6.9,-2.3591065406799316,-2.9950942993164062
38.03333333,114.4166667,86.800781,1991.0,0.2386727660059501,0.0,-8.46,-54.2,-7.920234203338623,-56.47734451293945
2.883333333,101.7833306,55.289062,2017.0,-0.680773409477016,0.0001381275214953,-9.44,-63.2,-5.80120325088501,-35.207923889160156
-46.42,168.32,-0.90939331,2013.0,-0.9741004551724206,0.0,-5.91,-34.0,-6.866888523101807,-45.181129455566406
13.17,100.8,23.824219,1984.0,0.2802306751992159,0.0,-4.27,-19.7,-4.942953586578369,-27.176002502441406
-34.05,115.0249,77.78125,2017.0,0.9844738167520922,0.0,-5.83,-31.6,-4.016165256500244,-18.502662658691406
46.39864119,6.233803787,434.125,1992.0,-0.27195815753410524,5.149021671968512e-05,-12.48,-94.7,-12.192132949829102,-89.7845230102539
43.70555556,-72.28833333,168.71094,1998.0,0.741222010848596,0.0,-7.2,-34.0,-6.866888523101807,-45.181129455566406
-0.166666667,-78.48333333,2781.625,2007.0,0.6994583270516471,5.1782866648864e-05,-6.5,-39.76,-10.839303970336914,-101.8559341430664
32.2361,-110.9439,753.21875,1983.0,-0.2135209154397959,0.0,-2.738372093,-25.92635659,-6.866888523101807,-45.181129455566406
52.2914,10.4464,80.6875,1991.0,0.9760105506323683,0.0002305677480762,-7.47,-54.1,-8.436676979064941,-58.38573455810547
-31.48388889,145.8294444,259.60938,2013.0,0.741222010848596,9.774597856448963e-06,-10.97,-72.2,-3.807516574859619,-16.550025939941406
43.49111613,-3.800555816,50.095703,2007.0,0.2386727660059501,0.0,-9.55,-57.02,-6.285826206207275,-39.743263244628906
9.0,38.73,2329.125,1996.0,-0.23030567023061196,0.0002915414224844,-2.98,-8.9,-2.293600559234619,-2.3820571899414062
49.0975,19.59,572.9375,2016.0,-0.23030567023061196,0.0002345897955819,-6.34,-42.7,-6.973151206970215,-45.976402282714844
47.833185,1.940433,113.78516,2014.0,-0.7236440382959123,0.0,-10.3,-71.8,-7.547890663146973,-50.885093688964844
54.5283,11.0603,1.9006348,2006.0,-0.2135209154397959,8.502925084030721e-06,-4.5,-30.6,-6.522375583648682,-41.957008361816406
46.39864119,6.233803787,434.125,2022.0,-0.9587178169872964,6.430559005821124e-05,-7.08,-44.5,-7.347145080566406,-50.20500183105469
-7.315277778,72.42805556,2.3126221,1977.0,0.9760105506323683,0.000147674451,-3.54,-22.1,-4.222387790679932,-20.432594299316406
19.53,-96.91,1381.3125,2020.0,0.7295575540864875,4.404882565722801e-05,-2.9,-12.6,-2.1019349098205566,-0.5883560180664062
40.7930564,-4.010553289,1892.5,2020.0,0.2802306751992159,0.0,-7.07,-43.3,-7.538299083709717,-50.80475616455078
37.1644591,-5.611393166,86.394531,2003.0,0.9760105506323683,0.0,-4.93,-30.91,-4.760992527008057,-25.473121643066406
-40.68,144.69,82.167969,2006.0,0.741222010848596,0.0,-4.36,-21.4,-4.671225070953369,-24.633033752441406
4.83,-52.37,7.9216309,1963.0,0.9510565162951535,0.0001042103904183,-3.7,-10.6,-2.7327332496643066,-6.491676330566406
-34.05,115.0249,77.78125,2016.0,0.7909456567567772,0.0002322437649127,-0.91,4.7,-4.013739109039307,-18.479957580566406
20.03333333,110.35,20.03418,1989.0,-0.680773409477016,0.0,-8.83,-60.3,-7.771097660064697,-59.04767608642578
49.0975,19.59,572.9375,2005.0,0.9510565162951535,7.83878203947097e-05,-12.76,-93.01,-10.83140754699707,-78.3873062133789
46.65772518,8.292706832,1061.3125,2021.0,-0.680773409477016,0.0001078713903552,-7.95,-49.96,-6.532686710357666,-42.053504943847656
4.365694444,18.58725,381.14062,2010.0,0.9510565162951535,4.721777804661542e-05,-0.51340935,11.80621697,-1.1557374000549316,8.266624450683594
48.18427778,16.389575,201.11719,2001.0,-0.9536809966304455,6.173917790874839e-05,-8.26,-59.2,-7.811641693115234,-55.19805145263672
54.61666667,39.71666667,135.66406,1983.0,0.6994583270516471,0.0001065425385604,-16.9,-126.0,-15.680910110473633,-119.0059585571289
-4.37,15.25,422.4375,1961.0,0.9510565162951535,0.0001315835252171,-3.9,-13.7,-4.841055393218994,-26.222389221191406
-34.05,115.0249,77.78125,2014.0,-0.9995462806873573,2.5174807888106443e-05,-2.12,-5.4,-2.968069553375244,-8.694068908691406
60.18008889,24.83286111,14.698242,2014.0,0.9760105506323683,0.0,-10.27,-74.9,-11.849393844604492,-86.9137954711914
4.466666667,101.3833333,1451.4375,2017.0,0.9760105506323683,0.0001161784603027,-8.09,-49.7,-4.4176926612854,-22.260353088378906
45.37,-63.27,12.535156,1979.0,0.2386727660059501,0.0,-11.5,-84.0,-13.634305953979492,-100.4811782836914
53.23,6.55,7.7121582,1975.0,0.741222010848596,6.216623296495527e-05,-6.7,-42.9,-6.866888523101807,-45.181129455566406
48.75,-91.62,405.375,1978.0,-0.9587178169872964,0.0,-10.12,-67.0,-12.417215347290039,-91.6697769165039
52.4672,13.4019,47.5625,2001.0,-0.9741004551724206,0.0,-5.6,-37.5,-8.187897682189941,-57.684303283691406
54.0967,13.4056,1.5458374,2008.0,0.9562348265919056,6.572619895450771e-05,-9.68,-68.4,-8.954015731811523,-62.662574768066406
-31.95,115.97,20.375,1975.0,-0.7236440382959123,1.0477011528564615e-05,-4.89,-20.0,-3.2082581520080566,-10.941871643066406
55.677,12.56,17.620117,2015.0,-0.2884824328806098,8.861678361427039e-05,-11.21,-80.1,-10.675384521484375,-77.08048248291016
46.89,7.49,659.34375,2023.0,0.29671281927349075,5.058017632109113e-05,-2.85,-20.07,-7.4561309814453125,-50.11653137207031
0.616666667,-69.2,92.0,1973.0,0.29671281927349075,9.280957601731644e-05,-3.7,-18.0,-4.380087375640869,-21.908424377441406
50.4972,9.9428,920.40625,2007.0,-0.9587178169872964,0.0,-7.91,-49.95,-7.8963847160339355,-53.80402374267578
47.833185,1.940433,113.78516,2010.0,0.741222010848596,7.898133844719268e-06,-3.254337053,-21.44178871,-6.5981926918029785,-42.666542053222656
51.3,3.75,9.4589844,2007.0,-0.9886775902323404,2.6289500965503976e-05,-6.92,-44.21,-6.54299783706665,-42.150001525878906
28.22,-177.37,0.0,1977.0,-0.2884824328806098,0.0,-4.17,-15.1,-3.584311008453369,-14.461158752441406
53.23,6.55,7.7121582,1975.0,0.2386727660059501,0.0,-11.17,-78.2,-8.76729965209961,-61.098670959472656
-22.9,-43.17,0.0,1962.0,0.29671281927349075,0.0,-2.4,-4.4,-4.536573886871338,-23.372901916503906
49.0392,8.365,112.44141,2004.0,-0.970063921851507,6.20400533080101e-06,-9.86,-69.8,-8.161880493164062,-57.86310577392578
46.48,30.63,60.207031,1981.0,-0.680773409477016,0.0,-8.5,-60.0,-6.637314319610596,-43.03266143798828
-34.93,138.58,24.027344,1963.0,0.9510565162951535,0.0,-2.0,-12.4,-4.457724094390869,-22.634986877441406
46.60305556,13.67138889,2148.125,2018.0,-0.5307300481619331,0.0,-5.786,-40.75,-12.611604690551758,-93.2979507446289
45.80666667,15.97,120.36328,1991.0,0.2386727660059501,0.0,-8.79,-64.0,-11.831489562988281,-86.76383209228516
-34.90416667,-56.16666667,34.734375,2012.0,0.9562348265919056,1.3469518307829276e-05,-5.34,-32.86,-5.997114658355713,-37.041358947753906
-3.12,-60.02,49.394531,1984.0,-0.970063921851507,0.0,-3.5,-8.3,-2.5774598121643066,-5.038551330566406
-16.49888889,-68.12305556,3582.75,2005.0,-0.9587178169872964,0.0,-6.24,-33.82,-6.866888523101807,-45.181129455566406
-75.58333333,-20.56666667,105.53516,2016.0,0.9721181966290613,1.4330870962337962e-06,-27.86,-214.8,-18.815486907958984,-151.34103393554688
36.15,-5.35,1.5737915,1978.0,-0.7236440382959123,0.0,-3.62,-10.4,-4.792532444000244,-25.768287658691406
1.6,103.6666667,43.185547,2013.0,0.741222010848596,0.0,-7.64,-50.1,-5.8994622230529785,-36.127479553222656
-16.49888889,-68.12305556,3582.75,1998.0,0.9510565162951535,0.0,-19.63,-148.3,-11.452398300170898,-110.6030044555664
-7.315277778,72.42805556,2.3126221,1966.0,0.9760105506323683,4.0587397961644456e-05,-3.57,-17.4,-4.227240085601807,-20.478004455566406
54.5275,9.5486,43.292969,2012.0,-0.23030567023061196,0.0,-7.249888889,-48.56685714,-6.527834415435791,-42.008094787597656
-37.82,144.97,6.1674805,2011.0,-0.2884824328806098,0.0,-3.31,-11.3,-4.849546909332275,-26.301856994628906
-37.82,144.97,6.1674805,1985.0,-0.7236440382959123,5.158339263289236e-05,-1.52,-1.5,-4.382513523101807,-21.931129455566406
66.53333333,66.66666667,16.196289,1996.0,-0.23030567023061196,0.0,-10.4,-82.1,-10.524477005004883,-75.8165054321289
4.05,114.81,27.053711,2007.0,0.5012418134457758,0.0001179282407974,-11.38,-77.75,-6.159060001373291,-38.556922912597656
31.99730278,34.81616111,44.347656,1996.0,-0.27195815753410524,8.362546941498294e-05,-4.5,-17.7,-4.353399753570557,-21.658668518066406
47.81666667,13.71777778,1616.0625,2019.0,0.08596479873744647,0.0001551491586724,-13.337,-100.98,-10.442628860473633,-75.1309585571289
46.095,14.597,283.89062,2000.0,0.2802306751992159,0.0,-2.12,-26.4,-7.787065505981445,-52.918670654296875
52.93,4.78,0.63311768,1984.0,0.7295575540864875,2.7634807793219807e-06,-7.34,-51.3,-6.866888523101807,-45.181129455566406
48.18427778,16.389575,201.11719,2001.0,-0.2967128192734901,3.75311283278279e-05,-6.42,-42.9,-11.938915252685547,-87.66361236572266
39.95,32.88,920.125,2002.0,0.9951053111006976,0.0,-7.58,-47.1,-8.226335525512695,-56.56763458251953
38.00194982,-1.170837424,61.660156,2001.0,-0.7236440382959123,0.0,-8.69,-61.3,-5.577391147613525,-33.113380432128906
-0.92,-75.4,176.47656,2020.0,-0.970063921851507,0.0002119362179655,-2.6,-8.4,-3.851187229156494,-16.958717346191406
4.05,114.81,27.053711,2006.0,-0.4482293417404106,4.830465331906453e-05,-6.12,-34.12,-6.866888523101807,-45.181129455566406
18.47,-70.02,1.0,2003.0,-0.9741004551724206,0.0,-4.14,-24.7,-3.5964417457580566,-14.574684143066406
-34.05,115.0249,77.78125,2007.0,-0.4862727071086902,6.577142630703747e-05,-1.6,-9.5,-3.268911838531494,-11.509498596191406
10.00036389,-84.10913333,1157.3125,2015.0,-0.12874817745258066,0.0,-11.66645808,-85.98472243,-6.401331424713135,-44.189796447753906
34.71666667,10.68333333,23.232422,1999.0,-0.2884824328806098,0.0,-5.77,-32.45,-5.492475986480713,-32.318702697753906
-17.97472,-67.08,3703.375,2010.0,0.9760105506323683,1.4338657820189836e-05,-12.92,-87.3,-11.430631637573242,-110.2924575805664
68.75944444,161.3425,38.8125,2007.0,-0.9741004551724206,0.0,-24.59,-175.04,-23.74806785583496,-186.57516479492188
39.28333333,-7.416666667,492.75,1992.0,-0.9634705485641486,0.0,-10.14,-55.2,-4.858038425445557,-26.381324768066406
-0.338055556,-77.81,1598.1875,1993.0,0.02581844022713308,0.0,-7.72,-51.24,-4.944166660308838,-27.187355041503906
49.1823,-119.559,334.40625,2009.0,0.9999907397361901,0.0,-19.94,-156.71,-15.808797836303711,-120.0771255493164
47.81666667,13.71777778,1616.0625,2022.0,0.7526668275320084,7.242189167300239e-05,-3.606,-14.57,-9.159915924072266,-64.38715362548828
45.46666667,13.61666667,0.5645752,2000.0,-0.5667017562911184,0.0,-9.87,-67.58,-6.167551517486572,-38.636390686035156
-34.23583333,142.0866667,49.828125,2008.0,0.7295575540864875,0.0,-5.97,-32.0,-4.232092380523682,-20.523414611816406
33.21722222,-87.54305556,64.535156,2006.0,0.5808002734538009,0.0,-8.5,-40.7,-4.215109348297119,-20.364479064941406
-27.17,-109.43,140.28906,1993.0,0.9510565162951535,0.0001021347343339,-1.21,-3.1,-3.205832004547119,-10.919166564941406
39.95,32.88,920.125,2001.0,0.7638886127905428,0.0,-7.91,-50.12,-6.054541110992432,-37.211830139160156
53.23,6.55,7.7121582,2002.0,0.9760105506323683,6.398508958227467e-06,-6.702,-44.20754218,-7.631392955780029,-52.490806579589844
-3.72,-38.55,19.124023,1975.0,0.741222010848596,7.027806714177132e-05,-4.07,-19.0,-2.7278809547424316,-6.446266174316406
43.49111613,-3.800555816,50.095703,2009.0,-0.2884824328806098,1.6450696875836002e-06,-9.05,-56.28,-6.029867649078369,-37.347877502441406
-30.08,-51.18,244.72656,1974.0,-0.9741004551724206,0.0002405680570518,-1.15,2.3,-4.241796970367432,-20.614234924316406
47.38333333,123.9166667,143.5,1989.0,-0.9587178169872964,0.0,-7.7,-61.1,-10.816061019897461,-78.2587661743164
49.38,-82.12,243.30469,2006.0,0.9760105506323683,0.0003346332232467,-15.87,-119.0,-13.77794075012207,-103.0669937133789
-14.67,17.7,1367.125,1981.0,0.6994583270516471,0.0,-4.11,-21.2,-5.8266777992248535,-35.446327209472656
-33.95833333,18.46111111,109.49609,1997.0,0.29671281927349075,1.4829838619334623e-06,-4.72,-19.0,-3.395071506500244,-12.690162658691406
39.91055556,41.27555556,1890.5625,2016.0,-0.970063921851507,0.0,-3.7,-22.7,-5.574965000152588,-33.090675354003906
43.73238889,7.423583333,8.8959961,2016.0,-0.27195815753410524,0.000188036734471,-4.14,-22.0,-6.4380669593811035,-41.168006896972656
-12.43,130.87,16.515625,2004.0,0.7295575540864875,0.0,-4.62,-26.6,-4.775549411773682,-25.609352111816406
39.03,141.81,81.234375,1985.0,0.29671281927349075,0.0003010235668625,-9.58,-73.9,-7.5076446533203125,-54.322853088378906
50.06166667,19.84861111,356.8125,1990.0,-0.7236440382959123,1.6716528989491053e-05,-11.12,-79.4,-11.565483093261719,-84.53580474853516
-19.85,-68.6,3948.0,1986.0,0.6994583270516471,0.000176826637471,-6.7,-31.0,-9.691112518310547,-85.4745864868164
46.095,14.597,283.89062,1996.0,-0.7116566222817751,0.0001008187100524,-11.62,-77.8,-11.455499649047852,-83.6146011352539
38.48333333,106.2166667,1111.5,1989.0,0.6994583270516471,0.0,-14.02,-94.3,-13.404508590698242,-99.9391860961914
46.37222222,6.470833333,387.75,2001.0,0.741222010848596,0.0,-6.25,-70.7,-7.0892534255981445,-47.04362106323242
46.39864119,6.233803787,434.125,2014.0,0.9760105506323683,0.0,-7.64,-58.8,-10.140813827514648,-72.6030044555664
4.036666667,9.734166667,39.230469,2014.0,-0.2135209154397959,0.0,-1.94,-1.3,-2.1504578590393066,-1.0424575805664062
51.93,-10.25,33.068359,2007.0,-0.680773409477016,3.694829501910135e-06,-4.82,-30.62,-4.958723545074463,-27.323585510253906
43.92,7.13,584.375,1998.0,-0.9587178169872964,0.0,-6.28,-37.9,-6.219107151031494,-39.118873596191406
47.81666667,13.71777778,1616.0625,2019.0,-0.5307300481619331,0.0,-9.028,-63.11,-11.099971771240234,-80.63675689697266
13.73,100.5,5.7392578,2014.0,-0.7236440382959123,0.0,-4.52,-26.4,-5.641684055328369,-33.715065002441406
-5.8,-35.2,40.765625,1974.0,0.6994583270516471,8.056815568124875e-05,-2.7,-14.1,-2.6599488258361816,-5.810523986816406
47.59583333,7.594444444,248.26562,1991.0,0.29671281927349075,1.1227792128920557e-05,-7.61,-54.5,-7.351902961730957,-49.2435302734375
38.69,-27.18,341.34375,1999.0,0.6994583270516471,0.0001148863884736,-6.065,-34.55,-3.890005588531494,-17.321998596191406
42.14,41.7,0.0,2015.0,0.6994583270516471,7.679424743400887e-05,-11.4,-78.0,-10.50401496887207,-75.6451187133789
49.82,-74.97,386.4375,2005.0,0.9760105506323683,0.0,-16.07,-116.5,-14.816389083862305,-111.7648696899414
-34.633575,-56.616825,41.009766,2004.0,0.9721181966290613,0.0,-6.89,-48.6,-6.0013604164123535,-37.081092834472656
19.31396667,-99.3094,2965.0,2010.0,0.7354170229639855,0.0,-15.37,-114.9,-5.519536972045898,-33.06743621826172
41.9,12.5,59.011719,2002.0,-0.6870527672236675,0.0,-7.47,-49.23,-3.914267063140869,-17.549049377441406
25.21916667,91.66277778,913.15625,2007.0,-0.9106046300942162,0.0,-11.98,-86.8,-10.033937454223633,-90.3656997680664
47.37233597,8.083138245,397.48438,2004.0,-0.970063921851507,1.6581510863034055e-05,-8.48,-55.89531706,-8.876468658447266,-63.03290557861328
25.57,91.88,1515.25,1973.0,0.9760105506323683,0.0,-1.87,-3.8,-2.332418918609619,-2.7453384399414062
39.95,32.88,920.125,1993.0,-0.9587178169872964,0.0,-1.72,-26.4,-5.625914096832275,-33.567481994628906
-0.37,-78.55,3064.0,2019.0,0.29671281927349075,0.0,-12.48,-88.3,-9.589534759521484,-84.0253677368164
74.72,-94.98,67.636719,1989.0,-0.680773409477016,0.0,-17.21,-129.4,-21.057310104370117,-164.03781127929688
54.35333333,-6.648333333,61.966797,2020.0,0.9721181966290613,0.0,-7.99,-55.2,-6.7477126121521,-44.55413055419922
-20.901,55.484,83.28125,2003.0,0.9760105506323683,0.0,-4.49,-24.45,-3.264059543609619,-11.464088439941406
13.73,100.5,5.7392578,1999.0,-0.2135209154397959,0.0,-4.61,-30.05,-6.328890323638916,-40.146278381347656
19.53,-96.91,1381.3125,2020.0,0.9562348265919056,0.0,-1.47,6.9,-1.4565796852111816,5.451194763183594
2.883333333,101.7833306,55.289062,2007.0,-0.680773409477016,0.0,-7.24,-46.47,-6.330103397369385,-40.157630920410156
32.55,35.85,570.125,1999.0,-0.7236440382959123,0.0,-5.39,-12.0,-3.715322971343994,-15.687232971191406
47.6772,9.19,442.90625,2004.0,-0.7116566222817751,0.0,-8.95,-58.5,-11.511770248413086,-84.0859146118164
51.35,12.43,125.46484,1987.0,-0.680773409477016,0.0,-6.8,-40.7,-6.716391563415527,-43.772705078125
-41.47,-72.93,43.574219,1996.0,0.2802306751992159,0.0,-5.1,-34.0,-6.401371479034424,-40.82459259033203
-23.8,133.88,544.75,1968.0,0.2802306751992159,0.0,-4.93,-16.9,-4.270910739898682,-20.886695861816406
38.72,-27.33,632.4375,1998.0,-0.2135209154397959,1.480216633353848e-05,-1.57,-3.4,-2.7812561988830566,-6.945777893066406
46.17378583,8.788556051,407.5,2003.0,-0.9587178169872964,1.2645127753785346e-05,-4.91,-24.44,-7.30230188369751,-49.82334899902344
42.58834633,-5.651107617,911.78125,2016.0,-0.970063921851507,0.0,-8.44,-54.9,-8.624065399169922,-59.898963928222656
49.0392,8.365,112.44141,2009.0,-0.2135209154397959,0.0,-5.54,-36.0,-6.253073215484619,-39.436744689941406
49.0392,8.365,112.44141,2010.0,0.741222010848596,6.552998092956841e-05,-8.03,-59.69,-6.866888523101807,-45.181129455566406
81.6,-16.67,27.780273,1966.0,-0.9587178169872964,0.000104378144897,-22.2,-167.5,-20.821996688842773,-162.06686401367188
76.76666667,-18.66666667,0.0,2001.0,-0.9587178169872964,0.0,-19.47,-150.7,-15.819028854370117,-120.1628189086914
32.55,35.85,570.125,1992.0,-0.7116566222817751,8.929695468395948e-05,-4.37,-10.9,-3.259207248687744,-11.418678283691406
39.95,32.88,920.125,2019.0,0.741222010848596,0.0,-3.51,-16.1,-4.677290439605713,-24.689796447753906
54.6789,13.4342,38.980469,2007.0,-0.9587178169872964,0.0,-7.62,-52.06,-7.512881278991699,-51.105125427246094
-18.91472222,47.55805556,1278.5,2012.0,-0.970063921851507,0.0,-1.09,3.97,-2.5483460426330566,-4.766090393066406
37.15805556,15.02694444,444.70312,1999.0,0.6994583270516471,0.0,-7.2,-35.0,-5.470640659332275,-32.114356994628906
48.545,13.3528,478.40625,2010.0,0.9510565162951535,2.9157245080568828e-05,-14.85,-107.6,-10.703519821166992,-77.3161392211914
46.60305556,13.67138889,2148.125,2018.0,-0.8406184056344783,0.0,-14.456,-101.53,-7.529411315917969,-54.633399963378906
-33.97,18.6,41.798828,1966.0,0.6994583270516471,3.991792982560583e-05,-1.1,0.1,-3.3732361793518066,-12.485816955566406
-37.82,144.97,6.1674805,1998.0,0.9510565162951535,7.293982434930513e-06,-6.86,-42.9,-5.166159152984619,-29.264869689941406
43.49111613,-3.800555816,50.095703,2019.0,0.2386727660059501,9.960529860109092e-05,-5.11,-28.0,-6.32949686050415,-40.151954650878906
54.6789,13.4342,38.980469,2006.0,-0.9587178169872964,0.0,-5.86,-38.6,-7.512618064880371,-51.10325622558594
47.81666667,13.71777778,1616.0625,2022.0,0.39359027665646673,4.352207906777039e-05,-11.136,-77.68,-10.491226196289062,-75.53800201416016
4.365694444,18.58725,381.14062,2015.0,0.9760105506323683,6.908208160893992e-05,-0.9,4.4,-1.4226136207580566,5.769065856933594
-34.05,115.0249,77.78125,2015.0,-0.41719360261231697,8.74870311236009e-05,-1.89,-5.7,-3.273764133453369,-11.554908752441406
1.6,103.6666667,43.185547,2021.0,-0.2135209154397959,0.0,-5.03,-33.3,-6.866888523101807,-45.181129455566406
65.11666667,57.1,53.808594,1983.0,0.741222010848596,1.1094290130131412e-05,-13.5,-110.0,-13.312429428100586,-99.1679458618164
-26.41388889,146.2558333,302.09375,2008.0,0.6994583270516471,0.0,-5.36,-30.6,-5.265631198883057,-30.195777893066406
52.1042,8.7519,134.42188,1987.0,0.9510565162951535,0.0,-10.0,-71.4,-8.659873962402344,-60.198890686035156
43.49111613,-3.800555816,50.095703,2000.0,-0.27195815753410524,0.0001245917374035,-7.65,-48.5,-5.7344841957092285,-34.583534240722656
40.8203002,0.493333172,52.294922,2001.0,-0.7236440382959123,0.0,-8.38,-52.4,-5.817579746246338,-35.361183166503906
-41.47,-72.93,43.574219,2008.0,-0.23030567023061196,0.000343780266121,-7.46,-52.0,-6.41471529006958,-40.94947052001953
47.81666667,13.71777778,1616.0625,2020.0,0.8840675099433636,1.5994040950317867e-05,-15.362,-112.28,-10.703519821166992,-77.3161392211914
25.46411667,-80.33465278,4.0249023,2003.0,-0.9455963874271428,0.0,-3.55,-17.9,-3.851187229156494,-16.958717346191406
32.18,118.18,39.578125,1988.0,0.7295575540864875,0.0,-6.82,-44.6,-4.736731052398682,-25.246070861816406
47.47051111,21.49041944,105.30859,2004.0,6.432490598706546e-16,0.0,-7.77,-46.54,-7.810060501098633,-53.08098602294922
39.55339029,2.625298143,5.3820801,2007.0,-0.2884824328806098,6.641967047471553e-06,-4.68,-25.03,-5.864283084869385,-35.798255920410156
-35.07,173.28,71.449219,1963.0,-0.9741004551724206,2.1702364392695017e-05,0.5,15.6,-3.4072022438049316,-12.803688049316406
42.58834633,-5.651107617,911.78125,2009.0,-0.9741004551724206,5.187206625123508e-05,-8.94,-61.43,-8.578025817871094,-59.513343811035156
50.92,5.78,111.17188,2008.0,0.9033558023246845,2.9402781365206465e-05,-6.76,-48.26,-8.228893280029297,-56.58905792236328
-40.68,144.69,82.167969,2010.0,-0.7236440382959123,9.225068788509816e-05,-2.44,-6.7,-3.9118409156799316,-17.526344299316406
33.21722222,-87.54305556,64.535156,2006.0,-0.9721181966290612,0.0,-4.5,-27.6,-4.665159702301025,-24.576271057128906
38.93,100.43,1490.125,1990.0,0.9510565162951535,0.0,-7.65,-58.0,-15.000547409057617,-113.3073501586914
43.78,87.62,900.71875,1991.0,0.9510565162951535,0.0,-18.61,-138.6,-15.061933517456055,-113.8215103149414
-34.05,115.0249,77.78125,2016.0,0.9657399376548549,1.958492248377297e-05,-0.14,4.3,-4.021017551422119,-18.548072814941406
38.00194982,-1.170837424,61.660156,2003.0,-0.9741004551724206,0.0,-3.12,-23.66,-4.99026346206665,-27.618751525878906
34.9,-120.45,72.417969,1962.0,0.9510565162951535,0.0,-2.6,-23.6,-5.132193088531494,-28.946998596191406
1.6,103.6666667,43.185547,2017.0,-0.680773409477016,7.227832975331694e-05,-5.82,-34.9,-5.731451511383057,-34.555152893066406
47.37233597,8.083138245,397.48438,2009.0,0.29671281927349075,9.260862861992793e-05,-5.71,-40.71056028,-6.9405436515808105,-45.79805374145508
54.35333333,-6.648333333,61.966797,2015.0,-0.680773409477016,6.872997619211674e-05,-7.49,-52.5,-6.352848529815674,-40.37049102783203
54.61666667,39.71666667,135.66406,1981.0,0.9510565162951535,0.0,-12.9,-79.0,-12.309789657592773,-90.7699966430664
37.05,29.65,1426.5,1991.0,0.741222010848596,0.0,-3.79,-18.8,-4.338842868804932,-21.522438049316406
26.27,50.62,2.3325195,1982.0,-0.9741004551724206,0.0,-1.14,0.6,-1.6361145973205566,3.7710189819335938
14.64,121.04,42.933594,2003.0,-0.9587178169872964,0.0,-6.07,-57.5,-7.303941249847412,-51.79991912841797
18.21,-67.14,17.163086,2013.0,-0.7236440382959123,1.7145139281637967e-05,-0.83,4.3,-3.0966553688049316,-9.897438049316406
17.46,106.62,2.4233398,2014.0,0.9760105506323683,0.0,-1.04,2.3,-2.900137424468994,-8.058326721191406
1.685556,33.616389,1096.9375,2020.0,-0.970063921851507,4.2166273487964645e-05,-1.68,-4.8,-2.4173340797424316,-3.5400161743164062
49.5971,11.0055,285.1875,2010.0,-0.2884824328806098,5.433863043435849e-05,-15.36,-110.92,-10.91325569152832,-79.0728530883789
26.87472222,80.93888889,116.25,2004.0,-0.970063921851507,0.0,-4.4,-22.8,-5.660387992858887,-34.279640197753906
28.58,77.2,222.79688,1965.0,0.741222010848596,0.0,3.6,19.3,-0.15616464614868164,17.621116638183594
51.35,12.43,125.46484,1988.0,0.9721181966290613,6.7821674747392535e-06,-8.3,-55.5,-9.088298797607422,-63.78730010986328
47.4828,11.0622,716.1875,1999.0,-0.9741004551724206,0.0,-8.91,-61.1,-10.084543228149414,-72.1316909790039
50.7311,13.7514,876.875,2004.0,0.6994583270516471,0.0,-11.68,-79.6,-10.721424102783203,-77.46610260009766
47.81666667,13.71777778,1616.0625,2003.0,0.9510565162951535,6.318154919426888e-05,-17.41,-127.7,-12.007974624633789,-88.2420425415039
11.25,75.78,7.1804199,2003.0,-0.2135209154397959,6.200399366207421e-05,-2.71,-10.6,-2.710897922515869,-6.287330627441406
51.67,-110.2,697.40625,2003.0,0.2386727660059501,0.0,-24.69,-188.7,-24.54608726501465,-193.25924682617188
47.47051111,21.49041944,105.30859,2004.0,0.017213356155834685,0.0,-12.11,-81.09,-8.090774536132812,-55.43219757080078
22.31666667,114.1666667,34.056641,2010.0,0.741222010848596,0.0,-5.05,-29.0,-4.023443698883057,-18.570777893066406
46.64833333,14.31833333,448.71875,1989.0,0.9510565162951535,0.0003663130919449,-11.46,-83.4,-11.859624862670898,-86.9994888305664
39.95,32.88,920.125,1973.0,-0.7236440382959123,0.0,-9.09,-61.0,-8.074148178100586,-55.292945861816406
50.4972,9.9428,920.40625,2003.0,0.9510565162951535,2.105140265484806e-05,-12.54,-89.45,-9.50393295288086,-67.26859283447266
36.15,-5.35,1.5737915,1997.0,-0.7236440382959123,0.0,-5.77,-27.7,-4.748861789703369,-25.359596252441406
28.22,-177.37,0.0,1989.0,-0.2135209154397959,6.961320468690246e-05,-6.22,-42.7,-3.7856812477111816,-16.345680236816406
-6.18,106.83,5.1230469,1993.0,0.9510565162951535,9.169950499199332e-05,-7.35,-45.5,-5.690207004547119,-34.169166564941406
51.93,-10.25,33.068359,2015.0,0.2386727660059501,2.892206612159498e-05,-5.79,-30.8,-6.149355411529541,-38.466102600097656
46.49143367,9.898180888,1767.6875,1995.0,0.2386727660059501,0.0,-20.88,-164.2,-15.189821243286133,-114.8926773071289
49.0975,19.59,572.9375,2006.0,0.741222010848596,0.0001659124245634,-9.41,-69.95,-8.410493850708008,-58.11011505126953
52.4672,13.4019,47.5625,2003.0,0.741222010848596,9.69837128650397e-05,-5.11,-37.9,-7.090212345123291,-47.05165481567383
15.61666667,-16.21666667,32.458984,2013.0,-0.9741004551724206,9.497719474893527e-06,1.41,11.06,-4.222387790679932,-20.432594299316406
53.32,-60.42,46.541016,2001.0,0.2386727660059501,0.0,-31.54,-247.9,-20.156076431274414,-155.61367797851562
13.7,-89.12,612.5,1972.0,-0.7116566222817751,0.0,-6.92,-47.5,-5.829103946685791,-35.469032287597656
46.65772518,8.292706832,1061.3125,2007.0,0.9760105506323683,9.834915545070544e-05,-11.32,-76.72,-12.120515823364258,-89.1846694946289
28.276976,84.30961,2101.5,2017.0,0.5160623910158528,0.0,-1.752376693,4.429923083,0.6541686058044434,25.204612731933594
-30.08,-51.18,244.72656,1974.0,-0.7236440382959123,1.4330310023069617e-06,-4.49,-20.2,-4.004034519195557,-18.389137268066406
52.8,5.05,-4.4990234,2002.0,0.23030567023061221,3.1422187021235004e-05,-6.49,-41.92,-8.453975677490234,-58.47431182861328
40.40725278,-3.686133333,653.5,2002.0,-0.13727877211326517,0.0,-5.9,-36.4,-6.197878360748291,-38.920204162597656
38.79273611,-9.105733333,36.355469,2003.0,-0.9587178169872964,0.0,-5.02,-27.5,-4.317007541656494,-21.318092346191406
20.03333333,110.35,20.03418,1989.0,-0.9587178169872964,0.0,-8.64,-55.9,-7.142599582672119,-49.114723205566406
49.7478,6.6581,259.26562,2004.0,-0.9634705485641486,3.0191493351594545e-05,-4.38,-27.25,-6.762120723724365,-45.362586975097656
36.88,30.7,0.0,1996.0,0.7295575540864875,0.0,0.3,-3.15,-3.763845920562744,-16.141334533691406
51.67,-110.2,697.40625,2001.0,0.6994583270516471,0.0,-27.04,-207.2,-24.167539596557617,-190.08859252929688
21.04534722,105.7986667,12.334473,2007.0,0.9510565162951535,0.0001456359022995,-2.08,1.53,-3.0190186500549316,-9.170875549316406
50.4972,9.9428,920.40625,1979.0,0.29671281927349075,0.0,-7.4,-45.6,-9.24943733215332,-65.13697052001953
63.52,-116.0,238.64844,2003.0,-0.9741004551724206,6.0390299040591344e-05,-18.54,-141.3,-22.264570236206055,-174.14962768554688
46.95222563,7.439320571,542.53125,1988.0,0.6994583270516471,0.0,-14.08,-105.9,-14.361108779907227,-107.9515151977539
16.73,-169.52,0.0,1974.0,0.2386727660059501,1.5272795280907303e-05,-1.01,0.9,-2.3202881813049316,-2.6318130493164062
-34.05,115.0249,77.78125,2008.0,0.26366549272800704,0.0,-5.79,-29.6,-3.749289035797119,-16.005104064941406
45.32,-75.67,112.08594,1992.0,-0.27195815753410524,3.113124694209546e-05,-19.31,-134.7,-10.831184387207031,-104.50446319580078
47.37233597,8.083138245,397.48438,2010.0,0.741222010848596,7.453616126440465e-05,-8.38,-61.1030569,-7.64124870300293,-51.66704559326172
-19.23,-66.95972,3702.875,2009.0,0.6994583270516471,0.0,-24.47748586,-177.8,-11.115015029907227,-105.7895278930664
51.6,-1.1,55.042969,1985.0,-0.2884824328806098,0.0,-9.8,-64.0,-7.953934192657471,-54.286048889160156
-0.13,-67.08,58.835938,1975.0,0.6994583270516471,0.0001814831193769,-2.21,-12.3,-7.774286270141602,-58.127052307128906
40.41195035,-3.67806112,671.09375,2015.0,-0.2135209154397959,0.0,-5.39,-48.6,-4.77574348449707,-25.618078231811523
46.25,48.03,-22.556641,1984.0,0.7295575540864875,2.4048564227996397e-05,-4.2,-20.0,-9.53718376159668,-67.5470962524414
39.95,32.88,920.125,1998.0,-0.2135209154397959,0.0,-5.75,-35.5,-4.483198642730713,-22.873390197753906
2.883333333,101.7833306,55.289062,2018.0,-0.7236440382959123,0.0001321113086305,-8.6,-58.9,-6.566669940948486,-46.119972229003906
41.78,-87.75,186.0,1975.0,-0.2884824328806098,0.0,-7.46,-42.0,-9.350141525268555,-87.1539077758789
33.65694444,73.26611111,580.9375,2020.0,-0.9634705485641486,0.0001461327192373,-12.83,-94.6,-4.498968601226807,-23.020973205566406
14.64,121.04,42.933594,2020.0,-0.970063921851507,0.0,-8.64,-58.1,-6.671583652496338,-43.353370666503906
7.208333333,-72.93805556,2527.5,2005.0,0.9760105506323683,6.457241397583857e-05,-9.09,-60.55,-6.905943870544434,-45.73833465576172
-34.05,115.0249,77.78125,2013.0,-0.2135209154397959,5.693796993000433e-05,-3.05,-6.8,-3.3150086402893066,-11.940895080566406
48.24861111,16.35638889,200.63281,1971.0,-0.9741004551724206,0.0,-10.52,-72.6,-9.0647611618042,-64.03162384033203
-0.743055556,-90.30222222,1.7120972,2015.0,0.8359254794186372,3.8536546753675793e-07,-1.759750435,-5.4646266,-3.3538269996643066,-12.304176330566406
-0.331666667,31.76111111,1281.8125,2018.0,0.29671281927349075,0.0,-0.94,8.4,-1.6215577125549316,3.9072494506835938
46.60305556,13.67138889,2148.125,2018.0,0.7856498550787147,0.0,-7.41,-43.16,-8.43008041381836,-60.220375061035156
50.9,14.8,240.94531,2020.0,0.9721181966290613,0.0,-5.4,-39.5,-9.672744750976562,-68.68253326416016
25.46411667,-80.33465278,4.0249023,2005.0,-0.5086709438521042,0.0,-1.06,-22.3,-2.764273166656494,-6.786842346191406
64.13,-21.93,12.141602,1975.0,0.9760105506323683,3.095943611697294e-06,-6.28,-44.1,-8.576658248901367,-59.93834686279297
48.24861111,16.35638889,200.63281,1986.0,-0.9741004551724206,0.0,-9.17,-64.2,-8.522645950317383,-60.561561584472656
47.12,9.49,459.84375,2023.0,0.29671281927349075,5.809873255202547e-05,-5.28,-38.88,-6.958647727966309,-45.94969177246094
31.62,-97.22,151.59375,1964.0,0.6994583270516471,0.0,-7.6,-47.1,-3.7371582984924316,-15.891578674316406
40.008,-105.2682583,1647.3125,2013.0,0.9760105506323683,4.037899998365901e-05,-13.92,-100.5,-16.00318717956543,-121.7052993774414
78.91666667,11.93333333,38.650391,1999.0,0.2386727660059501,7.764514884911478e-05,-10.25,-64.8,-12.642297744750977,-93.5550308227539
47.38333333,123.9166667,143.5,1989.0,0.2386727660059501,0.0,-24.43,-176.1,-17.7526912689209,-136.35885620117188
36.88,30.7,0.0,2006.0,0.9510565162951535,0.0,-4.76,-22.3,-4.872595310211182,-26.517555236816406
22.31666667,114.1666667,34.056641,1962.0,0.741222010848596,0.0,-4.6,-32.3,-3.399923801422119,-12.735572814941406
51.6,-1.1,55.042969,2011.0,-0.2884824328806098,0.0,-10.31,-67.6,-7.910452365875244,-53.921852111816406
32.18,118.18,39.578125,1992.0,0.9562348265919056,7.530831499025226e-05,-7.67,-46.3,-4.656668186187744,-24.496803283691406
53.32,-60.42,46.541016,2001.0,-0.9587178169872964,8.438663644483313e-05,-12.14,-86.2,-10.915813446044922,-79.09427642822266
54.35333333,-6.648333333,61.966797,2018.0,-0.9741004551724206,7.0061934820842e-05,-8.03,-55.7,-6.789571762084961,-45.49372100830078
-27.43,153.08,5.7802734,1982.0,-0.9587178169872964,0.0,-3.31,-6.1,-2.3736634254455566,-3.1313247680664062
39.46666667,-6.333333333,410.0,2001.0,-0.2884824328806098,0.0,-5.78,-34.6,-6.307358264923096,-39.94477081298828
41.13333333,-8.6,59.621094,1994.0,0.6994583270516471,1.3983923963678537e-05,-4.73,-23.7,-5.567686557769775,-33.022560119628906
7.04,125.19,719.1875,1994.0,-0.680773409477016,0.0,-11.79,-78.0,-7.519888401031494,-54.497535705566406
46.095,14.597,283.89062,1984.0,-0.23030567023061196,0.0,-5.73,-37.0,-6.678407192230225,-43.41722869873047
38.98916547,-3.920273851,626.8125,2009.0,-0.9741004551724206,6.500030849565519e-06,-7.36,-46.47,-6.12145471572876,-38.204994201660156
41.66056063,-1.004162565,244.98438,2011.0,0.9760105506323683,4.323163739172742e-05,-7.08,-47.7,-5.969213962554932,-36.780250549316406
50.4972,9.9428,920.40625,2000.0,-0.9634705485641486,0.0,-8.24,-53.6,-8.332481384277344,-57.456703186035156
39.28333333,-7.416666667,492.75,2001.0,-0.2135209154397959,0.0,-1.35,-13.0,-3.526083469390869,-13.916236877441406
39.48056611,-0.366386255,14.827637,2021.0,0.9510565162951535,0.0,-10.0,-69.1,-4.969641208648682,-27.425758361816406
31.98,35.93,877.0625,1966.0,-0.2884824328806098,2.1924981410847977e-05,-7.85,-32.0,-4.720961093902588,-25.098487854003906
48.24861111,16.35638889,200.63281,2021.0,0.9760105506323683,0.0,-10.23,-73.4,-9.575550079345703,-67.86844635009766
-22.03073263,-60.61868994,167.09375,2019.0,-0.970063921851507,0.0,-2.305077784,-6.158420158,-2.0825257301330566,-0.40671539306640625
-31.39,-64.78,1778.25,2018.0,0.741222010848596,0.0,-7.01,-35.9,-6.431395053863525,-41.105567932128906
34.75,36.71666667,500.26562,1993.0,0.6994583270516471,0.0,-9.55,-56.5,-5.345694065093994,-30.945045471191406
-75.58333333,-20.56666667,105.53516,2006.0,-0.9587178169872964,9.359217335292702e-08,-30.12,-235.38,-22.383758544921875,-180.91305541992188
28.58,77.2,222.79688,1985.0,-0.9587178169872964,0.0,-11.63,-87.1,-6.866888523101807,-45.181129455566406
60.78,-161.8,16.938477,1964.0,-0.7116566222817751,0.0,-11.4,-84.2,-13.568204879760742,-101.3102798461914
51.387367,-0.325697,10.34082,2021.0,-0.9973249731081555,0.0,-9.910647413,-67.54370259,-6.778106689453125,-44.35026550292969
33.65694444,73.26611111,580.9375,2001.0,-0.680773409477016,0.0,-5.95,-34.55,-5.334776401519775,-30.842872619628906
49.82,-74.97,386.4375,1999.0,-0.7236440382959123,1.102053647628054e-05,-15.32,-105.9,-16.68866539001465,-127.4467544555664
40.67,109.85,1068.9375,1986.0,0.29671281927349075,1.9104269085801207e-05,-5.92,-36.7,-6.866888523101807,-45.181129455566406
46.095,14.597,283.89062,2008.0,-0.6932812268869771,0.0,-6.17,-42.3,-6.01470422744751,-37.205970764160156
-2.95,-60.2,55.640625,1989.0,-0.8674563547295971,0.0,-8.1,-50.03,-3.1597352027893066,-10.487770080566406
51.387367,-0.325697,10.34082,2021.0,0.8880573226294932,0.0,-0.72,-5.09,-6.202124118804932,-38.959938049316406
13.03,123.92,624.1875,1997.0,0.6994583270516471,0.0,-2.08,-4.0,-3.453299045562744,-13.235084533691406
17.46,106.62,2.4233398,2014.0,-0.680773409477016,1.9033866919926368e-05,-9.74,-64.2,-7.886293888092041,-59.725074768066406
32.36666667,-6.4,467.60938,2002.0,0.9911140639934547,0.0,-1.68,-4.83,-3.589163303375244,-14.506568908691406
41.66056063,-1.004162565,244.98438,2000.0,-0.7116566222817751,0.0,-6.9,-57.7,-7.191869735717773,-47.78607940673828
45.8,28.2,40.330078,2019.0,0.2386727660059501,0.0,-13.89,-98.8,-13.62959098815918,-101.8244400024414
44.23,-79.77,234.99219,1999.0,0.741222010848596,0.0,-7.45,-49.3,-7.765939235687256,-52.71143341064453
-5.22,145.8,2.7424316,1974.0,-0.9741004551724206,0.0001194060896523,-6.7,-42.4,-5.185568332672119,-29.446510314941406
-31.95,115.78,12.910645,1993.0,-0.7236440382959123,0.0,0.62,15.1,-3.152456760406494,-10.419654846191406
31.18333333,29.95,-4.0114746,1966.0,0.9510565162951535,1.2571672414196655e-05,-4.0,-18.6,-3.3780884742736816,-12.531227111816406
52.88333333,-1.083333333,60.794922,1987.0,-0.7236440382959123,0.0,-8.8,-62.0,-7.808781623840332,-53.070274353027344
35.68,139.77,22.099609,1968.0,0.7295575540864875,0.0,-6.71,-37.2,-6.147535800933838,-38.449073791503906
46.39864119,6.233803787,434.125,2000.0,0.9721181966290613,0.0,-8.5,-62.6151645,-9.961771011352539,-71.1033706665039
1.685556,33.616389,1096.9375,2021.0,0.741222010848596,0.0001998387451749,-5.59,-32.7,-2.769125461578369,-6.832252502441406
-20.299175,57.47873889,391.1875,2022.0,0.9760105506323683,1.415537735738326e-05,-6.18,-34.3,-3.2713379859924316,-11.532203674316406
-23.8,133.88,544.75,1970.0,-0.7236440382959123,0.0,-1.93,10.4,-2.2329468727111816,-1.8144302368164062
-54.78,-68.28,104.83984,2002.0,-0.2135209154397959,0.0,-9.9,-72.0,-8.56740951538086,-69.4426040649414
-12.43,130.87,16.515625,1976.0,0.2386727660059501,0.0001871771237347,-5.48,-33.3,-5.218321323394775,-29.753028869628906
36.55530278,126.635925,59.384766,2020.0,0.9562348265919056,0.0,-6.75,-39.9,-5.901888370513916,-36.150184631347656
41.67805556,26.55916667,95.183594,2010.0,-0.9741004551724206,0.0,-7.128596062,-43.55893574,-6.69514274597168,-43.338218688964844
41.13333333,-8.6,59.621094,2001.0,0.2386727660059501,0.0001104410694097,-3.66,-19.9,-5.659273624420166,-33.879676818847656
-0.37,-78.55,3064.0,1976.0,-0.970063921851507,0.0,-10.71,-71.6,-7.848202228546143,-59.181617736816406
40.50691,-1.65147,1713.75,2016.0,0.2386727660059501,0.0,-6.66,-40.5,-10.84675407409668,-78.5158462524414
10.00036389,-84.10913333,1157.3125,2015.0,-0.9844738167520923,0.0007043140940368,-6.928736,-43.42522373,-7.185855388641357,-53.468299865722656
9.0,38.73,2329.125,2015.0,0.9510565162951535,0.0,-0.35,6.7,0.24172353744506836,21.344749450683594
47.37233597,8.083138245,397.48438,1995.0,0.2386727660059501,0.0,-11.33,-84.5,-11.084625244140625,-80.50821685791016
9.357072,-75.289167,200.4375,2012.0,0.9721181966290613,0.0,-4.86,-28.3,-3.031149387359619,-9.284400939941406
46.96666667,28.9,90.308594,2008.0,0.6994583270516471,0.0,-14.33,-114.58,-12.22282600402832,-90.0416030883789
-25.27,-57.63,54.0,1961.0,-0.2884824328806098,0.0,-7.1,-42.8,-3.603720188140869,-14.642799377441406
51.3,3.75,9.4589844,1995.0,0.9721181966290613,0.0,-6.21,-37.4,-7.272734642028809,-49.105716705322266
-33.95833333,18.46111111,109.49609,2000.0,-0.9106046300942162,0.0,-1.62,3.0,-3.069967746734619,-9.647682189941406
0.05,32.45,1135.4375,2019.0,0.2386727660059501,0.0,-1.57,3.0,-1.3498291969299316,6.450218200683594
34.71666667,10.68333333,23.232422,2008.0,0.9721181966290613,0.0,-8.53,-58.4,-4.530508518218994,-23.316139221191406
-34.38,-58.28,0.0,2001.0,-0.2135209154397959,0.0,-3.5,-15.0,-4.244223117828369,-20.636940002441406
45.46666667,13.61666667,0.5645752,2000.0,-0.27195815753410524,7.748149801045656e-05,-10.52,-75.4,-9.102365493774414,-63.905128479003906
-9.98,-67.82,123.0,1973.0,0.2386727660059501,0.0001363690098514,-4.7,-26.0,-4.546278476715088,-23.463722229003906
38.05011111,23.866675,444.85938,2013.0,0.2386727660059501,0.0,-7.9,-44.41,-6.738142490386963,-43.82294464111328
-30.08,-51.18,244.72656,1980.0,-0.27195815753410524,5.4567302868235856e-05,-4.17,-34.9,-5.719320774078369,-34.441627502441406
8.92,-79.6,11.163086,1983.0,-0.2884824328806098,2.4896407921914943e-05,-2.78,-9.2,-3.802664279937744,-16.504615783691406
48.36,-4.57,68.214844,1998.0,0.9760105506323683,9.99640064947016e-07,-6.5,-48.1,-6.266720294952393,-39.56446075439453
14.330962,-91.055468,297.67188,2019.0,-0.2884824328806098,0.0,-2.28,-6.0,-4.380087375640869,-21.908424377441406
51.6,-1.1,55.042969,2009.0,0.741222010848596,0.0,-5.1,-27.6,-6.416231632232666,-40.963661193847656
-31.48388889,145.8294444,259.60938,2013.0,0.6994583270516471,0.0,-9.81,-66.9,-3.7953858375549316,-16.436500549316406
-20.299175,57.47873889,391.1875,2022.0,0.29671281927349075,0.0,3.73,31.3,-3.0335755348205566,-9.307106018066406
76.76666667,-18.66666667,0.0,1992.0,0.9721181966290613,3.356197566972696e-06,-23.12,-179.1,-21.712095260620117,-169.52218627929688
28.50444444,-16.30333333,570.6875,2009.0,-0.35367612217637207,1.933148951138719e-06,-2.49,2.41,-2.5143799781799316,-4.448219299316406
38.05011111,23.8675,438.375,2001.0,-0.8958392907349089,0.0,1.6,16.2,-4.406774997711182,-22.158180236816406
43.97455,10.27266,661.0,2016.0,0.7295575540864875,0.0,-6.82,-47.81,-6.1032586097717285,-38.034706115722656
43.91281944,4.888775,30.959961,2009.0,0.2386727660059501,0.0,-10.88,-75.74,-6.747779846191406,-44.06645202636719
54.5283,11.0603,1.9006348,2007.0,0.6994583270516471,0.0,-11.99,-88.2,-9.708553314208984,-68.98246002197266
25.7325,-80.16323611,3.5220947,2006.0,-0.6932812268869771,7.607070438098162e-05,-2.06,-10.1,-2.7230286598205566,-6.400856018066406
28.276976,84.30961,2101.5,2017.0,-0.4093559588156211,0.0001182471605716,-12.09339327,-92.8655044,-10.463829040527344,-96.4990005493164
39.55339029,2.625298143,5.3820801,2008.0,-0.27195815753410524,1.0189867680310272e-05,-11.25,-79.01,-5.907347202301025,-36.201271057128906
-15.6,-56.1,177.79688,1970.0,-0.9741004551724206,9.041169687407093e-05,-4.02,-14.0,-1.5778870582580566,4.315940856933594
-21.50303,-64.17048,1258.6875,2010.0,0.9510565162951535,0.0001356688007945,-5.33,-25.2,-6.493565082550049,-41.68738555908203
51.6,-1.1,55.042969,2008.0,-0.27195815753410524,0.0001186575464089,-12.76,-91.8,-7.845229625701904,-53.37555694580078
49.7703,9.9578,265.90625,1986.0,-0.9587178169872964,0.0,-7.52,-54.1,-6.696718692779541,-44.175682067871094
53.8713,8.7058,4.7202148,2005.0,-0.2135209154397959,6.447930354624987e-05,-5.76,-42.8,-6.43200159072876,-41.111244201660156
47.07777778,15.44888889,370.03125,1973.0,-0.9587178169872964,0.0,-8.53,-57.1,-7.881038188934326,-53.67548370361328
51.387367,-0.325697,10.34082,2021.0,-0.38566340624360745,0.0,-10.31181435,-72.43185291,-6.866888523101807,-45.181129455566406
36.846389,-2.356942,16.541016,2001.0,-0.2884824328806098,4.443927900865674e-05,-4.6,-21.2,-4.9029221534729,-26.801368713378906
46.37222222,6.470833333,387.75,1997.0,-0.2884824328806098,0.0,-10.66,-80.7,-12.110284805297852,-89.0989761352539
38.05011111,23.866675,444.85938,2001.0,-0.2884824328806098,2.2547590560861863e-05,-10.69,-66.09,-7.038737773895264,-46.62051010131836
51.18,8.4889,841.375,2006.0,-0.680773409477016,0.0,-8.88,-62.4,-6.866888523101807,-45.181129455566406
34.07222222,-4.123611111,1510.1875,2002.0,-0.2884824328806098,0.0,-7.26,-38.82,-6.638375759124756,-43.04259490966797
25.01666667,102.6833333,1907.8125,1997.0,0.29671281927349075,7.655181980226189e-05,-0.83,-10.1,-8.21188735961914,-64.3703384399414
51.83,6.25,9.5,1991.0,-0.2135209154397959,0.0,-7.47,-55.0,-6.423813343048096,-41.03461456298828
51.116535,17.029468,118.94141,2009.0,0.6616346182422783,0.0,-13.34972592,-92.65427748,-10.406820297241211,-74.8310317993164
47.59583333,7.594444444,248.26562,1986.0,0.29671281927349075,1.9803233954007737e-05,-6.53,-44.3,-7.381956100463867,-49.49525451660156
6.906666667,79.87,14.911133,1993.0,-0.9587178169872964,4.794779306394048e-05,-4.1,-27.0,-4.110785007476807,-19.388160705566406
39.95,32.88,920.125,2015.0,-0.2884824328806098,0.0,-6.11,-34.7,-10.064081192016602,-71.9603042602539
46.60305556,13.67138889,2148.125,2001.0,-0.5380051715382992,2.0845869585173205e-05,-24.33,-172.5,-12.852033615112305,-95.3117446899414
43.587,13.51533333,153.78906,2021.0,0.9760105506323683,0.0,-1.2,-0.6,-5.760565280914307,-34.827613830566406
47.38333333,123.9166667,143.5,1990.0,0.6994583270516471,0.0,-25.21,-187.9,-21.886022567749023,-170.97897338867188
35.68,139.77,22.099609,1974.0,-0.7236440382959123,1.3233430991022033e-06,-6.13,-27.1,-6.814233779907227,-44.688358306884766
36.29166667,81.00833333,2226.875,1991.0,0.36171373072976765,0.0,-0.06,11.8,-17.657636642456055,-110.19889068603516
46.72738634,8.186782163,600.90625,2020.0,0.2386727660059501,6.580383796972456e-06,-12.29,-89.22,-13.169195175170898,-97.9682388305664
23.05,-82.21666667,123.02734,2011.0,0.6994583270516471,0.0,-1.87,-1.5,-2.6308350563049316,-5.538063049316406
46.98141401,6.607999655,1046.0625,2012.0,-0.27195815753410524,2.6050729502458125e-05,-11.76,-81.45,-13.118040084838867,-97.5397720336914
43.12,0.38,600.53125,1997.0,-0.9741004551724206,0.0,-5.41,-31.7,-8.666269302368164,-60.25244903564453
-24.78,-65.4,1227.625,2001.0,-0.7236440382959123,0.0,-3.8,-12.0,-3.5285096168518066,-13.938941955566406
-14.5,-70.63333056,3979.625,2001.0,0.9510565162951535,0.0,-23.58,-177.1,-12.050981521606445,-119.1430435180664
43.91281944,4.888775,30.959961,2008.0,-0.27195815753410524,0.0,-14.87,-105.0,-6.553915500640869,-42.252174377441406
42.025,35.15833333,61.443359,2010.0,0.741222010848596,2.041725201706868e-05,-6.892059841,-45.69403802,-5.876413822174072,-35.911781311035156
-15.6,-56.1,177.79688,1969.0,0.6994583270516471,8.01503483671695e-05,-4.35,-30.8,-4.612997531890869,-24.088111877441406
46.60305556,13.67138889,2148.125,2002.0,-0.9829265519799822,0.0001558229705551,-11.07,-75.9,-8.741643905639648,-64.6052017211914
41.64083945,-4.754446679,735.625,2005.0,-0.9741004551724206,6.646514520980418e-06,-8.9,-63.3,-8.525592803955078,-59.07416534423828
42.58834633,-5.651107617,911.78125,2013.0,0.2386727660059501,5.806069748359732e-05,-10.92,-79.4,-9.818536758422852,-69.9036636352539
38.79,-27.19,81.972656,1999.0,0.9510565162951535,3.64902189176064e-05,-3.615,-19.4,-3.526083469390869,-13.916236877441406
52.4672,13.4019,47.5625,1995.0,0.9760105506323683,0.0,-6.18,-49.3,-8.856821060180664,-61.848487854003906
45.80666667,15.97,120.36328,1983.0,-0.7236440382959123,0.0,-7.21,-49.1,-10.007810592651367,-71.4889907836914
4.05,114.81,27.053711,2010.0,0.8064799463209448,0.0003401819849386,-11.82,-81.38,-6.866888523101807,-45.181129455566406
-40.68,144.69,82.167969,1989.0,-0.9741004551724206,1.3785986993752886e-05,-2.34,-7.5,-3.807516574859619,-16.550025939941406
39.95,32.88,920.125,1994.0,0.29671281927349075,0.0,-7.61,-49.2,-5.488836765289307,-32.284645080566406
43.365884,-8.421399,56.794922,2011.0,-0.680773409477016,0.0,-1.8,-8.8,-3.5430665016174316,-14.075172424316406
-23.8,133.88,544.75,1964.0,0.7295575540864875,0.0,-3.6,-23.0,-4.87380838394165,-26.528907775878906
4.05,114.81,27.053711,2007.0,0.4559066935084588,0.0,-7.39,-44.85,-6.590307712554932,-42.592750549316406
40.40725278,-3.686133333,653.5,2002.0,0.1882267098432442,2.855321508832276e-05,-10.36,-73.8,-7.75698709487915,-52.636451721191406
28.22,-177.37,0.0,1975.0,0.9760105506323683,0.0,-2.44,-9.7,-3.3053040504455566,-11.850074768066406
37.78,112.55,778.28125,1988.0,0.7295575540864875,0.0,-8.18,-47.1,-7.565261363983154,-50.10199737548828
-65.07944444,-63.9775,286.6875,1971.0,0.9510565162951535,2.2634586221770837e-06,-9.98,-81.9,-8.874862670898438,-73.8290786743164
54.6789,13.4342,38.980469,1998.0,0.741222010848596,2.230403697467409e-05,-6.13,-41.2,-7.1742987632751465,-47.75594711303711
49.0392,8.365,112.44141,2013.0,-0.2884824328806098,0.0,-12.44,-92.83,-10.483552932739258,-75.4737319946289
46.65772518,8.292706832,1061.3125,2016.0,0.9562348265919056,8.653744771436322e-06,-16.38,-121.98,-12.268865585327148,-90.4272232055664
78.91666667,11.93333333,38.650391,2005.0,-0.9587178169872964,0.0,-15.59,-113.5,-10.250797271728516,-73.52420806884766
47.81666667,13.71777778,1616.0625,2019.0,0.895839290734909,0.0,-9.855,-63.4,-10.892793655395508,-78.9014663696289
54.5275,9.5486,43.292969,1997.0,-0.2135209154397959,0.0,-7.41,-56.0,-6.3862080574035645,-40.68268585205078
-75.58333333,-20.56666667,105.53516,2000.0,-0.23030567023061196,0.0,-22.44,-176.5,-21.829532623291016,-177.10446166992188
-65.07944444,-63.9775,286.6875,1975.0,0.2386727660059501,0.0,-10.99,-94.3,-9.457296371459961,-82.78450012207031
49.38,-82.12,243.30469,2000.0,-0.23030567023061196,0.0,-10.98,-82.7,-9.870217323303223,-75.20670318603516
44.42,8.85,5.4519043,1994.0,0.6994583270516471,0.0,-3.03,-16.5,-6.2033371925354,-38.971290588378906
-31.95,115.78,12.910645,1988.0,0.2802306751992159,1.3952463859823183e-06,-3.88,-14.1,-3.555197238922119,-14.188697814941406
43.54983333,13.60116667,546.1875,2020.0,-0.27195815753410524,5.807714387628948e-06,-10.06,-62.5,-9.076787948608398,-63.690895080566406
48.18427778,16.389575,201.11719,2002.0,-0.6994583270516471,0.0,-10.66,-79.4,-6.86920690536499,-45.1683235168457
64.13,-21.93,12.141602,2012.0,-0.970063921851507,0.0,-7.58,-52.2,-9.266061782836914,-65.2762222290039
1.6,103.6666667,43.185547,2020.0,-0.6932812268869771,0.0002263806672999,-4.92,-26.3,-6.234756946563721,-42.283668518066406
-33.95833333,18.46111111,109.49609,2008.0,0.6994583270516471,5.309232165018329e-06,-1.22,14.0,-3.234945774078369,-11.191627502441406
31.62,25.95,0.0,1989.0,-0.9741004551724206,0.0,-2.51,-7.9,-2.9074158668518066,-8.126441955566406
47.74305556,16.84333333,119.03125,2021.0,-0.9741004551724206,0.0,-8.39,-50.3,-8.462808609008789,-60.21265411376953
4.7,-74.13,2551.125,2006.0,0.9510565162951535,4.806789002032019e-05,-5.42,-29.66,-7.2278523445129395,-50.331031799316406
-34.93,138.58,24.027344,2012.0,0.2386727660059501,0.0,-2.08,-3.9,-3.9652161598205566,-18.025856018066406
31.62,-97.22,151.59375,1976.0,0.6994583270516471,0.0,0.79,13.0,-3.7565674781799316,-16.073219299316406
51.93,-10.25,33.068359,1988.0,0.6994583270516471,0.0,-6.85,-39.2,-6.108717441558838,-38.085792541503906
10.00036389,-84.10913333,1157.3125,2016.0,-0.9741004551724206,0.0001855092850746,-10.579377,-78.184221,-8.453388214111328,-68.8340835571289
47.833185,1.940433,113.78516,2009.0,0.9510565162951535,0.0,-6.9,-43.0,-7.866331100463867,-53.55229949951172
48.24861111,16.35638889,200.63281,1997.0,0.29671281927349075,0.0,-7.45,-58.7,-7.681533336639404,-52.00446319580078
40.8203002,0.493333172,52.294922,2018.0,-0.2884824328806098,0.000178084912477,-10.6,-81.6,-5.651388645172119,-33.805885314941406
50.11622222,14.39291667,182.82031,2020.0,0.9721181966290613,0.0,-3.11,-22.4,-9.354305267333984,-66.01532745361328
43.34305556,13.06111111,947.03125,2002.0,0.9760105506323683,0.0,-6.8,-40.8,-8.142568588256836,-55.86602020263672
18.248,-65.83194444,370.76562,2006.0,0.9562348265919056,2.6554700525593944e-05,-1.12,6.3,-2.0873780250549316,-0.45212554931640625
47.07777778,15.44888889,370.03125,1989.0,0.6994583270516471,0.0,-11.55,-86.3,-13.087347030639648,-97.2826919555664
47.59583333,7.594444444,248.26562,1992.0,0.7295575540864875,0.0,-5.78,-41.7,-7.511762619018555,-50.582489013671875
60.18008889,24.83286111,14.698242,2001.0,-0.9741004551724206,4.14156929764431e-05,-12.73,-89.4,-10.40426254272461,-74.80960845947266
-21.2,-159.8,7.8220215,1983.0,-0.2884824328806098,1.4977647879277356e-05,-7.61,-48.5,-3.5770325660705566,-14.393043518066406
32.63333333,-16.9,0.0,1991.0,-0.9741004551724206,0.0,-3.62,-29.1,-3.598867893218994,-14.597389221191406
39.95,32.88,920.125,2003.0,0.9611297838723007,3.406988980714232e-05,-10.95,-74.7,-8.285163879394531,-57.06037139892578
0.05,32.45,1135.4375,1972.0,0.2802306751992159,0.0,-2.97,-10.2,-1.7816834449768066,2.4087142944335938
51.83,6.25,9.5,1992.0,0.9562348265919056,0.0,-8.09,-55.0,-7.692600250244141,-52.776390075683594
47.6772,9.19,442.90625,2003.0,0.741222010848596,7.60378097766079e-05,-4.76,-30.05,-8.054326057434082,-55.126914978027344
-35.15833333,147.4572222,211.74219,2013.0,0.29671281927349075,0.0,-10.09,-64.7,-4.387365818023682,-21.976539611816406
46.20239,7.84117,1546.1875,2022.0,0.741222010848596,0.0,-8.66,-62.5,-10.268701553344727,-73.6741714477539
-22.71,-46.46583333,1095.0625,1998.0,-0.8758917051442433,0.0,-3.04,-9.84,-2.8200745582580566,-7.309059143066406
55.677,12.56,17.620117,2021.0,0.29671281927349075,8.134706149576232e-06,-4.48,-30.3,-7.68463134765625,-52.40548324584961
47.47051111,21.49041944,105.30859,2009.0,-0.780295851070776,0.0,-14.9,-110.06,-8.253190994262695,-56.792579650878906
51.88,-176.65,1.6268311,1963.0,-0.9741004551724206,3.0368607895070454e-06,-9.3,-72.6,-7.540548324584961,-51.20349884033203
-40.35,-9.88,37.345703,1972.0,0.2386727660059501,3.505108907120302e-05,-3.55,-21.9,-4.336416721343994,-21.499732971191406
61.22,-48.12,20.967773,1963.0,0.9510565162951535,0.0002363329840591,-17.0,-132.9,-13.015729904174805,-96.6828384399414
-38.006017,-57.5714306,22.926758,2009.0,0.741222010848596,0.0001936008484335,-14.22,-114.0,-6.050489902496338,-37.540870666503906
38.03333333,114.4166667,86.800781,1987.0,-0.680773409477016,8.488813182339072e-05,-8.66,-60.2,-7.509005069732666,-54.342262268066406
-34.05,115.0249,77.78125,2006.0,-0.9427611433904206,3.853015732602216e-05,-1.15,0.2,-2.963217258453369,-8.648658752441406
32.30554392,36.24465163,671.6875,1969.0,0.9760105506323683,0.0,-1.11,10.7,-4.360678195953369,-21.726783752441406
66.53333333,66.66666667,16.196289,1999.0,-0.7236440382959123,0.0,-22.5,-172.2,-18.75533103942871,-144.75680541992188
4.05,114.81,27.053711,2010.0,-0.9911140639934546,0.0001277022092835,-2.31,-8.81,-6.473369598388672,-43.547340393066406
31.62,-97.22,151.59375,1975.0,-0.7236440382959123,0.0,-0.73,6.0,-4.095226764678955,-19.856910705566406
23.05,-82.21666667,123.02734,2015.0,-0.9741004551724206,6.290060809988063e-06,-2.27,-7.4,-3.8972840309143066,-17.390113830566406
5.383333333,103.1,10.330566,2018.0,0.9510565162951535,8.707605047675315e-06,-1.98,-6.4,-4.882299900054932,-26.608375549316406
43.365884,-8.421399,56.794922,2018.0,0.29671281927349075,0.0,-7.2,-54.7,-4.319433689117432,-21.340797424316406
28.58,77.2,222.79688,1962.0,0.2386727660059501,0.0,-3.9,-16.2,0.00881338119506836,19.165061950683594
-2.53,140.72,68.566406,1984.0,0.2802306751992159,0.0,-2.8,-22.4,-5.874594211578369,-35.894752502441406
45.6,13.93333333,486.53125,2000.0,-0.9922222094179324,4.381215330795385e-05,-7.33,-54.39,-7.147549629211426,-47.85932922363281
35.88194444,-106.2791667,2186.875,1991.0,-0.22192151300416674,0.0,-12.36,-87.9,-6.866888523101807,-45.181129455566406
50.12,-104.42,580.5,2004.0,0.9562348265919056,0.0,-20.03,-157.1,-16.90351676940918,-129.24630737304688
-18.9,47.53,1259.9375,1964.0,-0.7116566222817751,0.0,-3.0,-11.2,-2.439169406890869,-3.7443618774414062
-34.90416667,-56.16666667,34.734375,2012.0,0.7295575540864875,0.0,-5.8,-32.52,-5.9868035316467285,-36.944862365722656
5.383333333,103.1,10.330566,2001.0,0.29671281927349075,5.843368398927851e-06,-5.64,-36.7,-5.800596714019775,-35.202247619628906
46.49143367,9.898180888,1767.6875,2016.0,0.6994583270516471,6.485371704911813e-05,-18.26,-138.77,-14.540151596069336,-109.4511489868164
-7.315277778,72.42805556,2.3126221,1987.0,-0.9741004551724206,7.871880370657891e-05,-8.74,-56.9,-3.9652161598205566,-18.025856018066406
47.7,27.88333333,177.36719,2012.0,-0.6932812268869771,1.6826545106596313e-05,-5.15,-37.8,-6.303027153015137,-40.073307037353516
50.3119,11.8758,564.53125,1992.0,0.2802306751992159,0.0,-7.58,-54.5,-9.166309356689453,-64.44071197509766
-5.8,-61.27,46.498047,1989.0,0.9510565162951535,0.0001413247227901,-11.31,-76.0,-6.866888523101807,-45.181129455566406
38.28,21.79,113.0625,2002.0,-0.2135209154397959,0.0,-4.96,-27.7,-3.331991672515869,-12.099830627441406
-27.47,-58.83,60.339844,1983.0,0.29671281927349075,0.0,-4.0,-23.0,-5.851545810699463,-35.679054260253906
53.7122,7.1519,8.8525391,2009.0,-0.2135209154397959,2.700447566894581e-06,-6.66,-46.1,-6.444738864898682,-41.230445861816406
37.97,23.72,100.17578,2006.0,0.6994583270516471,0.0,-4.78,-25.53,-5.382086277008057,-31.285621643066406
-26.81666667,-65.21666667,453.07812,2001.0,0.741222010848596,0.0,-5.6,-27.0,-6.30796480178833,-39.95044708251953
40.40725278,-3.686133333,653.5,2002.0,-0.8674563547295971,4.223096311761765e-06,-1.53,-2.6,-5.764811038970947,-34.867347717285156
50.06166667,19.84861111,356.8125,1978.0,-0.7236440382959123,9.125316864810884e-05,-16.52,-126.0,-11.22274398803711,-81.66507720947266
76.76666667,-18.66666667,0.0,1991.0,0.29671281927349075,0.0,-22.25,-173.2,-16.274309158325195,-123.9761734008789
38.00194982,-1.170837424,61.660156,2000.0,-0.970063921851507,0.0001335811975877,-7.48,-47.3,-4.904135227203369,-26.812721252441406
45.80666667,15.97,120.36328,1988.0,-0.6932812268869771,0.0001953408645931,-5.94,-38.0,-6.069899082183838,-37.722511291503906
-37.82,144.97,6.1674805,2006.0,0.2386727660059501,0.0,-4.96,-26.7,-4.973280429840088,-27.459815979003906
46.095,14.597,283.89062,1993.0,0.9760105506323683,0.0001174588978756,-8.5,-60.0,-9.672744750976562,-68.68253326416016
46.20239,7.84117,1546.1875,2016.0,0.2386727660059501,6.423849117709324e-05,-20.38,-156.1,-14.325300216674805,-107.6515884399414
14.93085556,-88.09023056,1549.8125,2009.0,0.741222010848596,0.000210033453186,-3.23,-19.37,-3.3150086402893066,-11.940895080566406
42.7728,-0.33149,1302.3125,2015.0,-0.2884824328806098,0.0002387171989539,-7.19,-41.1,-10.342876434326172,-74.29544830322266
52.1042,8.7519,134.42188,1998.0,0.9510565162951535,0.0,-5.79,-37.2,-8.544775009155273,-59.234840393066406
9.666666667,-84.63333333,36.878906,1990.0,-0.680773409477016,6.609535921597853e-05,-6.71,-42.4,-6.2503437995910645,-39.41120147705078
52.141,-106.6244,507.71875,2007.0,-0.9741004551724206,0.0,-14.31,-99.0,-17.64015007019043,-135.41622924804688
-34.05,115.0249,77.78125,2008.0,0.9510565162951535,0.0,-2.39,-5.2,-4.253927707672119,-20.727760314941406
47.37233597,8.083138245,397.48438,2003.0,-0.680773409477016,1.6564339603064582e-05,-6.51,-42.41882034,-6.315849781036377,-40.02423858642578
43.70555556,-72.28833333,168.71094,1998.0,0.8498170915275278,0.0,-16.4,-128.0,-10.133140563964844,-72.53873443603516
47.8008,11.0108,974.96875,1989.0,-0.680773409477016,6.492130341939628e-05,-7.61,-50.2,-6.866888523101807,-45.181129455566406
-0.37,-78.55,3064.0,1999.0,0.6994583270516471,0.0001916951878229,-16.85,-124.8,-11.017065048217773,-104.3920669555664
48.24861111,16.35638889,200.63281,1970.0,-0.9741004551724206,2.526675598346628e-05,-9.53,-63.4,-9.08109188079834,-64.1290054321289
51.18,8.4889,841.375,2013.0,-0.9587178169872964,1.620468174223788e-05,-9.43,-60.4,-7.7064714431762695,-52.213340759277344
51.35,12.43,125.46484,2011.0,-0.680773409477016,0.0,-5.28,-31.9,-6.866888523101807,-45.181129455566406
6.2,100.4,3.8469238,2018.0,-0.2135209154397959,0.0001236399839399,-5.55,-31.8,-6.097799777984619,-37.983619689941406
36.78611111,14.55444444,25.894531,2001.0,0.2386727660059501,4.517920388025232e-06,-7.4,-37.0,-5.662306308746338,-33.908058166503906
48.24861111,16.35638889,200.63281,1989.0,-0.7236440382959123,0.0,-9.75,-64.4,-10.580747604370117,-76.2878189086914
-30.08,-51.18,244.72656,1968.0,0.2802306751992159,2.1149298845557496e-05,-4.99,-17.2,-5.070326328277588,-28.368019104003906
44.73805556,-0.774722222,59.488281,2020.0,-0.27195815753410524,0.0002820380905177,-8.32,-52.2,-6.403494358062744,-40.844459533691406
54.5283,11.0603,1.9006348,2003.0,0.741222010848596,3.7594745663227513e-05,-5.94,-42.1,-6.866888523101807,-45.181129455566406
71.3,-156.78,0.0,1968.0,-0.9634705485641486,1.0866890079341829e-05,-12.58,-86.5,-15.706487655639648,-119.2201919555664
22.31666667,114.1666667,34.056641,2001.0,0.6994583270516471,4.147496292716824e-05,-3.19,-9.9,-3.463003635406494,-13.325904846191406
51.83,6.25,9.5,1979.0,-0.9587178169872964,2.4952403691713695e-05,-6.52,-42.05,-6.438673496246338,-41.173683166503906
41.75,44.766667,0.0,2012.0,-0.27195815753410524,0.0,-4.04,-21.5,-10.808387756347656,-78.19449615478516
0.453055556,33.195,1174.25,2017.0,0.9510565162951535,0.0001048626145347,-0.37,13.0,-2.6793580055236816,-5.992164611816406
4.05,114.81,27.053711,2008.0,0.9966589017541702,0.0003561763733159,-9.45,-67.43,-6.866888523101807,-45.181129455566406
51.6,-1.1,55.042969,2006.0,0.9510565162951535,6.661703810095787e-05,-5.89,-39.1,-7.402761936187744,-51.04935836791992
61.22,-48.12,20.967773,1973.0,-0.7236440382959123,0.0,-13.44,-102.2,-13.430086135864258,-100.1534194946289
28.2,113.0666667,44.691406,1990.0,0.2386727660059501,6.077996658859775e-05,-7.49,-43.0,-4.193274021148682,-20.160133361816406
45.32,-75.67,112.08594,2003.0,0.9510565162951535,1.0288216799381187e-05,-15.88,-114.8,-10.923486709594727,-79.1585464477539
60.72,-135.07,695.0,1966.0,0.2386727660059501,9.405847777088638e-06,-24.4,-206.5,-23.134206771850586,-181.43356323242188
9.0,38.73,2329.125,1969.0,0.2386727660059501,0.0,0.05,11.3,-0.7578492164611816,11.990257263183594
19.24921667,-99.25580556,2983.5,2009.0,-0.8064799463209447,0.0,-10.21,-67.4,-7.6659064292907715,-56.580787658691406
47.81666667,13.71777778,1616.0625,2001.0,-0.8165380514459157,0.0001784610067261,-5.03,-26.3,-11.299476623535156,-82.30777740478516
45.32,-75.67,112.08594,1994.0,0.9510565162951535,0.0,-20.4,-153.4,-10.956737518310547,-79.43704986572266
44.23,-79.77,234.99219,2000.0,0.7295575540864875,0.0,-5.27,-34.3,-9.04609489440918,-63.433815002441406
32.55,35.85,570.125,2002.0,0.9760105506323683,0.0,-3.8,-17.5,-4.555983066558838,-23.554542541503906
37.1644591,-5.611393166,86.394531,2010.0,-0.680773409477016,0.0,-3.16,-18.22,-3.6643738746643066,-15.210426330566406
47.25,39.82,80.558594,1982.0,-0.2135209154397959,0.0,-5.7,-47.0,-6.76408052444458,-44.21900177001953
4.05,114.81,27.053711,2007.0,0.4711595076738638,5.861494355485775e-05,-9.74,-60.76,-6.343447208404541,-40.282508850097656
-9.55,16.37,1154.5,1970.0,0.6994583270516471,0.0,-7.35,-45.8,-4.6700119972229,-24.621681213378906
-20.299175,57.47873889,391.1875,2022.0,-0.2884824328806098,0.0001147719885921,2.71,17.1,-2.541067600250244,-4.697975158691406
48.8281,9.2,313.79688,2009.0,-0.680773409477016,4.351219467935152e-05,-5.86,-39.1,-6.309177875518799,-39.96179962158203
-16.49968333,-68.17015556,4086.25,1983.0,-0.9587178169872964,0.0,-4.8,-13.9,-5.70840311050415,-34.339454650878906
0.05,32.45,1135.4375,2003.0,0.29671281927349075,7.396555156446993e-05,-1.66,3.0,-1.6361145973205566,3.7710189819335938
-34.38,-58.28,0.0,1982.0,-0.9587178169872964,9.051000233739614e-06,-6.4,-33.0,-3.060263156890869,-9.556861877441406
40.50691,-1.65147,1713.75,2018.0,0.9760105506323683,0.0,-15.44,-112.6,-9.168867111206055,-64.4621353149414
39.91055556,41.27555556,1890.5625,2008.0,-0.970063921851507,0.0,-5.93,-32.78,-5.769056797027588,-34.907081604003906
-42.48,-65.05,98.636719,2000.0,0.6994583270516471,0.0,-3.3,-23.0,-6.400158405303955,-40.81324005126953
5.383333333,103.1,10.330566,2014.0,0.9510565162951535,5.875607894267887e-05,-1.06,-0.2,-5.056982517242432,-28.243141174316406
52.73333333,41.46666667,125.95703,1982.0,-0.2884824328806098,0.0,-12.8,-94.0,-13.977445602416992,-104.7380142211914
17.25,54.08333333,863.25,1989.0,0.04302223300453059,0.0,-0.53,9.0,-1.0344300270080566,9.401878356933594
43.97455,10.27266,661.0,2020.0,-0.6932812268869771,2.9566957891802303e-05,-5.39,-30.37,-4.93203592300415,-27.073829650878906
47.6772,9.19,442.90625,2001.0,-0.2135209154397959,0.0001426911039743,-9.07,-64.5,-6.624122142791748,-42.909202575683594
18.47,-70.02,1.0,2003.0,-0.2135209154397959,1.3619832316180693e-05,-4.72,-27.3,-3.220388889312744,-11.055397033691406
-54.78,-68.28,104.83984,1990.0,0.9510565162951535,0.0,-12.8,-91.0,-8.667173385620117,-70.8659439086914
45.3738,-75.6862,78.394531,2021.0,-0.2135209154397959,0.0,-9.17,-65.3,-7.39835786819458,-52.763648986816406
42.11666667,44.96666667,1107.4375,2016.0,0.2802306751992159,6.329535244731233e-05,-6.41,-40.5,-6.125093936920166,-38.239051818847656
13.73,100.5,5.7392578,1969.0,0.29671281927349075,0.0,-4.76,-28.7,-5.133406162261963,-28.958351135253906
-7.315277778,72.42805556,2.3126221,1995.0,-0.9587178169872964,0.0002748670231085,-4.65,-30.2,-4.479559421539307,-22.839332580566406
41.13333333,-8.6,59.621094,2002.0,0.9760105506323683,0.0,-5.14,-27.4,-5.166159152984619,-29.264869689941406
43.97455,10.27266,661.0,2019.0,0.2386727660059501,0.0002399959339527,-5.32,-30.52,-7.3493828773498535,-52.064918518066406
-1.48732,29.07066,1905.0,2014.0,-0.9741004551724206,0.0,-2.556,-4.66,-2.4464478492736816,-3.8124771118164062
38.03333333,114.4166667,86.800781,1987.0,0.9760105506323683,0.0,-4.05,-14.6,-6.4742889404296875,-42.00782012939453
49.38,-82.12,243.30469,2002.0,-0.2884824328806098,0.0,-21.32,-155.7,-15.081159591674805,-146.04074096679688
54.46666667,113.5833333,1040.0,1996.0,-0.9634705485641486,2.210548336734064e-05,-19.3,-144.5,-17.50714683532715,-134.30221557617188
-41.47,-72.93,43.574219,1964.0,0.2802306751992159,0.000113930698717,-3.5,-21.1,-6.286736011505127,-39.75177764892578
-23.8,133.88,544.75,1976.0,-0.23030567023061196,0.0,-12.04,-86.5,-2.851614475250244,-7.604225158691406
-20.67652,-66.63797,3679.0,2009.0,0.6994583270516471,0.0,-20.99,-157.6,-10.915487289428711,-102.9428482055664
47.07777778,15.44888889,370.03125,1998.0,0.2386727660059501,0.0,-11.15,-86.4,-12.146093368530273,-89.3989028930664
46.64833333,14.31833333,448.71875,1983.0,-0.9587178169872964,0.0,-7.2,-44.0,-7.943063735961914,-54.19499969482422
-1.43,-48.48,4.737793,1969.0,-0.2135209154397959,0.0,0.97,9.1,-2.473135471343994,-4.062232971191406
37.77,-25.65,137.14062,2017.0,0.6994583270516471,6.48162022116594e-05,-2.75,-11.7,-3.817221164703369,-16.640846252441406
-37.82,144.97,6.1674805,1974.0,-0.680773409477016,2.6995185180567205e-06,-5.86,-34.4,-4.375235080718994,-21.863014221191406
46.37222222,6.470833333,387.75,2020.0,0.6994583270516471,0.0001057204062817,-5.95,-43.5,-11.250879287719727,-81.9007339477539
53.8713,8.7058,4.7202148,1978.0,-0.9741004551724206,1.6793679606053047e-05,-3.71,-20.0,-7.5513224601745605,-51.61778259277344
-5.333333333,-49.13472222,76.5,1989.0,-0.2135209154397959,0.0,-1.81,-2.4,-3.006887912750244,-9.057350158691406
51.93,-10.25,33.068359,2019.0,0.9510565162951535,0.0,-4.42,-32.2,-5.673223972320557,-34.010231018066406
38.00194982,-1.170837424,61.660156,2004.0,0.6994583270516471,3.300290245533688e-06,-4.67,-25.59,-5.328711032867432,-30.786109924316406
32.53,35.85,648.125,1990.0,-0.9741004551724206,0.0,0.51,17.0,-3.7323060035705566,-15.846168518066406
-3.322222222,-79.6,397.82812,1992.0,-0.9634705485641486,0.0,-0.95,0.9,-2.744863986968994,-6.605201721191406
-33.45,-70.7,507.65625,1995.0,0.741222010848596,0.0,-5.75,-37.0,-6.347086429595947,-40.316566467285156
50.3119,11.8758,564.53125,2004.0,0.2386727660059501,0.0,-16.01,-123.75,-11.412017822265625,-83.25040435791016
55.33333333,78.36666667,119.27734,1996.0,-0.23030567023061196,1.9530507415765896e-05,-6.7,-58.5,-9.759708404541016,-69.41092681884766
46.72738634,8.186782163,600.90625,2023.0,-0.9587178169872964,7.776542042847723e-05,-8.22,-53.23,-7.857378959655762,-53.477317810058594
23.05,-82.21666667,123.02734,2011.0,-0.7236440382959123,1.28317815324408e-05,-1.41,-1.0,-2.861319065093994,-7.695045471191406
7.72,81.73,0.0,1986.0,0.741222010848596,4.0627724047226366e-06,-1.55,1.8,-3.8342041969299316,-16.799781799316406
39.55339029,2.625298143,5.3820801,2014.0,-0.9587178169872964,2.9486074708984237e-05,-4.6,-28.5,-4.484411716461182,-22.884742736816406
38.66038889,-27.22009444,77.109375,1998.0,-0.3697245428906732,0.0001520110672572,-2.105,-4.2,-4.649389743804932,-24.428688049316406
36.83,10.23,0.0,1987.0,-0.7236440382959123,4.628003080142662e-05,-3.58,-26.3,-4.969641208648682,-27.425758361816406
41.78,-87.75,186.0,1970.0,-0.7236440382959123,0.0,-7.35,-50.0,-9.193114280700684,-64.65512084960938
-34.03,-67.97,581.875,1983.0,-0.680773409477016,0.0,-9.4,-64.0,-5.719320774078369,-34.441627502441406
46.98141401,6.607999655,1046.0625,2006.0,-0.680773409477016,6.125553045421839e-05,-10.09,-71.54574967,-6.697058200836182,-43.591773986816406
53.57,-113.52,665.5,1963.0,-0.9587178169872964,0.0,-14.3,-113.3,-15.297246932983398,-115.7924575805664
8.04,79.825,4.4956055,1993.0,-0.9741004551724206,9.079564915737136e-05,-4.6,-28.0,-6.245928764343262,-40.695411682128906
54.61666667,39.71666667,135.66406,1982.0,0.6994583270516471,1.7348884284729138e-05,-14.4,-107.0,-15.75764274597168,-119.6486587524414
37.77,-25.65,137.14062,1990.0,-0.7236440382959123,0.0001234007941093,-4.65,-26.1,-3.530935764312744,-13.961647033691406
45.32,-75.67,112.08594,1981.0,0.9760105506323683,0.0,-4.05,-50.2,-10.78281021118164,-77.98026275634766
45.80666667,15.97,120.36328,1980.0,-0.970063921851507,3.563117388694081e-06,-7.62,-46.8,-8.51436996459961,-59.03459930419922
-33.95833333,18.46111111,109.49609,2006.0,0.9510565162951535,0.0,-1.5,-4.0,-3.302877902984619,-11.827369689941406
47.25,39.82,80.558594,1983.0,0.741222010848596,0.0,-13.6,-100.0,-8.356781005859375,-57.66022491455078
-35.07,173.28,71.449219,1980.0,-0.9634705485641486,3.167319164276705e-06,-4.6,-21.0,-3.618277072906494,-14.779029846191406
47.98,-55.82,119.36328,2003.0,-0.9741004551724206,8.498969691572711e-05,-7.57,-44.9,-9.185493469238281,-64.60138702392578
51.1622,14.9506,238.80469,2006.0,-0.9587178169872964,4.6559576730942354e-05,-3.58,-25.3,-7.469188213348389,-51.163597106933594
28.276976,84.30961,2101.5,2016.0,-0.5452404385406507,0.0,-10.41647491,-78.74321071,-9.357357025146484,-80.7128677368164
51.83,6.25,9.5,1988.0,0.2386727660059501,4.465493930183584e-06,-7.19,-53.5,-8.602325439453125,-59.71686553955078
72.58,-38.4799,3202.0,2013.0,0.6220467484408675,2.4822447812766768e-05,-39.25245335,-316.2642601,-31.91242027282715,-254.95846557617188
30.62,114.13,25.587891,1997.0,0.9510565162951535,0.0002576869737822,-3.01,-21.9,-3.982199192047119,-18.184791564941406
19.28,166.65,4.0,1963.0,-0.9741004551724206,1.6088342817965895e-05,-1.3,-8.7,-4.030722141265869,-18.638893127441406
51.93,-10.25,33.068359,1997.0,-0.680773409477016,5.194552068132907e-05,-6.6,-47.0,-5.275335788726807,-30.286598205566406
58.26388889,26.46138889,70.085938,2015.0,-0.2135209154397959,0.0,-9.69,-71.3,-8.286441802978516,-57.071083068847656
-0.694444444,-90.325,182.40625,2008.0,0.6994583270516471,2.7915926693822257e-05,-3.29,-15.39,-2.725454807281494,-6.423561096191406
25.21916667,91.66277778,913.15625,2007.0,0.6807734094770161,0.0,-8.39,-54.8,-2.075247287750244,-0.33860015869140625
52.88333333,-1.083333333,60.794922,1990.0,-0.9587178169872964,0.0,-7.4,-49.0,-6.358307361602783,-40.42157745361328
45.8,28.2,40.330078,2021.0,-0.2884824328806098,1.4228636246116366e-05,-9.41,-61.3,-12.626951217651367,-93.4264907836914
47.59583333,7.594444444,248.26562,2007.0,-0.7236440382959123,5.4964064474916086e-05,-11.29,-79.55,-10.532150268554688,-75.88077545166016
18.21,-67.14,17.163086,2016.0,-0.23030567023061196,7.402113260468468e-05,-0.19,7.2,-3.157309055328369,-10.465065002441406
45.8,28.2,40.330078,2009.0,0.29671281927349075,0.0,-3.62,-26.1,-6.866888523101807,-45.181129455566406
58.26388889,26.46138889,70.085938,2016.0,-0.970063921851507,0.0,-12.21,-85.9,-10.194526672363281,-73.05289459228516
13.7,-89.12,612.5,1979.0,-0.2135209154397959,1.992872785194777e-05,-5.15,-32.7,-5.804234504699707,-37.362037658691406
-22.94805556,17.1525,1690.0,1971.0,0.6994583270516471,5.05802090629004e-05,-3.09,-13.0,-4.059835910797119,-18.911354064941406
38.93,100.43,1490.125,1986.0,-0.9741004551724206,0.0,-12.14,-97.0,-6.504240989685059,-41.66594696044922
4.05,114.81,27.053711,2009.0,-0.35367612217637207,5.4305903177009895e-05,-3.74,-14.34,-6.866888523101807,-45.181129455566406
-0.743055556,-90.30222222,1.7120972,2013.0,0.9844738167520922,0.0001444169756723,-1.263680452,-2.487388738,-3.4072022438049316,-12.803688049316406
-20.3625,57.48555556,565.40625,1995.0,-0.2135209154397959,0.0,-2.02,-0.2,-2.6890625953674316,-6.082984924316406
53.32,-60.42,46.541016,2000.0,0.6994583270516471,1.4185161489876918e-05,-20.82,-155.4,-17.701536178588867,-135.93038940429688
-27.17,-109.43,140.28906,1990.0,-0.2884824328806098,4.4586581680050585e-06,-1.0,3.0,-3.133047580718994,-10.238014221191406
4.05,114.81,27.053711,2011.0,0.7295575540864875,0.0001438512845197,-6.093,-38.167,-6.571959972381592,-42.421043395996094
36.78,3.052222222,139.10156,1999.0,0.2386727660059501,6.34517491562292e-05,-1.56,-15.4,-5.824251651763916,-35.423622131347656
43.78,87.62,900.71875,1996.0,0.6994583270516471,0.0,-21.69,-164.9,-17.44576072692871,-133.78805541992188
43.45,5.45,224.92188,1997.0,-0.9741004551724206,0.0,-5.29,-32.9,-5.777548313140869,-34.986549377441406
4.7,-74.13,2551.125,2021.0,-0.2135209154397959,0.0,-8.18,-58.0,-7.925292491912842,-60.281471252441406
43.73238889,7.423583333,8.8959961,2003.0,-0.680773409477016,0.0,-0.31,2.1,-4.6117844581604,-24.076759338378906
45.6,13.93333333,486.53125,2001.0,0.29671281927349075,0.0,-10.67,-77.99,-7.232327461242676,-48.24198913574219
51.93,-10.25,33.068359,2011.0,-0.680773409477016,1.9786566554103047e-05,-4.38,-24.9,-4.967215061187744,-27.403053283691406
6.2,100.4,3.8469238,2017.0,0.741222010848596,0.0001852841960499,-6.12,-36.6,-5.118849277496338,-28.822120666503906
24.9,67.13,23.870117,1973.0,-0.2884824328806098,0.0,2.42,23.3,-1.4662842750549316,5.360374450683594
52.2914,10.4464,80.6875,2007.0,-0.2884824328806098,0.0,-8.22,-56.45,-10.365896224975586,-74.4882583618164
6.2,100.4,3.8469238,2017.0,-0.2135209154397959,0.0001266352919628,-6.59,-38.7,-6.068686008453369,-37.711158752441406
-37.82,144.97,6.1674805,1987.0,0.6994583270516471,4.045412879349897e-06,-9.24,-58.6,-5.112783908843994,-28.765357971191406
-27.17,-109.43,140.28906,1994.0,0.2386727660059501,6.364234195643803e-06,-1.51,-3.6,-3.055410861968994,-9.511451721191406
42.7728,-0.33149,1302.3125,2021.0,0.6994583270516471,3.347413439769298e-05,-10.0,-71.8,-10.217546463012695,-73.2457046508789
58.38277778,21.81416667,5.9343262,2017.0,0.6994583270516471,2.925170065282145e-06,-11.9,-89.6,-12.161439895629883,-89.5274429321289
-1.5075,-77.94388889,958.9375,2015.0,0.29671281927349075,0.0,-0.82,-10.9,-3.890005588531494,-17.321998596191406
21.44,91.99,9.9770508,2021.0,-0.2135209154397959,0.0003055299166589,-5.81,-35.7,-6.047457218170166,-37.512489318847656
-75.58333333,-20.56666667,105.53516,1992.0,-0.23030567023061196,1.1796752611796062e-07,-22.9,-179.5,-21.833669662475586,-177.04293823242188
-65.07944444,-63.9775,286.6875,1993.0,-0.9587178169872964,1.1727765754417136e-08,-17.13,-133.9,-8.196348190307617,-93.43415069580078
46.29,-64.15,0.0,2002.0,0.9760105506323683,8.196678390959278e-05,-14.12,-99.7,-10.810945510864258,-78.2159194946289
-75.58333333,-20.56666667,105.53516,2002.0,0.9760105506323683,8.959092930901399e-07,-20.53,-160.2,-18.83504295349121,-151.49948120117188
-31.95,115.97,20.375,1962.0,0.6994583270516471,0.0,-0.6,-3.1,-4.193274021148682,-20.160133361816406
-34.93,138.58,24.027344,1962.0,0.9760105506323683,4.690952482633293e-05,-3.2,-22.5,-4.4565110206604,-22.623634338378906
7.144722222,-73.125,834.75,2004.0,-0.27195815753410524,3.41658087563701e-05,-3.46,-13.67,-5.166159152984619,-29.264869689941406
-38.73263889,-72.58922222,110.76172,1991.0,-0.9587178169872964,0.0,-7.7,-53.0,-4.629980564117432,-24.247047424316406
33.46555556,126.9333333,5.9509277,1995.0,-0.8800122039735356,3.084377794948523e-06,-8.6,-64.0,-6.10204553604126,-38.023353576660156
42.025,35.15833333,61.443359,2016.0,0.9562348265919056,0.0,-6.06,-41.0,-8.768579483032227,-61.10938262939453
41.7787,2.5047,614.3125,2011.0,0.29671281927349075,0.0,-6.70126849,-42.27490054,-5.775728702545166,-34.969520568847656
-33.94638889,151.1730556,3.6643066,2010.0,0.29671281927349075,0.0,-3.49,-9.6,-4.038000583648682,-18.707008361816406
22.7,90.36,5.9089355,2014.0,-0.9587178169872964,0.0007959541399031,-4.51,-26.6,-7.059531211853027,-49.94666290283203
26.27,50.62,2.3325195,1976.0,0.9562348265919056,0.0,-1.58,3.7,-0.6462464332580566,13.034690856933594
52.141,-106.6244,507.71875,1998.0,-0.2884824328806098,0.0,-26.48,-204.51,-19.903676986694336,-185.79220581054688
6.417169444,2.329255556,12.735352,2012.0,0.2386727660059501,0.0,-0.97,1.1,-2.6793580055236816,-5.992164611816406
50.3119,11.8758,564.53125,2011.0,-0.2884824328806098,5.365032120607793e-05,-13.45,-100.33,-11.120433807373047,-80.80814361572266
-33.45,-70.7,507.65625,1999.0,0.9510565162951535,0.0,-6.2,-35.8,-6.357700824737549,-40.41590118408203
26.27,50.62,2.3325195,1974.0,0.9760105506323683,1.0855543894350284e-12,3.39,27.6,-0.5492005348205566,13.942893981933594
49.7478,6.6581,259.26562,2005.0,0.741222010848596,4.377075674710795e-05,-7.31,-50.25,-6.866888523101807,-45.181129455566406
42.14,41.7,0.0,2016.0,0.6994583270516471,6.741344805050176e-06,-8.49,-63.3,-10.772579193115234,-77.89456939697266
-24.11,-65.19,1321.5625,1986.0,0.9760105506323683,0.0,-7.9,-43.0,-5.914625644683838,-36.269386291503906
44.23,-79.77,234.99219,2002.0,0.741222010848596,0.0,-7.62,-45.5,-7.70775032043457,-52.22405242919922
-21.25428,-63.4069,394.96875,2011.0,0.9510565162951535,0.0,-8.56,-49.8,-5.276548862457275,-30.297950744628906
49.7478,6.6581,259.26562,1996.0,-0.7116566222817751,0.0,-10.81,-81.5,-9.337678909301758,-65.8760757446289
28.63,-106.07,1444.25,1988.0,-0.970063921851507,0.0,-6.06,-31.3,-6.866888523101807,-45.181129455566406
58.75,-94.06,16.645508,1992.0,0.7295575540864875,0.0,-20.64,-157.6,-18.908796310424805,-146.04220581054688
10.30513889,-84.81,1395.625,2004.0,0.02581844022713308,0.0001480578212067,-9.4,-67.0,-6.66337251663208,-46.615394592285156
25.46411667,-80.33465278,4.0249023,2003.0,-0.8115390590073611,0.0,-3.29,-12.9,-3.836630344390869,-16.822486877441406
-2.53,140.72,68.566406,1979.0,0.9510565162951535,0.0,-6.77,-49.9,-5.904921054840088,-36.178565979003906
-46.88,37.87,0.0,1973.0,0.6994583270516471,0.0,-2.63,-15.9,-5.028365135192871,-28.382667541503906
52.1,5.18,1.7967529,1997.0,-0.622046748440868,3.999597083748085e-06,-8.85,-55.8,-6.866888523101807,-45.181129455566406
-22.9,-43.17,0.0,1975.0,-0.2884824328806098,0.0,-4.12,-25.8,-3.6255555152893066,-14.847145080566406
47.59583333,7.594444444,248.26562,2003.0,-0.7236440382959123,0.0,-15.73,-116.55,-10.363338470458984,-74.46683502197266
-46.88,37.87,0.0,1999.0,-0.2135209154397959,2.662987026269548e-05,-5.09,-29.8,-5.369955539703369,-31.172096252441406
51.6,-1.1,55.042969,2010.0,0.2386727660059501,0.0,-12.22,-88.2,-8.008286476135254,-54.741294860839844
49.38,-82.12,243.30469,2006.0,0.6994583270516471,0.0,-25.48,-193.1,-19.133878707885742,-147.92745971679688
41.64083945,-4.754446679,735.625,2013.0,0.9760105506323683,0.0,-6.08,-35.8,-8.337596893310547,-57.499549865722656
43.49111613,-3.800555816,50.095703,2015.0,0.2386727660059501,8.18662010715343e-06,-7.39,-42.6,-6.3361687660217285,-40.214393615722656
47.07777778,15.44888889,370.03125,1978.0,0.6994583270516471,0.0,-14.23,-105.4,-13.455663681030273,-100.3676528930664
4.05,114.81,27.053711,2009.0,0.8165380514459161,0.0,-3.9,-19.49,-6.406527042388916,-40.872840881347656
4.7,-74.13,2551.125,2016.0,0.2802306751992159,1.022480137180537e-05,-9.37,-63.0,-7.765670299530029,-58.004127502441406
-65.07944444,-63.9775,286.6875,1964.0,0.7295575540864875,1.214168689869068e-07,-10.9,-79.3,-8.898443222045898,-74.1655044555664
18.21,-67.14,17.163086,2014.0,0.6994583270516471,3.294909038231708e-05,-0.86,1.9,-2.4221863746643066,-3.5854263305664062
-35.15833333,147.4572222,211.74219,2010.0,-0.7236440382959123,0.0,-6.83,-42.8,-3.477560520172119,-13.462135314941406
50.06166667,19.84861111,356.8125,2014.0,0.2386727660059501,0.0,-13.39,-104.5,-12.279096603393555,-90.5129165649414
44.13333333,6.333333333,881.625,2021.0,-0.9741004551724206,0.0001367313088849,-8.43,-56.8,-6.874129295349121,-46.841529846191406
37.1644591,-5.611393166,86.394531,2019.0,-0.7236440382959123,0.0,-3.82,-17.5,-5.196485996246338,-29.548683166503906
36.62,127.46,80.589844,2000.0,-0.970063921851507,0.0001708730560494,-9.68,-68.45,-6.88149881362915,-45.38957595825195
39.55339029,2.625298143,5.3820801,2016.0,0.2802306751992159,0.0,-3.06,-21.6,-4.283041477203369,-21.000221252441406
47.4828,11.0622,716.1875,1987.0,-0.9741004551724206,9.130108082899824e-06,-7.56,-50.9,-10.079427719116211,-72.0888442993164
43.73238889,7.423583333,8.8959961,2020.0,-0.6932812268869771,0.0,-0.39,-7.8,-3.7128968238830566,-15.664527893066406
38.05011111,23.866675,444.85938,2007.0,0.9510565162951535,0.0,-6.61,-37.71,-6.157846927642822,-38.545570373535156
38.66038889,-27.22009444,77.109375,1999.0,0.9634705485641488,0.0,-0.735,4.45,-3.3489747047424316,-12.258766174316406
33.21722222,-87.54305556,64.535156,2005.0,-0.7354170229639858,0.0,-5.5,-29.9,-3.7711243629455566,-16.209449768066406
-15.6,-56.1,177.79688,1978.0,-0.7236440382959123,0.0,-3.63,-14.8,-2.5580506324768066,-4.856910705566406
59.28333333,39.86666667,117.19141,1981.0,-0.2135209154397959,4.996109419153072e-05,-8.4,-72.0,-8.514081954956055,-58.977760314941406
19.28,166.65,4.0,1962.0,-0.2135209154397959,5.001994577469304e-05,-5.2,-28.6,-2.9510865211486816,-8.535133361816406
46.72738634,8.186782163,600.90625,2023.0,0.2386727660059501,0.0,-14.22,-105.25,-13.184541702270508,-98.0967788696289
11.48527778,-3.5225,322.23438,2004.0,-0.9634705485641486,8.720107143744826e-05,-4.32,-20.94,-4.358252048492432,-21.704078674316406
-37.82,144.97,6.1674805,1986.0,-0.2135209154397959,6.378092803061008e-05,-5.24,-27.6,-4.8641037940979,-26.438087463378906
41.75,44.766667,0.0,2015.0,0.2386727660059501,4.958625140716322e-06,-12.08,-85.8,-12.253519058227539,-90.2986831665039
4.05,114.81,27.053711,2008.0,-0.17976658572556214,6.993208808125928e-05,-10.23,-77.99,-7.014606952667236,-47.28864288330078
49.7478,6.6581,259.26562,2010.0,-0.9587178169872964,0.0,-7.18,-48.85,-6.722438812255859,-44.860450744628906
46.72738634,8.186782163,600.90625,1988.0,-0.6932812268869771,0.000288621376967,-4.5,-25.8,-6.6515679359436035,-43.166053771972656
51.116535,17.029468,118.94141,2008.0,-0.14579919691987442,0.0,-4.3127102,-21.32103618,-6.689476490020752,-43.52082061767578
-0.37,-78.55,3064.0,2019.0,0.741222010848596,0.0,-12.1,-99.3,-10.501920700073242,-97.0424575805664
46.095,14.597,283.89062,1991.0,0.2386727660059501,0.0,-11.6,-85.0,-12.030994415283203,-88.43485260009766
-0.37,-78.55,3064.0,2015.0,-0.680773409477016,1.9854931451845918e-05,-3.95,-23.5,-7.055136680603027,-49.665138244628906
32.36666667,-6.4,467.60938,2002.0,0.9859481499638304,0.0,-3.73,-9.1,-3.5867371559143066,-14.483863830566406
47.47051111,21.49041944,105.30859,2006.0,0.545240438540651,3.541308979038149e-05,-11.99,-85.36,-8.20075798034668,-56.35340118408203
51.3,3.75,9.4589844,2008.0,-0.4014879892059737,4.020465348730795e-05,-10.43,-68.9,-6.866888523101807,-45.181129455566406
-0.13,-67.08,58.835938,1966.0,-0.9587178169872964,6.190002022776753e-05,-0.46,10.0,-2.8491883277893066,-7.581520080566406
44.42,8.85,5.4519043,1981.0,-0.9741004551724206,2.4201097403420132e-05,-9.73,-55.5,-5.295958042144775,-30.479591369628906
49.01636944,-119.405,609.3125,2010.0,0.8359254794186372,0.0001546904386486,-7.5,-86.0,-11.996496200561523,-90.95633697509766
-27.43,153.08,5.7802734,2001.0,-0.7236440382959123,0.0,-2.32,-2.6,-2.1747193336486816,-1.2695083618164062
48.18427778,16.389575,201.11719,2002.0,0.9778483415056568,1.2592658094945364e-05,-9.19,-64.4,-9.572992324829102,-67.8470230102539
46.64833333,14.31833333,448.71875,1983.0,-0.680773409477016,0.0001967568532563,-7.28,-49.2,-6.6620306968688965,-43.26396942138672
31.72,35.78333333,804.96875,1989.0,-0.7236440382959123,0.0,-4.08,-22.0,-3.011740207672119,-9.102760314941406
47.98,-55.82,119.36328,2000.0,0.2386727660059501,0.0,-11.34,-77.9,-12.923053741455078,-95.6596908569336
46.95222563,7.439320571,542.53125,2008.0,-0.23030567023061196,5.9229310863884166e-05,-6.86,-47.57,-6.611688137054443,-42.79283905029297
64.13,-21.93,12.141602,2000.0,0.2802306751992159,9.913880603562577e-06,-7.45,-53.4,-8.745559692382812,-60.91657257080078
-65.07944444,-63.9775,286.6875,2016.0,-0.23030567023061196,1.999699095364583e-06,-9.74,-72.8,-9.38637924194336,-81.1269302368164
-12.43,130.87,16.515625,2012.0,0.2386727660059501,0.0002312502183485,-11.23,-77.0,-4.987837314605713,-27.596046447753906
51.116535,17.029468,118.94141,2008.0,0.09453674981719912,0.0001136221471824,-4.40047418,-25.76811314,-8.700798034667969,-60.541664123535156
15.48333333,44.21666667,2188.5,1977.0,-0.47115950767386394,7.994998304639012e-05,-0.7,1.7,-2.5095276832580566,-4.402809143066406
52.2914,10.4464,80.6875,1996.0,0.2802306751992159,3.62600403605029e-05,-3.1,-30.8,-7.313216686248779,-48.91950225830078
4.05,114.81,27.053711,2009.0,-0.7583058084785625,0.0001196354205603,-6.61,-40.68,-7.593804359436035,-55.552101135253906
53.23,6.55,7.7121582,1985.0,0.741222010848596,8.245737262768671e-05,-6.98,-43.9,-6.866888523101807,-45.181129455566406
-1.68218,29.22716,1527.1875,2017.0,0.6994583270516471,8.407148015976418e-06,-0.49,13.8,-2.1261963844299316,-0.8154067993164062
47.833185,1.940433,113.78516,1996.0,-0.970063921851507,0.0,-7.4,-48.0,-6.363564491271973,-40.511470794677734
35.27,-75.55,0.0,1974.0,-0.2884824328806098,1.2871118997281885e-05,-3.46,-11.3,-4.241796970367432,-20.614234924316406
33.65694444,73.26611111,580.9375,2010.0,-0.9587178169872964,1.1824688044725916e-05,-4.355,-24.895,-4.934462070465088,-27.096534729003906
58.38333333,-3.7,165.34375,1982.0,-0.2135209154397959,0.0,-5.4,-43.0,-6.642452239990234,-43.69843292236328
51.93,-10.25,33.068359,1992.0,-0.970063921851507,2.608278555271681e-05,-4.46,-21.8,-5.778761386871338,-34.997901916503906
51.3744,11.2919,162.88281,2001.0,-0.2135209154397959,7.0801870606374e-05,-6.77,-49.7,-6.470213413238525,-41.468849182128906
48.65,-123.43,15.649902,1981.0,-0.2884824328806098,0.0,-11.1,-91.0,-9.59528636932373,-68.49658966064453
52.4672,13.4019,47.5625,1989.0,0.2386727660059501,0.0,-5.36,-31.4,-10.092216491699219,-72.19596099853516
46.60305556,13.67138889,2148.125,2018.0,0.10310169744743485,0.0,-6.378,-41.95,-11.353189468383789,-82.7576675415039
46.37222222,6.470833333,387.75,1999.0,-0.2135209154397959,0.0,-6.84,-45.0,-6.309784412384033,-39.96747589111328
19.31396667,-99.3094,2965.0,2009.0,-0.455906693508459,5.250892718322575e-05,-6.22,-36.8,-7.938896656036377,-60.475563049316406
41.13333333,-8.6,59.621094,1990.0,-0.2884824328806098,0.0,-3.8,-19.0,-5.516737461090088,-32.545753479003906
6.329722222,99.73,3.3973389,1987.0,0.741222010848596,0.0001038107511703,-8.25,-54.1,-5.066687107086182,-28.333961486816406
78.91666667,11.93333333,38.650391,2016.0,-0.23030567023061196,0.0,-12.14,-93.0,-11.757314682006836,-86.1425552368164
52.8,5.05,-4.4990234,2007.0,0.6486295610349814,3.263738108216785e-06,-9.97,-68.52,-7.635493755340576,-51.61884307861328
5.383333333,103.1,10.330566,2016.0,0.2802306751992159,4.102308230358176e-05,-6.86,-43.2,-5.862463474273682,-35.781227111816406
42.025,35.15833333,61.443359,2014.0,-0.680773409477016,0.0,-5.27,-28.0,-5.39785623550415,-31.433204650878906
-27.43,153.08,5.7802734,1997.0,0.741222010848596,0.0,-3.91,-16.3,-2.5143799781799316,-4.448219299316406
49.0422,12.1019,370.21875,1981.0,-0.680773409477016,2.647916153364349e-05,-5.36,-37.3,-6.866888523101807,-45.181129455566406
-31.95,115.97,20.375,1974.0,-0.7236440382959123,0.0,-5.24,-30.3,-3.2276673316955566,-11.123512268066406
41.66056063,-1.004162565,244.98438,2012.0,0.6994583270516471,8.93306150828721e-06,-8.31,-65.0,-6.58075475692749,-42.50334930419922
47.47051111,21.49041944,105.30859,2001.0,-0.154308820664281,0.0,-19.04,-136.76,-7.1515984535217285,-47.56581497192383
-2.6,-44.23,60.449219,1989.0,-0.9587178169872964,0.0,0.22,5.3,-1.9927582740783691,0.43337249755859375
46.39864119,6.233803787,434.125,2016.0,-0.23030567023061196,0.0,-2.65,-14.49,-6.495687961578369,-41.707252502441406
49.7478,6.6581,259.26562,2013.0,-0.9741004551724206,0.0,-7.24,-45.28,-7.768619537353516,-54.44532012939453
41.91172742,2.763346411,139.71094,2011.0,0.741222010848596,0.0,-3.9,-20.8,-5.105505466461182,-28.697242736816406
43.73238889,7.423583333,8.8959961,2017.0,0.9510565162951535,0.0,-4.89,-33.8,-5.897642612457275,-36.110450744628906
-17.83,31.02,1473.25,1963.0,0.9760105506323683,0.0,-3.7,-12.4,-5.095800876617432,-28.606422424316406
32.18,118.18,39.578125,1989.0,-0.9587178169872964,0.0,-6.58,-41.5,-7.590176582336426,-55.500343322753906
-53.0,-70.833333,32.589844,2015.0,-0.9587178169872964,0.0,-13.85,-97.7,-8.476715087890625,-68.1486587524414
46.65772518,8.292706832,1061.3125,2014.0,0.2386727660059501,4.498947600950487e-05,-19.5,-148.3,-13.164079666137695,-97.9253921508789
33.96666667,-4.983333333,500.04688,2021.0,0.9510565162951535,0.0,-6.38,-38.1,-3.754141330718994,-16.050514221191406
28.22,-177.37,0.0,1979.0,0.9510565162951535,0.0001673635124461,-3.59,-11.8,-3.220388889312744,-11.055397033691406
51.35,12.43,125.46484,2006.0,0.6994583270516471,9.002543265523855e-06,-11.77,-88.1,-10.09477424621582,-72.2173843383789
50.3381,7.6,86.441406,2008.0,-0.970063921851507,0.0,-8.85,-63.75,-7.79176664352417,-54.015899658203125
52.2914,10.4464,80.6875,1984.0,0.2802306751992159,0.0,-6.25,-42.2,-8.336318969726562,-57.48883819580078
47.37233597,8.083138245,397.48438,2017.0,0.9760105506323683,0.0,-11.28,-77.7,-10.371011734008789,-74.5311050415039
50.92,5.78,111.17188,2000.0,0.9829265519799822,1.6494919691467658e-05,-7.59,-48.0,-7.931553840637207,-54.098594665527344
19.31396667,-99.3094,2965.0,2013.0,0.5877852522924732,4.740987060358748e-05,-6.18,-35.9,-5.041920185089111,-37.960121154785156
4.7,-74.13,2551.125,1975.0,-0.7236440382959123,0.0,-12.96,-92.1,-7.887200832366943,-59.738014221191406
-34.05,115.0249,77.78125,2018.0,0.02581844022713308,6.1025068134767935e-05,-3.28,0.4,-3.3101563453674316,-11.895484924316406
51.18,8.4889,841.375,1999.0,-0.9587178169872964,1.6134656107169576e-05,-8.28,-55.4,-7.729491233825684,-52.406150817871094
39.48056611,-0.366386255,14.827637,2001.0,-0.9741004551724206,0.0001238618569914,-5.86,-33.6,-5.064260959625244,-28.311256408691406
47.59583333,7.594444444,248.26562,2003.0,0.9760105506323683,4.035166784888133e-05,-8.39,-63.05,-9.20083999633789,-64.72992706298828
47.4828,11.0622,716.1875,1985.0,0.9760105506323683,4.200478724669665e-05,-12.22,-87.2,-12.785531997680664,-94.7547378540039
50.3119,11.8758,564.53125,1996.0,0.7295575540864875,0.0,-7.25,-52.7,-9.285245895385742,-65.43689727783203
36.15,-5.35,1.5737915,1972.0,-0.27195815753410524,0.0,-6.46,-39.6,-5.335989475250244,-30.854225158691406
47.42692898,9.400776879,758.46875,2004.0,-0.6932812268869771,0.0,-6.48,-42.68757749,-6.663243770599365,-43.27532196044922
38.00194982,-1.170837424,61.660156,2001.0,0.29671281927349075,0.0,-3.14,-26.7,-3.9894776344299316,-18.252906799316406
52.27,104.35,487.23438,1990.0,-0.9741004551724206,1.1213930520170834e-05,-12.2,-93.0,-13.394277572631836,-99.8534927368164
41.05916667,-100.7463889,918.34375,1995.0,0.39359027665646673,2.5072169592021964e-05,-7.2,-43.0,-6.866888523101807,-45.181129455566406
44.81666667,14.98333333,1534.5,2001.0,-0.2884824328806098,0.000136321526952,-12.8,-80.1,-13.624475479125977,-101.7815933227539
-2.77,-171.72,2.7612305,1963.0,-0.2135209154397959,4.16839357058052e-05,-0.5,3.7,-3.463003635406494,-13.325904846191406
50.06166667,19.84861111,356.8125,1991.0,-0.2884824328806098,0.0,-11.21,-81.0,-12.005416870117188,-88.22061920166016
44.42,8.85,5.4519043,1963.0,-0.7236440382959123,0.000242658672505,-4.4,-23.6,-6.095980167388916,-37.966590881347656
52.4672,13.4019,47.5625,2012.0,0.7295575540864875,7.424840987368952e-06,-5.32,-40.56,-7.635493755340576,-51.61884307861328
21.32,103.91,609.09375,2017.0,-0.9741004551724206,7.921297219581902e-05,-9.5,-67.4,-8.871234893798828,-73.7773208618164
36.62,127.46,80.589844,2001.0,-0.9741004551724206,0.0,-11.94,-84.4,-6.866888523101807,-45.181129455566406
-45.35,-72.07,583.1875,1989.0,0.9510565162951535,0.0,-3.9,-40.0,-9.043554306030273,-76.2358169555664
-54.78,-68.28,104.83984,2000.0,-0.7116566222817751,3.0457587854471058e-05,-10.7,-81.0,-8.53929328918457,-69.0414810180664
38.43055556,27.15111111,13.000488,2019.0,0.741222010848596,0.0,-2.49,-11.2,-4.283041477203369,-21.000221252441406
37.90111111,40.20361111,674.46875,2012.0,0.2386727660059501,0.0,-8.92,-51.01,-7.099104881286621,-46.672569274902344
-2.77,-171.72,2.7612305,1962.0,0.9510565162951535,1.3186078831495252e-05,-1.1,-1.9,-3.618277072906494,-14.779029846191406
-15.6,-56.1,177.79688,1975.0,-0.2884824328806098,0.0,-8.93,-61.1,-4.317007541656494,-21.318092346191406
53.23,6.55,7.7121582,1967.0,-0.7236440382959123,2.1633351934724487e-05,-9.6,-62.4,-8.135534286499023,-55.807106018066406
40.67,109.85,1068.9375,1990.0,-0.680773409477016,0.0,-6.81,-45.4,-6.866888523101807,-45.181129455566406
39.95,32.88,920.125,1966.0,0.741222010848596,0.0,-8.45,-71.3,-5.645323276519775,-33.749122619628906
43.73238889,7.423583333,8.8959961,2003.0,0.2386727660059501,5.821433205710491e-06,-8.6,-71.4,-6.6944804191589355,-43.567649841308594
-15.85,-47.93,1012.8125,1967.0,0.6994583270516471,6.390997441485524e-05,-3.52,-19.3,-5.002394199371338,-27.732276916503906
51.01666667,-114.0166667,1033.25,1998.0,0.29671281927349075,3.675278276205063e-05,-18.4,-139.9,-14.386686325073242,-108.1657485961914
49.7703,9.9578,265.90625,2002.0,-0.9741004551724206,0.0,-7.16,-46.1,-8.176068305969238,-58.18230438232422
43.78,87.62,900.71875,2003.0,0.741222010848596,0.0,-6.2,-40.0,-8.79159927368164,-61.30219268798828
52.4672,13.4019,47.5625,1982.0,0.9510565162951535,0.0,-9.36,-67.5,-9.53718376159668,-67.5470962524414
46.60305556,13.67138889,2148.125,2001.0,-0.1712931441814778,1.867003447841853e-05,-11.19,-82.4,-6.866888523101807,-45.181129455566406
51.93,-10.25,33.068359,1991.0,0.9760105506323683,2.683199636521749e-05,-4.26,-21.1,-5.768908500671387,-35.07764434814453
8.983333333,79.9,2.5202637,1983.0,-0.2884824328806098,0.0001517361524747,-7.55,-50.2,-5.439100742340088,-31.819190979003906
52.141,-106.6244,507.71875,1996.0,0.2802306751992159,0.0,-11.87,-89.72,-13.511934280395508,-100.8389663696289
-5.22,145.8,2.7424316,1973.0,0.9760105506323683,9.218540071742608e-05,-7.68,-48.2,-6.184534549713135,-38.795326232910156
47.37233597,8.083138245,397.48438,1996.0,-0.970063921851507,0.0,-9.24,-66.8,-8.881567001342773,-63.052894592285156
36.98,35.3,22.958008,1995.0,-0.9587178169872964,0.0,-2.06,-8.8,-3.7031922340393066,-15.573707580566406
0.453055556,33.195,1174.25,2020.0,0.9562348265919056,0.0,-2.02,-4.6,-2.6308350563049316,-5.538063049316406
-27.43,153.08,5.7802734,2007.0,0.9510565162951535,0.0,-2.43,-7.8,-3.365957736968994,-12.417701721191406
47.8008,11.0108,974.96875,2007.0,0.29671281927349075,0.0,-7.69,-54.75,-8.960411071777344,-62.71613311767578
47.8008,11.0108,974.96875,2004.0,0.2802306751992159,0.0001294666872126,-7.94,-55.73,-9.080625534057617,-63.72303009033203
51.77,-104.2,553.34375,1975.0,-0.680773409477016,0.0,-11.9,-88.0,-12.855154037475586,-95.65762329101562
-27.17,-109.43,140.28906,2013.0,-0.9587178169872964,4.866248673351947e-06,0.18,9.0,-2.968069553375244,-8.694068908691406
-54.78,-68.28,104.83984,1996.0,-0.7116566222817751,2.173133543692529e-05,-9.3,-78.6,-8.637243270874023,-70.4389419555664
32.37,-64.68,1.0638428,1965.0,0.6994583270516471,9.753920312505215e-05,-2.8,-8.1,-3.948233127593994,-17.866920471191406
-34.23583333,142.0866667,49.828125,2012.0,0.9562348265919056,0.0,-7.02,-46.1,-4.246649265289307,-20.659645080566406
51.3,3.75,9.4589844,1995.0,-0.13727877211326517,0.0,-12.1,-76.6,-6.449867248535156,-42.500465393066406
2.883333333,101.7833306,55.289062,1998.0,0.9760105506323683,0.000173366657691,-3.54,-23.3,-5.784826755523682,-35.054664611816406
19.2,-96.13,0.0,1988.0,-0.27195815753410524,0.0,-3.0,3.6,-2.793386936187744,-7.059303283691406
36.62,127.46,80.589844,2010.0,0.6994583270516471,0.0,-6.81,-39.4,-5.7490410804748535,-34.719764709472656
-1.5075,-77.94388889,958.9375,2016.0,-0.9634705485641486,0.0,-4.89,-24.2,-3.8730225563049316,-17.163063049316406
45.32,-75.67,112.08594,2019.0,0.9510565162951535,0.0,-12.62,-86.2,-10.639575958251953,-76.78055572509766
47.37233597,8.083138245,397.48438,1997.0,-0.680773409477016,0.0,-6.11,-50.6,-6.344053745269775,-40.288185119628906
39.46666667,-6.333333333,410.0,2017.0,0.6994583270516471,0.0,-9.1,-62.2,-5.752073764801025,-34.748146057128906
-1.68218,29.22716,1527.1875,2017.0,0.29671281927349075,0.0,-3.17,-12.3,-1.1314759254455566,8.493675231933594
38.05011111,23.8675,438.375,2002.0,-0.801361088174677,0.0,-5.99,-28.0,-5.481558322906494,-32.216529846191406
36.15,-5.35,1.5737915,1986.0,-0.9741004551724206,0.0002499691327102,-4.63,-25.1,-4.526869297027588,-23.282081604003906
-38.47,-62.16,195.67188,1985.0,0.2386727660059501,3.1800420401850715e-05,-3.0,-10.0,-6.051702976226807,-37.552223205566406
19.24921667,-99.25580556,2983.5,2009.0,-0.9398560579418953,0.0001684832968749,-10.32,-67.6,-8.33432388305664,-66.1171646118164
47.6772,9.19,442.90625,2001.0,0.29671281927349075,0.0,-7.61,-54.05,-7.0468902587890625,-46.68879699707031
39.95,32.88,920.125,1999.0,0.2386727660059501,0.0,-11.605,-81.0,-11.176704406738281,-81.27945709228516
-33.95833333,18.46111111,109.49609,2000.0,0.7295575540864875,0.0,-4.24,-4.0,-3.302877902984619,-11.827369689941406
53.8713,8.7058,4.7202148,2008.0,0.2386727660059501,8.415323463850655e-06,-8.85,-62.05,-9.110038757324219,-63.969398498535156
41.7787,2.5047,614.3125,2011.0,0.2386727660059501,1.416762279404793e-05,-11.4403866,-76.6128828,-9.292919158935547,-65.50116729736328
39.48056611,-0.366386255,14.827637,2010.0,-0.9587178169872964,0.0,-5.75,-31.18,-4.469854831695557,-22.748512268066406
46.64833333,14.31833333,448.71875,1986.0,-0.680773409477016,0.0,-6.94,-43.1,-6.87703275680542,-45.24052047729492
45.68,126.62,168.53906,1996.0,0.2802306751992159,0.0001176331134047,-10.55,-84.8,-10.153602600097656,-72.71012115478516
48.8281,9.2,313.79688,1976.0,-0.23030567023061196,0.0001763842010404,-6.0,-36.9,-6.399551868438721,-40.80756378173828
44.13333333,6.333333333,881.625,2011.0,0.9760105506323683,0.0,-7.03,-47.74,-8.402820587158203,-58.04584503173828
47.47051111,21.49041944,105.30859,2009.0,-0.22192151300416674,5.9742505982285365e-06,-19.62,-140.48,-6.616237163543701,-42.835411071777344
-54.78,-68.28,104.83984,1999.0,-0.2884824328806098,0.0,-10.0,-77.0,-8.644498825073242,-70.5424575805664
-33.45,-70.7,507.65625,1974.0,-0.9587178169872964,1.97444251170964e-06,-2.35,-2.3,-5.532507419586182,-32.693336486816406
-33.94638889,151.1730556,3.6643066,2014.0,-0.9587178169872964,5.852061804034747e-05,-3.31,-11.3,-3.3441224098205566,-12.213356018066406
-5.8,-35.2,40.765625,1982.0,0.29671281927349075,5.585150211118162e-05,-1.75,0.2,-1.9854798316955566,0.5014877319335938
-34.05,115.0249,77.78125,2016.0,-0.655156357209085,0.0002287643874296,-2.09,6.3,-3.370810031890869,-12.463111877441406
-75.58333333,-20.56666667,105.53516,1997.0,0.9760105506323683,9.198247924652387e-10,-24.55,-187.2,-18.83504295349121,-151.49948120117188
49.0975,19.59,572.9375,1992.0,0.6994583270516471,1.6890176993911155e-05,-12.09,-86.3,-13.430086135864258,-100.1534194946289
58.75,-94.06,16.645508,1993.0,0.6994583270516471,0.0,-31.4,-235.4,-25.067869186401367,-197.62960815429688
22.31666667,114.1666667,34.056641,2016.0,0.7295575540864875,0.0002829334698617,-3.46,-15.0,-4.448019504547119,-22.544166564941406
47.47051111,21.49041944,105.30859,2007.0,-0.3617137307297674,3.382025533937849e-05,1.16,-6.89,-10.235450744628906,-73.39566802978516
0.05,32.45,1135.4375,2021.0,-0.7236440382959123,0.0,-1.22,6.9,-3.487265110015869,-13.552955627441406
49.7478,6.6581,259.26562,1986.0,0.741222010848596,5.71892178413691e-06,-4.84,-33.9,-6.866888523101807,-45.181129455566406
39.95,32.88,920.125,2005.0,0.9760105506323683,0.0,-7.89,-51.8,-8.422002792358398,-58.206520080566406
44.0206,10.28423,552.5625,2010.0,0.9997685019798909,4.9289617891190574e-05,-5.77,-37.77,-6.323431491851807,-40.095191955566406
13.73,100.5,5.7392578,1998.0,0.6994583270516471,0.0,-1.66,-4.1,-4.508673191070557,-23.111793518066406
39.91055556,41.27555556,1890.5625,2009.0,0.9510565162951535,0.0,-9.21,-59.33,-10.660037994384766,-76.95194244384766
78.91666667,11.93333333,38.650391,2002.0,0.29671281927349075,0.0,-12.1,-92.5,-12.499063491821289,-92.3553237915039
46.39864119,6.233803787,434.125,2002.0,0.6994583270516471,9.981128823710606e-05,-9.37,-68.58650727,-11.793123245239258,-86.4424819946289
43.49111613,-3.800555816,50.095703,2018.0,0.6994583270516471,1.1900843901457847e-06,-6.11,-30.7,-5.660486698150635,-33.891029357910156
48.8281,9.2,313.79688,1981.0,0.741222010848596,0.0,-10.09,-84.3,-7.448777675628662,-50.05493927001953
-0.694444444,-90.325,182.40625,2005.0,-0.9587178169872964,0.0,-0.47,4.0,-1.8205018043518066,2.0454330444335938
-31.95,115.97,20.375,1974.0,0.9510565162951535,1.617758812244574e-06,-1.35,-16.5,-4.171438694000244,-19.955787658691406
-34.05,115.0249,77.78125,2008.0,-0.622046748440868,0.0,-4.52,-21.8,-3.2858948707580566,-11.668434143066406
12.69325,-7.995494444,382.5625,1969.0,-0.9587178169872964,9.809189214138314e-05,0.67,-1.6,-4.606932163238525,-24.031349182128906
-1.43,-48.48,4.737793,1970.0,0.29671281927349075,0.0001360889873467,1.83,13.1,-2.7618470191955566,-6.764137268066406
40.8203002,0.493333172,52.294922,2019.0,-0.2884824328806098,0.0,-7.48,-51.5,-5.915838718414307,-36.280738830566406
36.88,30.7,0.0,1987.0,-0.9741004551724206,0.0,-5.38,-37.8,-3.9797730445861816,-18.162086486816406
23.05,-82.21666667,123.02734,2003.0,0.2386727660059501,0.0,-1.28,0.8,-1.9515137672424316,0.8193588256835938
42.11666667,44.96666667,1107.4375,2016.0,0.7295575540864875,1.941011578310281e-05,-5.32,-32.5,-6.713733196258545,-43.66900634765625
28.63,-106.07,1444.25,1976.0,-0.7116566222817751,0.0003847834886983,-14.34,-94.8,-6.866888523101807,-45.181129455566406
37.30268,-2.90198,1735.125,2020.0,0.7295575540864875,8.639488441986032e-06,-4.58,-29.2,-5.163733005523682,-29.242164611816406
13.73,100.5,5.7392578,1998.0,-0.7236440382959123,7.973513856995851e-05,-6.71,-46.6,-5.594374179840088,-33.272315979003906
-38.006017,-57.5714306,22.926758,2018.0,0.741222010848596,0.0,-5.0,-23.8,-6.065653324127197,-37.682777404785156
46.05,-74.28,363.76562,1978.0,0.741222010848596,0.0,-9.8,-67.0,-9.301870346069336,-65.5761489868164
6.966666667,80.76666667,1882.75,1987.0,-0.2135209154397959,8.781292126514018e-05,-3.11,-11.1,-6.866888523101807,-45.181129455566406
-35.07,173.28,71.449219,1987.0,0.6994583270516471,0.0,-2.89,-11.2,-4.827711582183838,-26.097511291503906
15.6,32.55,385.92188,1965.0,-0.9741004551724206,0.0,6.1,45.1,-0.19498300552368164,17.257835388183594
47.47051111,21.49041944,105.30859,2009.0,0.9973249731081555,6.72638816467952e-06,-2.36,-23.75,-9.40673828125,-66.45450592041016
36.98,35.3,22.958008,2007.0,0.2386727660059501,1.9682602214743383e-05,-5.89,-30.24,-5.844873905181885,-35.616615295410156
18.21,-67.14,17.163086,2015.0,-0.9587178169872964,1.283887650060933e-05,-2.33,-8.4,-3.4945435523986816,-13.621070861816406
-11.21805556,13.84972222,36.996094,2021.0,0.9760105506323683,6.529214442707598e-05,-1.2,1.4,-3.6109986305236816,-14.710914611816406
-23.75,-65.5,2350.5,1999.0,-0.9587178169872964,0.0,-2.6,-12.0,-2.827353000640869,-7.377174377441406
-24.78,-65.4,1227.625,1983.0,0.2386727660059501,0.0,-6.0,-35.0,-5.277761936187744,-30.309303283691406
22.31666667,114.1666667,34.056641,1988.0,-0.27195815753410524,0.0,-8.95,-58.7,-3.351400852203369,-12.281471252441406
51.35,12.43,125.46484,1992.0,-0.7116566222817751,1.0376607860962396e-05,-9.8,-69.6,-10.301952362060547,-73.95267486572266
-32.87847222,-68.87741667,846.53125,2021.0,0.9510565162951535,2.6641391741577536e-05,-3.61,-12.6,-6.3910603523254395,-40.72809600830078
46.17378583,8.788556051,407.5,1983.0,-0.680773409477016,0.0,-3.48,-25.3,-6.509335041046143,-41.83496856689453
52.1,5.18,1.7967529,1984.0,0.9562348265919056,5.471496842801571e-05,-9.15,-64.3,-7.770595073699951,-54.07750701904297
49.19472222,-123.0172222,1.3475342,2020.0,0.6994583270516471,4.660437116399408e-05,-9.7,-68.9,-11.491308212280273,-83.9145278930664
39.55339029,2.625298143,5.3820801,2020.0,0.9721181966290613,9.60426768870093e-06,-5.32,-35.9,-4.900496006011963,-26.778663635253906
-12.43,130.87,16.515625,2009.0,-0.7236440382959123,1.4979179468355142e-05,-1.13,-2.7,-3.4702820777893066,-13.394020080566406
52.8911,11.7294,21.530273,1997.0,-0.680773409477016,1.490455360908527e-05,-6.19,-49.7,-7.263340473175049,-48.501747131347656
52.1042,8.7519,134.42188,1999.0,-0.9587178169872964,0.0,-7.96,-52.85,-6.757139205932617,-44.39611053466797
58.65,49.61666667,162.28906,1982.0,0.29671281927349075,0.0,-9.8,-75.0,-9.918289184570312,-70.73917388916016
-25.23582483,-57.51472879,81.433594,2019.0,-0.9634705485641486,1.3295129065227227e-05,-0.121354763,7.408112616,-3.006887912750244,-9.057350158691406
45.8,28.2,40.330078,2013.0,-0.7236440382959123,1.598592098162044e-05,-6.68,-44.87,-8.861936569213867,-61.891334533691406
23.05,-82.21666667,123.02734,2004.0,0.2386727660059501,0.0,-1.49,0.28,-1.9466614723205566,0.8647689819335938
36.03,129.38,4.7189941,1975.0,0.9510565162951535,0.0,-8.18,-46.2,-5.858824253082275,-35.747169494628906
47.81666667,13.71777778,1616.0625,2020.0,-0.7412220108485957,0.0,-7.738,-45.91,-12.146093368530273,-89.3989028930664
-34.05,115.0249,77.78125,2017.0,-0.455906693508459,2.59275225289457e-06,-5.41,-21.1,-3.200979709625244,-10.873756408691406
47.4,28.49166667,94.726562,2010.0,-0.9741004551724206,0.0,-10.435,-71.0664,-8.785022735595703,-62.49671173095703
-0.37,-78.55,3064.0,2017.0,-0.2135209154397959,0.0,-6.82,-52.3,-8.198282241821289,-64.1762466430664
-24.11,-65.19,1321.5625,1986.0,-0.2884824328806098,0.0,-7.0,-48.0,-3.8050904273986816,-16.527320861816406
-65.07944444,-63.9775,286.6875,2005.0,-0.2135209154397959,1.6947770594318473e-07,-15.07,-112.6,-9.35554313659668,-80.6869888305664
9.466666667,100.05,0.0,1982.0,0.29671281927349075,0.0001114998376579,-4.22,-23.1,-5.206190586090088,-29.639503479003906
46.095,14.597,283.89062,1997.0,0.9510565162951535,0.0002998781274072,-8.03,-57.3,-9.91317367553711,-70.69632720947266
41.9,12.5,59.011719,2001.0,-0.10310169744743544,3.4856035199481994e-05,-0.47,3.08,-5.482771396636963,-32.227882385253906
31.99730278,34.81616111,44.347656,1970.0,0.741222010848596,0.0,-2.78,-8.6,-3.686209201812744,-15.414772033691406
35.68,139.77,22.099609,1964.0,-0.27195815753410524,0.000458415452158,-8.5,-53.3,-6.866888523101807,-45.181129455566406
14.330962,-91.055468,297.67188,2019.0,0.9760105506323683,0.0,-1.39,1.7,-1.9636445045471191,0.7058334350585938
-27.17,-109.43,140.28906,1999.0,-0.2884824328806098,1.122792355090496e-06,-1.87,-3.6,-3.1548829078674316,-10.442359924316406
41.818399,46.266606,0.0,2018.0,0.6994583270516471,6.4115156419575214e-06,-14.26,-101.3,-10.787925720214844,-78.02310943603516
-27.17,-109.43,140.28906,2010.0,0.741222010848596,7.360617019003257e-05,-3.01,-13.3,-3.380514621734619,-12.553932189941406
34.72,113.65,108.5625,1989.0,-0.9741004551724206,6.526528886752203e-05,-2.46,-25.7,-7.159831523895264,-49.360572814941406
42.54633333,-6.590833333,533.15625,2003.0,-0.2135209154397959,0.0,-3.86,-27.69,-4.739016532897949,-26.01703643798828
81.6,-16.67,27.780273,1965.0,-0.7236440382959123,9.930834494298324e-06,-19.6,-140.3,-27.472158432006836,-217.76754760742188
32.65878,-16.92395,156.85938,2014.0,-0.9741004551724206,1.0470475899637677e-05,-4.6,-24.1,-3.6983399391174316,-15.528297424316406
50.12,-104.42,580.5,2005.0,0.2386727660059501,0.0,-24.18,-189.0,-22.673810958862305,-177.57736206054688
-5.333333333,-49.13472222,76.5,1991.0,0.4937755501599772,0.000191259314306,-8.77,-59.0,-4.181143283843994,-20.046607971191406
4.7,-74.13,2551.125,1975.0,-0.2135209154397959,0.0,-11.04,-83.3,-7.273285388946533,-52.26093292236328
-1.22,36.63,2088.375,1968.0,0.7295575540864875,2.402463178441394e-05,-5.59,-26.2,-2.4124817848205566,-3.4946060180664062
30.62,114.13,25.587891,1986.0,0.29671281927349075,4.701004581875168e-05,-9.51,-66.9,-6.744292259216309,-44.0338134765625
-65.07944444,-63.9775,286.6875,1982.0,-0.7236440382959123,1.065547958542361e-05,-13.28,-108.6,-8.747297286987305,-90.95477294921875
-22.71,-46.46583333,1095.0625,1989.0,-0.8758917051442433,0.0,-2.52,-2.9,-2.400351047515869,-3.3810806274414062
47.4828,11.0622,716.1875,1988.0,-0.23030567023061196,0.0,-6.29,-39.2,-7.78895902633667,-52.90424346923828
-27.43,153.08,5.7802734,2011.0,0.9510565162951535,0.0,-3.58,-13.5,-3.424185276031494,-12.962623596191406
-32.88,-68.85,762.84375,1983.0,-0.9741004551724206,0.0,-4.9,-31.0,-5.63076639175415,-33.612892150878906
36.34064444,43.12988333,231.57812,2022.0,-0.5086709438521042,0.0,-3.8,-15.72,-3.6546692848205566,-15.119606018066406
48.8281,9.2,313.79688,2006.0,0.2386727660059501,4.644873115466908e-05,-13.92,-106.4,-10.043619155883789,-71.7889175415039
51.73333333,36.26666667,193.03906,2000.0,0.7295575540864875,4.875770173384808e-05,-6.3,-45.1,-9.052490234375,-63.48737335205078
50.62,-96.98,216.5,1979.0,-0.7236440382959123,0.0,-23.5,-178.0,-18.417707443237305,-141.92892456054688
51.83,6.25,9.5,2010.0,-0.9587178169872964,0.0,-6.48,-41.81,-6.447468280792236,-41.25598907470703
39.95,32.88,920.125,2017.0,0.741222010848596,0.0,-6.38,-41.7,-4.848333835601807,-26.290504455566406
46.49143367,9.898180888,1767.6875,2020.0,0.7295575540864875,0.0001162519038189,-9.1,-65.63,-11.381324768066406,-82.99332427978516
52.1,5.18,1.7967529,2007.0,-0.9242907221930934,0.0,-4.54,-26.8,-6.169371128082275,-38.653419494628906
47.4828,11.0622,716.1875,1989.0,-0.9587178169872964,0.0,-8.81,-59.8,-8.831243515014648,-61.634254455566406
58.38277778,21.81416667,5.9343262,2017.0,-0.2135209154397959,0.0,-9.34,-66.8,-7.85418176651001,-53.450538635253906
31.98,35.93,877.0625,1968.0,0.6994583270516471,4.670769703807309e-05,-4.45,-19.2,-3.438742160797119,-13.098854064941406
46.89,7.49,659.34375,2016.0,-0.27195815753410524,2.101039353874512e-05,-11.72,-81.93,-12.852033615112305,-95.3117446899414
4.05,114.81,27.053711,2008.0,0.6152845999633276,0.0002777416666503,-5.03,-26.22,-6.309177875518799,-39.96179962158203
43.73238889,7.423583333,8.8959961,2008.0,0.9721181966290613,0.0,-0.82,-13.27,-5.867922306060791,-35.832313537597656
36.98,35.3,22.958008,1979.0,0.741222010848596,0.0,-3.62,-23.1,-3.4654297828674316,-13.348609924316406
-0.743055556,-90.30222222,1.7120972,2015.0,-0.9106046300942162,2.3673092073295265e-06,0.170218897,8.653595628,-1.4711365699768066,5.314964294433594
39.55339029,2.625298143,5.3820801,2009.0,0.2386727660059501,0.0,-6.9,-41.71,-5.965574741363525,-36.746192932128906
-75.58333333,-20.56666667,105.53516,1994.0,-0.7236440382959123,1.3107502901995626e-08,-22.91,-183.3,-21.911094665527344,-177.42428588867188
46.095,14.597,283.89062,1990.0,-0.9741004551724206,0.0,-8.45,-56.0,-8.359885215759277,-59.04936981201172
46.98141401,6.607999655,1046.0625,2007.0,0.2386727660059501,0.0,-8.16,-54.16520013,-12.734376907348633,-94.3262710571289
32.53,35.85,648.125,1998.0,-0.2884824328806098,0.0,-4.46,-16.85,-5.083670139312744,-28.492897033691406
11.17694444,-4.304111111,435.625,2010.0,0.29671281927349075,0.0,-3.176328104,-17.34091279,-4.691847324371338,-24.826026916503906
46.57248471,8.332719621,1924.0,2012.0,-0.9634705485641486,2.9256219931994565e-05,-12.38,-86.3,-10.465648651123047,-75.32376861572266
2.916666667,11.15833333,573.625,1994.0,-0.9951053111006974,0.0001666910393396,-4.15,-27.2,-5.6616997718811035,-33.902381896972656
10.00036389,-84.10913333,1157.3125,2014.0,-0.989932495087353,0.0002061789127765,-12.35073,-94.7321578,-8.237186431884766,-66.05840301513672
37.10277778,15.29777778,0.0,1999.0,0.6994583270516471,0.0,-6.7,-36.0,-5.149176120758057,-29.105934143066406
53.32,-60.42,46.541016,2009.0,0.741222010848596,0.0,-10.88,-81.5,-11.744525909423828,-86.03543853759766
46.60305556,13.67138889,2148.125,1998.0,0.6994583270516471,0.0,-10.27,-71.4,-12.463254928588867,-92.0553970336914
45.80666667,15.97,120.36328,1987.0,-0.9741004551724206,7.406373333651572e-05,-8.52,-59.1,-8.239546775817871,-57.788307189941406
-36.62,-64.29,175.35938,2019.0,0.9760105506323683,0.0,-6.8,-40.8,-6.097193241119385,-37.977943420410156
35.68,51.32,1161.1875,1981.0,0.2386727660059501,2.5759551135706715e-05,-4.92,-21.9,-6.796189308166504,-44.51948928833008
-0.13,-67.08,58.835938,1974.0,0.9760105506323683,3.248159555369057e-05,-5.15,-32.5,-5.655027866363525,-33.839942932128906
40.88333333,15.66666667,505.07812,2003.0,-0.2135209154397959,1.3436342669592705e-05,-4.1,-25.0,-4.483198642730713,-22.873390197753906
-4.62,55.45,13.739746,1963.0,0.9510565162951535,4.680866550188512e-05,-3.1,-12.4,-3.831778049468994,-16.777076721191406
53.97,-101.1,265.25,1980.0,0.9721181966290613,0.0,-13.2,-101.0,-18.0800838470459,-139.10104370117188
33.46555556,126.9333333,5.9509277,1996.0,-0.7638886127905429,6.867036427138373e-05,-10.3,-75.0,-6.707369327545166,-43.688270568847656
39.55339029,2.625298143,5.3820801,2002.0,0.741222010848596,0.0,-3.87,-22.87,-4.52444314956665,-23.259376525878906
51.6,-1.1,55.042969,2002.0,0.9760105506323683,0.0,-3.86,-20.4,-7.279850959777832,-49.46152877807617
51.387367,-0.325697,10.34082,2021.0,-0.4405187843504952,0.0,-4.071932994,-28.00950167,-6.866888523101807,-45.181129455566406
-33.11011944,-64.24918333,408.09375,2011.0,-0.9587178169872964,0.0,-3.6,-10.0,-4.190847873687744,-20.137428283691406
30.35277778,78.48333333,690.15625,2005.0,0.2386727660059501,0.0,-1.7,-7.2,-3.8972840309143066,-17.390113830566406
47.59583333,7.594444444,248.26562,2002.0,0.741222010848596,0.0,-11.21,-87.5,-6.866888523101807,-45.181129455566406
46.49722222,28.3,150.79688,2010.0,-0.2884824328806098,0.0,-10.42,-68.2,-13.000383377075195,-96.5542984008789
19.88,102.13,295.04688,1961.0,-0.680773409477016,0.000164872064488,-9.6,-70.0,-8.259048461914062,-65.0431900024414
7.07,38.78,2674.625,1999.0,-0.680773409477016,0.0,-2.78,-4.2,-3.3295655250549316,-12.077125549316406
4.93,-52.32,5.0107422,2020.0,-0.9634705485641486,0.0,-3.67,-15.8,-3.5818848609924316,-14.438453674316406
37.77,-25.65,137.14062,2001.0,0.6994583270516471,7.182255558291217e-06,-4.86,-25.0,-3.3053040504455566,-11.850074768066406
28.22,-177.37,0.0,1967.0,-0.9587178169872964,6.733700138283893e-05,-1.84,-11.1,-3.040853977203369,-9.375221252441406
33.46555556,126.9333333,5.9509277,1996.0,-0.6287628145958345,0.0,-4.1,-20.0,-5.276548862457275,-30.297950744628906
42.58834633,-5.651107617,911.78125,2014.0,-0.2884824328806098,1.648437864787411e-05,-11.43,-75.8,-9.63693618774414,-68.38260650634766
36.98,35.3,22.958008,2004.0,0.9721181966290613,0.0,-2.23,-6.7,-4.586309909820557,-23.838356018066406
46.60305556,13.67138889,2148.125,2002.0,0.440518784350495,7.109828584361821e-05,-9.91,-66.9,-8.348913192749023,-59.87981414794922
35.86222222,-106.3,2218.75,1991.0,0.9106046300942163,0.0,-16.81,-125.3,-16.044111251831055,-122.0480728149414
64.13,-21.93,12.141602,1965.0,0.9760105506323683,0.0,-9.4,-56.4,-8.179332733154297,-56.34910583496094
-34.05,115.0249,77.78125,2018.0,0.23030567023061221,0.0,-4.72,-18.5,-3.516378879547119,-13.825416564941406
4.05,114.81,27.053711,2006.0,-0.622046748440868,9.02919564396143e-05,-1.57,-4.5,-6.924422740936279,-46.001976013183594
-27.17,-109.43,140.28906,1969.0,-0.9741004551724206,3.097850640187971e-05,-5.9,-34.4,-2.5677552223205566,-4.947731018066406
37.77,-25.65,137.14062,2014.0,-0.2884824328806098,3.756951991817914e-05,-1.33,-1.2,-4.287893772125244,-21.045631408691406
47.59583333,7.594444444,248.26562,2005.0,0.6994583270516471,3.1871120881987736e-05,-8.65,-62.95,-10.790483474731445,-78.0445327758789
-2.716666667,-78.33333333,755.28125,1994.0,0.9510565162951535,6.930228119017556e-05,-7.41,-52.2,-5.84426736831665,-35.610939025878906
32.2361,-110.9439,753.21875,2016.0,0.2802306751992159,0.0,-4.45,-34.9,-6.866888523101807,-45.181129455566406
35.230556,129.080278,54.740234,2019.0,-0.2884824328806098,0.0,-7.49,-35.5,-6.866888523101807,-45.181129455566406
45.37,-63.27,12.535156,1981.0,-0.2135209154397959,0.0001159992461907,-7.1,-49.0,-7.278714179992676,-48.67964172363281
49.0422,12.1019,370.21875,2011.0,-0.680773409477016,5.269295797916129e-05,-8.32,-59.1,-6.407436847686768,-40.88135528564453
4.365694444,18.58725,381.14062,2010.0,-0.7236440382959123,0.0,0.799531363,20.04627896,-0.8015198707580566,11.581565856933594
48.36,-4.57,68.214844,1998.0,0.29671281927349075,0.0,-3.4,-22.4,-5.8363823890686035,-35.537147521972656
37.97,23.72,100.17578,2001.0,-0.2135209154397959,0.0,-6.99,-47.4,-3.268911838531494,-11.509498596191406
40.67,109.85,1068.9375,1989.0,0.6994583270516471,0.0,-6.36,-54.2,-14.61176872253418,-110.0510025024414
-40.68,144.69,82.167969,2012.0,-0.27195815753410524,0.0,-4.32,-21.7,-4.038000583648682,-18.707008361816406
-34.05,115.0249,77.78125,2014.0,-0.3456123126707333,4.727359555545263e-05,-6.98,-37.3,-3.4072022438049316,-12.803688049316406
37.90111111,40.20361111,674.46875,2010.0,0.6994583270516471,0.0,-4.694803351,-24.69261293,-6.395002841949463,-40.764991760253906
51.6,-1.1,55.042969,2011.0,-0.2135209154397959,2.403211510682013e-05,-4.98,-34.4,-6.1323723793029785,-38.307167053222656
4.05,114.81,27.053711,2008.0,-0.12020804489935275,0.0003469480143394,-7.4,-51.99,-7.269571781158447,-50.926246643066406
47.81666667,13.71777778,1616.0625,2022.0,-0.9634705485641486,0.0001521130470791,-7.273,-42.67,-8.591412544250488,-59.93035125732422
50.3381,7.6,86.441406,2010.0,-0.9587178169872964,0.0,-7.1,-48.98,-6.633847713470459,-43.498268127441406
-40.68,144.69,82.167969,1988.0,-0.9634705485641486,1.6379717635572888e-05,-1.21,-4.6,-3.817221164703369,-16.640846252441406
2.933333333,9.9,0.0,1994.0,-0.7469720876965551,0.0001499531208537,-1.05,2.5,-3.4120545387268066,-12.849098205566406
-0.8968,-89.609,13.19873,2015.0,-0.680773409477016,2.9909784643677995e-05,-0.24,5.9,-1.6264100074768066,3.8618392944335938
36.15,-5.35,1.5737915,1974.0,0.9760105506323683,0.0001888966216938,-6.8,-39.8,-4.541426181793213,-23.418312072753906
-27.43,153.08,5.7802734,1986.0,0.741222010848596,5.639145092573017e-05,-3.18,-12.8,-3.1839966773986816,-10.714820861816406
41.38333333,12.91666667,0.0,2001.0,0.9760105506323683,5.2383082220330834e-05,-2.52,-31.39,-5.424543857574463,-31.682960510253906
51.93,-10.25,33.068359,1989.0,0.741222010848596,0.0,-3.0,-17.2,-5.400282382965088,-31.455909729003906
46.17378583,8.788556051,407.5,2020.0,0.6994583270516471,0.000332413095748,-12.6,-90.85,-11.112760543823242,-80.7438735961914
36.88,30.7,0.0,2013.0,0.6994583270516471,0.0,-3.91,-15.7,-4.97085428237915,-27.437110900878906
45.6,13.93333333,486.53125,2001.0,-0.9741004551724206,0.0,-4.87,-28.79,-8.781368255615234,-61.21649932861328
38.28,21.79,113.0625,2021.0,0.9510565162951535,0.0,-5.52,-30.2,-5.06790018081665,-28.345314025878906
62.08,129.75,94.992188,1999.0,0.29671281927349075,0.0,-16.5,-130.8,-12.693452835083008,-93.9834976196289
47.37233597,8.083138245,397.48438,2009.0,-0.7236440382959123,4.986542262486182e-05,-12.77,-93.77242935,-11.56804084777832,-84.5572280883789
-46.88,37.87,0.0,1975.0,-0.2884824328806098,1.2281043382245116e-05,-7.72,-57.0,-5.828222751617432,-37.775733947753906
24.91,91.84533333,16.452148,2017.0,-0.9741004551724206,0.0,-9.4,-63.9,-7.687219619750977,-56.884864807128906
18.21,-67.14,17.163086,2015.0,-0.7236440382959123,0.0002149600477423,-1.5,0.6,-3.298025608062744,-11.781959533691406
-0.743055556,-90.30222222,1.7120972,2014.0,-0.8263541987239094,1.881140747173049e-06,-0.679498664,2.05686392,-2.036428928375244,0.02468109130859375
46.17378583,8.788556051,407.5,1983.0,-0.7236440382959123,0.0,-6.02,-33.2,-11.657562255859375,-85.30704498291016
36.88,30.7,0.0,1986.0,0.6994583270516471,0.0,-6.47,-36.8,-5.042425632476807,-28.106910705566406
49.7478,6.6581,259.26562,2000.0,-0.7116566222817751,7.087580888764933e-05,-9.65,-66.6,-9.308265686035156,-65.62970733642578
46.98141401,6.607999655,1046.0625,1995.0,0.741222010848596,2.7606680305325423e-05,-10.39,-70.8,-9.34023666381836,-65.89749908447266
49.0392,8.365,112.44141,1996.0,-0.27195815753410524,0.0,-9.67,-67.95,-10.419609069824219,-74.93814849853516
-22.9,-43.17,0.0,1985.0,0.9760105506323683,3.0259876439231448e-05,-1.5,-8.0,-4.540213108062744,-23.406959533691406
54.61666667,39.71666667,135.66406,1983.0,-0.7236440382959123,0.0,-14.2,-90.0,-12.89295768737793,-95.6545181274414
62.89179444,27.62542222,94.585938,2013.0,0.9510565162951535,0.0,-17.5,-129.8,-14.509458541870117,-109.1940689086914
-35.07,173.28,71.449219,1976.0,0.6994583270516471,1.3692349966731854e-05,-1.69,-2.6,-4.827711582183838,-26.097511291503906
-22.94916667,-46.54916667,855.53125,1997.0,0.19667288979357647,0.0,-4.24,-18.39,-4.722174167633057,-25.109840393066406
37.1644591,-5.611393166,86.394531,2014.0,0.9760105506323683,0.0,-6.42,-39.6,-4.686995029449463,-24.780616760253906
48.8281,9.2,313.79688,2011.0,-0.9587178169872964,0.0,-6.79,-46.3,-7.027462959289551,-48.03287124633789
47.833185,1.940433,113.78516,2000.0,0.9562348265919056,0.0001044991804519,-7.5,-52.2,-7.963191986083984,-54.501007080078125
51.01666667,-114.0166667,1033.25,1998.0,0.9510565162951535,0.0,-25.8,-197.4,-19.32826805114746,-149.55563354492188
43.365884,-8.421399,56.794922,2012.0,0.6994583270516471,3.6967903724871576e-05,-0.77,2.2,-5.714468479156494,-34.396217346191406
35.87083333,-106.2183333,1944.375,1992.0,-0.4635502709028512,0.0,-9.8,-63.5,-7.765670299530029,-58.004127502441406
47.8747,8.0036,1487.3125,1983.0,-0.680773409477016,0.0,-7.3,-45.6,-8.13361644744873,-55.791038513183594
47.47051111,21.49041944,105.30859,2005.0,-0.27195815753410524,6.559469056810485e-06,-9.7,-68.94,-12.48371696472168,-92.2267837524414
46.60305556,13.67138889,2148.125,2001.0,0.9634705485641488,0.0,-10.68,-69.3,-11.294361114501953,-82.26493072509766
43.78,87.62,900.71875,1996.0,0.2386727660059501,0.0,-23.08,-184.9,-16.647741317749023,-127.1039810180664
23.13,113.32,6.8730469,1986.0,-0.680773409477016,0.0004138451186008,-4.65,-27.7,-8.032312393188477,-61.808326721191406
28.276976,84.30961,2101.5,2016.0,-0.9988797155850335,0.0,-10.76757731,-77.40336904,-8.675334930419922,-70.9823989868164
-0.37,-78.55,3064.0,1984.0,0.7295575540864875,0.0,-9.9,-66.6,-9.638509750366211,-84.7240982055664
12.13,15.03,294.5,1978.0,-0.680773409477016,9.011659858515486e-05,-5.12,-31.0,-5.922510623931885,-36.343177795410156
-7.66,-72.65,174.50781,1989.0,-0.8543221697498269,0.0,-1.82,-3.2,-4.113211154937744,-19.410865783691406
49.7703,9.9578,265.90625,1999.0,0.2386727660059501,0.0,-7.93,-55.8,-10.120351791381836,-72.4316177368164
45.80666667,15.97,120.36328,1991.0,0.29671281927349075,1.2210538443468977e-05,-4.74,-42.0,-7.087956428527832,-48.335121154785156
41.818399,46.266606,0.0,2017.0,0.2386727660059501,0.0,-19.22,-141.0,-13.025960922241211,-96.7685317993164
48.545,13.3528,478.40625,2003.0,-0.7236440382959123,0.0,-14.87,-109.9,-11.913337707519531,-87.44937896728516
46.17378583,8.788556051,407.5,2010.0,0.9760105506323683,1.0968281458190177e-05,-7.81,-51.77484093,-9.818536758422852,-69.9036636352539
-23.8,133.88,544.75,1975.0,-0.9741004551724206,0.0,-3.6,-29.9,-1.1897034645080566,7.948753356933594
51.93,-10.25,33.068359,1986.0,-0.680773409477016,1.7069802424884983e-06,-6.84,-46.2,-4.748861789703369,-25.359596252441406
43.57,3.95,12.96875,1998.0,-0.7236440382959123,8.230269304476678e-05,-3.34,-18.5,-6.300079822540283,-39.87665557861328
46.98141401,6.607999655,1046.0625,2020.0,-0.970063921851507,0.0001246169267687,-10.9,-74.33,-9.47323989868164,-67.01151275634766
24.91,91.84533333,16.452148,2020.0,-0.9634705485641486,0.0,-6.42,-35.2,-7.49494743347168,-54.141700744628906
2.883333333,101.7833306,55.289062,2008.0,0.9562348265919056,0.0,-7.93,-49.44,-5.179502964019775,-29.389747619628906
48.36,-4.57,68.214844,1998.0,-0.2884824328806098,0.0001186918452731,-5.3,-34.3,-7.08517599105835,-46.925506591796875
-31.95,115.78,12.910645,1988.0,0.9721181966290613,7.790080417180434e-05,-4.34,-21.2,-4.164160251617432,-19.887672424316406
45.32,-75.67,112.08594,2010.0,-0.2884824328806098,0.0,-10.39740806,-69.63,-10.553825378417969,-99.34455108642578
12.05,8.53,464.20312,1961.0,-0.2135209154397959,9.486119233770296e-05,-5.4,-25.5,-4.651815891265869,-24.451393127441406
-30.08,-51.18,244.72656,1973.0,0.9760105506323683,0.0001925518154166,-6.08,-35.1,-6.0838494300842285,-37.853065490722656
-35.07,173.28,71.449219,1990.0,-0.7236440382959123,2.183495780627709e-05,-4.35,-27.5,-3.6012940406799316,-14.620094299316406
-33.11011944,-64.24918333,408.09375,2011.0,0.9760105506323683,0.0,-5.3,-27.0,-6.303415775299072,-39.907875061035156
52.16666667,0.25,32.667969,1981.0,-0.9587178169872964,1.2152446288382636e-05,-4.9,-30.0,-6.301899433135986,-39.89368438720703
12.69325,-7.995494444,382.5625,1963.0,-0.2135209154397959,5.608688297797926e-05,-5.6,-36.6,-6.282490253448486,-39.71204376220703
46.72738634,8.186782163,600.90625,1988.0,-0.9634705485641486,0.0002999682037625,-10.36,-72.8,-9.805747985839844,-69.79654693603516
41.67805556,26.55916667,95.183594,2010.0,0.9760105506323683,3.5749300877796486e-05,-7.555144847,-52.9073056,-7.55681848526001,-50.847373962402344
14.52,121.0,3.6977539,1964.0,-0.27195815753410524,4.349159280536696e-05,-7.2,-42.2,-4.458937168121338,-22.646339416503906
46.49722222,28.3,150.79688,2009.0,-0.2135209154397959,0.0,-1.63,-21.82,-6.703578472137451,-43.652793884277344
22.31666667,114.1666667,34.056641,2018.0,0.741222010848596,0.0,-3.56,-16.8,-4.011312961578369,-18.457252502441406
47.81666667,13.71777778,1616.0625,2020.0,0.6680638642135335,0.0001818455057218,-6.865,-43.19,-9.26478385925293,-65.26551055908203
49.0422,12.1019,370.21875,2011.0,0.9510565162951535,6.8581525738409255e-06,-9.22,-64.89,-10.447744369506836,-75.1738052368164
28.2,113.0666667,44.691406,1991.0,0.741222010848596,0.0,-0.34,5.9,-3.5527710914611816,-14.165992736816406
46.64833333,14.31833333,448.71875,1991.0,-0.7236440382959123,0.0,-15.27,-111.8,-12.882726669311523,-95.5688247680664
48.545,13.3528,478.40625,2002.0,-0.9741004551724206,0.0,-11.89,-83.0,-9.418249130249023,-66.55091094970703
51.77,-104.2,553.34375,1982.0,0.29671281927349075,4.4970973249292e-05,-11.4,-97.0,-12.243288040161133,-90.2129898071289
41.38,2.12,59.777344,1991.0,-0.7236440382959123,0.0001370687969028,-5.6,-32.3,-5.679895877838135,-34.072669982910156
49.0422,12.1019,370.21875,2012.0,-0.9634705485641486,0.0001351222599623,-5.99,-40.1,-8.474349021911621,-59.20197296142578
51.67,-110.2,697.40625,1999.0,-0.2884824328806098,0.0,-27.11,-214.7,-21.11564064025879,-193.89169311523438
41.65,41.63333333,9.3139648,1982.0,0.6994583270516471,4.15198810514994e-05,-13.1,-99.0,-10.514245986938477,-75.7308120727539
4.365694444,18.58725,381.14062,2014.0,-0.9587178169872964,0.0002780977229122,-4.75,-25.6,-4.135046482086182,-19.615211486816406
50.06166667,19.84861111,356.8125,2007.0,-0.9741004551724206,0.0,-10.76,-72.3,-9.108414649963379,-64.63936614990234
55.67,12.3,26.070312,1970.0,0.2386727660059501,2.179537659685593e-05,-10.96,-75.8,-10.956737518310547,-79.43704986572266
22.31666667,114.1666667,34.056641,2001.0,0.741222010848596,0.0001502154336776,-5.88,-36.8,-4.200552463531494,-20.228248596191406
39.48056611,-0.366386255,14.827637,2006.0,0.741222010848596,8.489700121572241e-05,-1.7,-4.89,-4.81558084487915,-25.983985900878906
47.37233597,8.083138245,397.48438,2004.0,-0.6932812268869771,0.0,-4.89,-31.0937917,-6.240335941314697,-39.317543029785156
38.98916547,-3.920273851,626.8125,2000.0,-0.7116566222817751,0.0,-6.23,-39.1,-6.76245641708374,-43.96550369262695
46.98141401,6.607999655,1046.0625,1995.0,-0.2135209154397959,0.0,-5.97,-42.8,-7.741303443908691,-52.492191314697266
32.2361,-110.9439,753.21875,2010.0,-0.9741004551724206,0.0,-4.805687316,-31.83471612,-6.981384754180908,-46.970497131347656
23.64,88.85,18.375977,2016.0,0.6994583270516471,0.0,-1.97,1.2,-2.186850070953369,-1.3830337524414062
-65.07944444,-63.9775,286.6875,2006.0,0.6994583270516471,9.706450833214651e-07,-5.93,-48.32,-9.039926528930664,-76.1840591430664
49.19472222,-123.0172222,1.3475342,2021.0,-0.2884824328806098,0.0001138078805524,-12.49,-86.0,-10.165571212768555,-72.9863510131836
-23.8,133.88,544.75,2006.0,-0.680773409477016,0.0,1.22,13.0,-3.103933811187744,-9.965553283691406
39.91055556,41.27555556,1890.5625,2017.0,0.741222010848596,0.0,-9.93,-66.9,-5.8927903175354,-36.065040588378906
22.31666667,114.1666667,34.056641,2016.0,-0.7116566222817751,5.3206851589493454e-05,-6.19,-37.6,-4.604506015777588,-24.008644104003906
-1.63366,29.1506,1523.6875,2015.0,0.6994583270516471,4.213631837046705e-05,1.779,30.22,-2.138327121734619,-0.9289321899414062
50.92,5.78,111.17188,1995.0,0.4171936026123168,6.540697540913243e-06,-10.22,-62.3,-6.866888523101807,-45.181129455566406
6.9506,79.8795,3.7172852,2014.0,0.29671281927349075,6.03025036980398e-05,-2.45,-8.5,-2.744863986968994,-6.605201721191406
28.276976,84.30961,2101.5,2017.0,-0.04302223300453034,0.0004391755501274,-9.810319175,-66.27556381,-7.4232988357543945,-53.119483947753906
38.43055556,27.15111111,13.000488,2015.0,0.29671281927349075,0.0,-4.67,-27.7,-4.355825901031494,-21.681373596191406
0.05,32.45,1135.4375,2003.0,-0.9587178169872964,0.0,-2.36,-5.6,-1.8253540992736816,2.0000228881835938
51.57,4.93,17.209961,1983.0,0.2386727660059501,5.331750799086876e-05,-6.13,-38.5,-8.324808120727539,-57.392433166503906
12.13,15.03,294.5,1975.0,-0.680773409477016,0.0,-5.31,-30.0,-5.9479851722717285,-36.581581115722656
35.68,139.77,22.099609,1969.0,-0.9587178169872964,0.0,-6.42,-40.1,-6.866888523101807,-45.181129455566406
-35.07,173.28,71.449219,1973.0,-0.9587178169872964,4.565997369354591e-05,-4.33,-21.0,-3.6449646949768066,-15.028785705566406
-20.299175,57.47873889,391.1875,2014.0,0.6994583270516471,2.7297752239974216e-05,-9.62,-69.0,-3.2422242164611816,-11.259742736816406
47.6772,9.19,442.90625,1993.0,-0.7236440382959123,0.0002494200598448,-12.68,-102.5,-12.087265014648438,-88.90616607666016
51.35,12.43,125.46484,1995.0,0.6994583270516471,5.41006056664628e-06,-9.79,-66.8,-10.030830383300781,-71.68180084228516
47.42692898,9.400776879,758.46875,2009.0,0.2386727660059501,0.0,-14.44835385,-110.2634755,-12.770185470581055,-94.6261978149414
44.13333333,6.333333333,881.625,2001.0,-0.994217906893952,0.0,-6.52,-43.1,-7.038816452026367,-48.2447509765625
34.01937778,-6.838286111,18.375977,2002.0,-0.3697245428906732,3.595104499254376e-05,-4.91,-21.6,-4.99026346206665,-27.618751525878906
-20.04277778,57.66694444,26.814453,1994.0,-0.680773409477016,3.280071905464865e-05,-0.65,2.1,-2.3930726051330566,-3.3129653930664062
47.81666667,13.71777778,1616.0625,2002.0,0.3375228995941133,0.0001913794549182,-7.77,-58.3,-11.27389907836914,-82.09354400634766
54.35333333,-6.648333333,61.966797,2013.0,-0.2884824328806098,0.0,-10.07,-69.84,-7.787680149078369,-52.893531799316406
42.025,35.15833333,61.443359,2022.0,-0.680773409477016,0.0,-6.29,-27.6,-5.391790866851807,-31.376441955566406
37.1644591,-5.611393166,86.394531,2001.0,-0.7236440382959123,0.0,-6.64,-42.9,-5.055769443511963,-28.231788635253906
4.05,114.81,27.053711,2009.0,0.03442161162274574,6.402434519259259e-05,-10.65,-73.72,-7.6922078132629395,-56.956031799316406
32.53,35.85,648.125,2002.0,0.2386727660059501,0.0,-7.7,-36.0,-5.081243991851807,-28.470191955566406
42.58834633,-5.651107617,911.78125,2015.0,0.9510565162951535,2.506247255951166e-05,-5.85,-46.4,-8.707193374633789,-60.59522247314453
43.365884,-8.421399,56.794922,2001.0,0.2386727660059501,1.3896792552259283e-05,-5.85,-44.1,-5.716288089752197,-34.413246154785156
-21.2,-159.8,7.8220215,1988.0,0.2386727660059501,1.1920258657482918e-05,-4.98,-29.5,-3.836630344390869,-16.822486877441406
44.18900278,10.47625833,1371.25,1993.0,-0.2135209154397959,0.0,-4.22,-19.9,-5.4463791847229,-31.887306213378906
21.03,105.84,12.522461,2019.0,-0.680773409477016,0.0,-13.86,-102.4,-7.942524433135986,-60.527320861816406
42.11666667,44.96666667,1107.4375,2016.0,0.9721181966290613,0.0,-7.09,-44.2,-8.633403778076172,-59.61688995361328
-6.18,106.83,5.1230469,1964.0,-0.27195815753410524,0.0001178460515802,-7.3,-44.0,-5.525228977203369,-32.625221252441406
-20.04277778,57.66694444,26.814453,1992.0,0.9562348265919056,9.50923731579678e-06,-4.07,-22.0,-3.322287082672119,-12.009010314941406
34.91313571,33.40214238,333.67188,2020.0,0.6994583270516471,0.0,-3.52,-15.7,-5.130980014801025,-28.935646057128906
47.81666667,13.71777778,1616.0625,2019.0,-0.8311706263658079,0.0,-13.148,-92.92,-10.910697937011719,-79.05142974853516
49.82,-74.97,386.4375,2001.0,-0.9741004551724206,2.760024472081568e-05,-13.89,-95.9,-13.604013442993164,-101.6102066040039
47.8008,11.0108,974.96875,2004.0,0.2386727660059501,5.402926035458222e-05,-15.04,-112.45,-12.166555404663086,-89.5702896118164
41.05916667,-100.7463889,918.34375,1998.0,0.6551563572090853,0.0,-4.3,-28.0,-10.972084045410156,-79.56558990478516
13.73,100.5,5.7392578,1984.0,-0.23030567023061196,0.0,-8.22,-56.3,-6.5059990882873535,-41.803749084472656
-36.6395,-72.09198611,118.87109,1991.0,-0.680773409477016,0.0002043109270744,-7.5,-48.0,-5.32021951675415,-30.706642150878906
-52.2065,-58.8508,5.151123,2016.0,0.6994583270516471,0.0,-11.27443085,-77.04536,-7.505527496337891,-55.001976013183594
47.07777778,15.44888889,370.03125,2002.0,0.29671281927349075,2.737569229793735e-05,-4.02,-25.5,-7.333998680114746,-49.09356689453125
55.01,73.38,112.85156,1990.0,-0.2135209154397959,0.0,-13.1,-91.0,-9.890153884887695,-70.5035171508789
-22.399288,-47.543743,626.78125,2017.0,-0.9741004551724206,0.0,-2.45,-6.7,-2.3057312965393066,-2.4955825805664062
46.17378583,8.788556051,407.5,1984.0,-0.6932812268869771,0.0001045250464812,-7.47,-46.7,-6.282186985015869,-39.709205627441406
-33.95833333,18.46111111,109.49609,2008.0,-0.7116566222817751,0.0,-3.61,-16.0,-3.021444797515869,-9.193580627441406
63.52,-116.0,238.64844,1997.0,-0.2884824328806098,0.0,-22.1,-172.4,-22.14769172668457,-203.58322143554688
22.06538333,-80.48231667,32.125,2018.0,0.6994583270516471,0.0,-0.72,8.3,-2.4755616188049316,-4.084938049316406
47.8008,11.0108,974.96875,1981.0,-0.9741004551724206,9.589792171027511e-05,-12.79,-92.0,-9.76738166809082,-69.4751968383789
39.55339029,2.625298143,5.3820801,2017.0,-0.9587178169872964,2.127079824276734e-05,-4.3,-17.5,-4.491690158843994,-22.952857971191406
33.43005278,43.29637778,50.814453,2024.0,0.6486295610349814,0.0,-0.42,6.76,-3.671652317047119,-15.278541564941406
42.7728,-0.33149,1302.3125,2015.0,-0.9587178169872964,0.0,-5.89,-35.2,-6.967679977416992,-46.02534484863281
48.545,13.3528,478.40625,2006.0,-0.7236440382959123,0.0,-9.6,-62.0,-11.662677764892578,-85.34989166259766
-46.42,168.32,-0.90939331,2008.0,0.7295575540864875,0.0,-7.43,-48.7,-6.866888523101807,-45.181129455566406
10.00036389,-84.10913333,1157.3125,2017.0,-0.24702218048093527,0.0002054661454167,-5.21456152,-29.1903868,-6.323751926422119,-42.430946350097656
43.9,125.2166667,230.54688,2001.0,0.6994583270516471,0.0,-16.93,-92.0,-14.836851119995117,-111.9362564086914
43.365884,-8.421399,56.794922,2020.0,0.9721181966290613,1.9640363461803645e-05,-4.7,-33.1,-4.879873752593994,-26.585670471191406
-34.05,115.0249,77.78125,2018.0,-0.04302223300453034,9.53392154769972e-05,-4.82,-17.3,-3.3247132301330566,-12.031715393066406
6.116666667,81.13333333,0.0,1985.0,-0.9587178169872964,0.0,-3.67,-16.7,-4.234518527984619,-20.546119689941406
36.15,-5.35,1.5737915,2012.0,-0.7116566222817751,0.0,-3.0,-10.2,-5.00967264175415,-27.800392150878906
22.2,92.2,144.05469,2019.0,-0.2135209154397959,0.0,-4.95,-33.6,-6.20879602432251,-39.022377014160156
-37.82,144.97,6.1674805,2006.0,0.741222010848596,0.0,-4.84,-24.4,-5.143110752105713,-29.049171447753906
0.31524,9.44157,0.0,2018.0,-0.2884824328806098,6.400859274435788e-05,-2.6,-7.5,-2.1213440895080566,-0.7699966430664062
-33.95833333,18.46111111,109.49609,2001.0,0.8263541987239096,1.0095747711602598e-05,-4.42,-12.0,-3.249502658843994,-11.327857971191406
50.12,-104.42,580.5,2006.0,-0.7236440382959123,0.0,-21.02,-160.1,-18.520017623901367,-142.78585815429688
48.22,11.59,494.59375,1990.0,-0.2884824328806098,0.0,-9.01,-64.2,-12.406984329223633,-91.5840835571289
47.8747,8.0036,1487.3125,1983.0,-0.7236440382959123,0.0,-8.93,-58.2,-12.187017440795898,-89.7416763305664
38.28,21.79,113.0625,2020.0,0.2802306751992159,0.0,3.79,36.3,-4.443167209625244,-22.498756408691406
-5.8,-35.2,40.765625,1969.0,-0.9587178169872964,6.639757339144126e-05,-0.81,7.3,-1.5342164039611816,4.724632263183594
28.50444444,-16.30333333,570.6875,2009.0,0.47873384011578846,1.3194129678595344e-05,-1.59,3.51,-3.535788059234619,-14.007057189941406
-0.166666667,-78.48333333,2781.625,2010.0,-0.2135209154397959,0.0,-14.815344,-107.2478451,-8.093076705932617,-62.675270080566406
28.2,113.0666667,44.691406,1989.0,-0.9741004551724206,0.0004477243637666,-6.61,-45.8,-6.734360218048096,-43.94086456298828
43.587,13.51533333,153.78906,2022.0,-0.680773409477016,8.98286234587431e-05,-0.61,-1.3,-4.851973056793213,-26.324562072753906
30.74527778,78.44666667,1425.0625,2006.0,0.9760105506323683,2.703139034565538e-05,-2.5,-19.3,-2.8783020973205566,-7.853981018066406
35.91888889,-106.6013889,2593.25,1991.0,-0.4482293417404106,0.0,-11.86,-79.2,-7.759775161743164,-57.920021057128906
50.3381,7.6,86.441406,2010.0,-0.9741004551724206,0.0,-8.43,-66.82,-7.65498161315918,-53.69866943359375
39.28333333,-7.416666667,492.75,2000.0,-0.6932812268869771,0.0,-2.82,-14.8,-4.023443698883057,-18.570777893066406
6.906666667,79.87,14.911133,1993.0,0.9760105506323683,3.049893166462425e-05,-5.0,-20.0,-4.067114353179932,-18.979469299316406
40.7930564,-4.010553289,1892.5,2019.0,-0.9587178169872964,0.0,-6.35,-37.2,-8.096529006958008,-55.48040008544922
40.41195035,-3.67806112,671.09375,2019.0,-0.7236440382959123,0.0,-6.84,-42.9,-8.754510879516602,-60.991554260253906
30.72916667,78.44666667,1121.375,2006.0,0.9510565162951535,0.0,-4.2,-19.1,-0.8888611793518066,10.764183044433594
48.4042,2.6965,79.179688,2020.0,0.2802306751992159,0.0,-3.04,-23.6,-6.311604022979736,-39.98450469970703
36.846389,-2.356942,16.541016,2006.0,0.2386727660059501,0.0,-9.59,-66.67,-5.3299241065979,-30.797462463378906
-40.35,-9.88,37.345703,1963.0,0.741222010848596,0.0,-3.8,-20.5,-4.600866794586182,-23.974586486816406
41.78,-87.75,186.0,1964.0,0.9721181966290613,7.164886483224109e-05,-4.4,-29.2,-6.866888523101807,-45.181129455566406
-45.35,-72.07,583.1875,1991.0,0.2386727660059501,0.0,-9.8,-72.0,-9.955940246582031,-89.2529067993164
38.01666667,-7.866666667,279.60938,1989.0,0.29671281927349075,0.0,-2.27,-10.1,-3.9943299293518066,-18.298316955566406
55.7,37.51666667,199.46875,2017.0,0.9760105506323683,0.0,-9.8,-68.3,-13.194772720336914,-98.1824722290039
53.23,6.55,7.7121582,2002.0,-0.9587178169872964,4.597131919581443e-06,-7.673,-48.39881229,-6.5157036781311035,-41.894569396972656
72.58,-38.4799,3202.0,2012.0,-0.5160623910158526,4.640975021175109e-05,-21.52392426,-158.5544404,-24.044767379760742,-189.06027221679688
13.52,2.09,210.4375,2012.0,-0.9634705485641486,0.0,-5.19,-33.33,-4.091375827789307,-19.206520080566406
-27.17,-109.43,140.28906,1990.0,-0.9741004551724206,1.893964281407534e-06,-2.8,-15.0,-2.909842014312744,-8.149147033691406
-0.841111111,29.94194444,1574.5,2004.0,-0.23030567023061196,0.0,-0.56,8.3,-2.249929904937744,-1.9733657836914062
-65.07944444,-63.9775,286.6875,2004.0,0.9562348265919056,3.067615479165509e-06,-8.34,-66.2,-9.334916114807129,-82.16300964355469
40.40725278,-3.686133333,653.5,2002.0,-0.9510565162951536,0.0,-2.9,-12.8,-5.403921604156494,-31.489967346191406
53.23,6.55,7.7121582,1970.0,0.741222010848596,4.444434307515621e-05,-6.95,-45.4,-6.866888523101807,-45.181129455566406
78.91666667,11.93333333,38.650391,2021.0,0.6994583270516471,2.949628651549574e-05,-10.62,-72.4,-11.647331237792969,-85.22135162353516
42.58834633,-5.651107617,911.78125,2014.0,-0.680773409477016,0.0,-4.95,-43.7,-5.737122535705566,-36.047279357910156
10.30944444,-84.8075,1486.125,2004.0,-0.37770796520396466,0.0,-9.8,-68.0,-5.239372253417969,-30.28559112548828
47.37233597,8.083138245,397.48438,2009.0,0.9760105506323683,0.0,-9.92,-73.29802007,-10.327529907226562,-74.16690826416016
26.08333333,119.2833333,13.927246,1990.0,0.29671281927349075,0.0,-5.66,-35.4,-6.866888523101807,-45.181129455566406
34.71666667,10.68333333,23.232422,2016.0,-0.7116566222817751,0.0,-5.17,-26.0,-5.02908182144165,-27.982032775878906
0.31524,9.44157,0.0,2018.0,0.9760105506323683,2.939952537417412e-05,-2.57,-7.5,-2.6502442359924316,-5.719703674316406
30.337547,36.146185,871.375,1967.0,-0.9741004551724206,0.0,3.51,18.4,-3.3877930641174316,-12.622047424316406
28.276976,84.30961,2101.5,2017.0,0.7856498550787147,0.0,1.073467936,18.8097407,0.12526845932006836,20.254905700683594
31.2,35.75,989.09375,1967.0,-0.2884824328806098,0.0001386058283969,-4.23,-12.6,-4.178717136383057,-20.023902893066406
-3.12,-60.02,49.394531,1989.0,-0.9587178169872964,0.0,-1.11,7.7,-2.424612522125244,-3.6081314086914062
7.133333333,-73.18333333,1180.3125,2005.0,-0.9587178169872964,0.0,-6.36,-40.78,-8.45831298828125,-68.2969741821289
45.32,-75.67,112.08594,1973.0,0.2386727660059501,6.539201422128826e-05,-15.27,-100.2,-15.517087936401367,-116.3619155883789
-22.94805556,17.1525,1690.0,1974.0,-0.7236440382959123,3.5610235045169247e-06,-0.47,10.8,-2.327566623687744,-2.6999282836914062
22.31666667,114.1666667,34.056641,2017.0,0.6994583270516471,0.0002721949713304,-2.92,-11.3,-4.600866794586182,-23.974586486816406
36.88,30.7,0.0,2022.0,0.29671281927349075,0.0,-2.01,-10.5,-4.246649265289307,-20.659645080566406
-65.07944444,-63.9775,286.6875,1965.0,-0.9741004551724206,5.078582708611111e-06,-10.6,-69.3,-9.106742858886719,-90.95856475830078
51.3744,11.2919,162.88281,2009.0,-0.9741004551724206,1.2010152204311453e-05,-9.73,-67.2,-8.184918403625488,-58.078773498535156
52.2914,10.4464,80.6875,1997.0,0.9760105506323683,0.0,-6.56,-46.1,-8.580583572387695,-59.534767150878906
-53.0,-70.833333,32.589844,1996.0,0.7295575540864875,0.0,-12.23,-92.4,-8.497573852539062,-68.4462661743164
51.77,-104.2,553.34375,1977.0,-0.2135209154397959,0.0001832290145102,-13.1,-112.0,-14.049062728881836,-105.3378677368164
48.22,11.59,494.59375,1993.0,0.2386727660059501,0.0,-7.61,-54.2,-12.48371696472168,-92.2267837524414
13.55,144.83,113.0,1963.0,0.29671281927349075,7.673596701351926e-05,-6.0,-39.7,-4.432249546051025,-22.396583557128906
38.03333333,114.4166667,86.800781,2002.0,-0.2135209154397959,0.0,-7.04,-48.5,-7.913502216339111,-60.113258361816406
-37.82,144.97,6.1674805,1979.0,0.6994583270516471,0.0,-5.59,-33.4,-5.073965549468994,-28.402076721191406
48.24861111,16.35638889,200.63281,1978.0,-0.7236440382959123,4.2497260437812656e-05,-18.75,-124.1,-11.11020278930664,-80.72245025634766
52.1,5.18,1.7967529,2004.0,-0.7856498550787144,3.647327685030177e-05,-4.04,-20.99,-5.622274875640869,-33.533424377441406
49.1823,-119.559,334.40625,2009.0,-0.9338372288229252,1.1044141501770357e-05,-13.5,-112.29,-12.175529479980469,-91.0092544555664
13.73,100.5,5.7392578,1998.0,-0.680773409477016,5.455127393361181e-05,-8.47,-57.9,-6.361340045928955,-40.44995880126953
5.383333333,103.1,10.330566,1998.0,-0.680773409477016,5.486047302838415e-05,-7.94,-52.4,-6.291588306427002,-39.79718780517578
22.31666667,114.1666667,34.056641,1997.0,0.6994583270516471,0.0,-3.6,-13.5,-2.875875949859619,-7.831275939941406
14.06166667,-3.075,259.0625,1997.0,-0.9741004551724206,0.0,0.65,7.3,-2.4707093238830566,-4.039527893066406
4.05,114.81,27.053711,2008.0,-0.19667288979357622,6.911548553034663e-05,-8.77,-60.32,-7.123100280761719,-48.836524963378906
-16.27083333,-69.29166667,3849.375,2000.0,0.6994583270516471,6.397922697942704e-05,-15.58,-110.7,-11.655553817749023,-113.5014419555664
42.85,-80.27,228.9375,1977.0,-0.9587178169872964,0.0,-6.5,-41.0,-7.575100421905518,-50.95311737060547
4.05,114.81,27.053711,2007.0,0.3777079652039649,9.39124365686439e-05,-8.66,-51.66,-7.0723114013671875,-48.111915588378906
64.13,-21.93,12.141602,2020.0,0.2386727660059501,3.4671975299716e-05,-10.28,-69.6,-9.423364639282227,-66.59375762939453
46.60305556,13.67138889,2148.125,1976.0,-0.6932812268869771,2.481210503901821e-05,-11.33,-79.0,-7.479790687561035,-50.314697265625
1.6,103.6666667,43.185547,2014.0,-0.7236440382959123,4.53672582807485e-05,-8.2,-54.3,-6.791726589202881,-48.649085998535156
-1.68218,29.22716,1527.1875,2019.0,-0.7236440382959123,1.2247876838955564e-05,-8.51,-52.8,-2.773977756500244,-6.877662658691406
47.59583333,7.594444444,248.26562,1986.0,0.9510565162951535,0.0,-8.9,-65.9,-9.951539993286133,-71.0176773071289
-23.8,133.88,544.75,1964.0,-0.9634705485641486,0.0,-0.3,4.4,-1.1702942848205566,8.130393981933594
42.025,35.15833333,61.443359,2013.0,0.9510565162951535,1.7140198451670583e-06,-7.95,-52.26,-8.81845474243164,-61.527137756347656
20.03333333,110.35,20.03418,1988.0,-0.970063921851507,0.0,-5.05,-28.7,-5.594374179840088,-33.272315979003906
15.48333333,44.21666667,2188.5,1977.0,0.994217906893952,0.0,3.17,35.5,-1.5827393531799316,4.270530700683594
18.37583333,-65.73277778,2.0092773,2006.0,0.6152845999633276,0.0004037786857225,-1.42,4.1,-2.7278809547424316,-6.446266174316406
42.11666667,44.96666667,1107.4375,2018.0,0.741222010848596,0.0001513597962912,-8.38,-59.4,-6.196665287017822,-38.908851623535156
41.02444444,40.52,10.936523,2021.0,0.29671281927349075,0.0,-5.96,-36.3,-5.554342746734619,-32.897682189941406
36.846389,-2.356942,16.541016,2000.0,-0.970063921851507,9.014804527396336e-05,-7.15,-44.9,-4.665159702301025,-24.576271057128906
51.93,-10.25,33.068359,1978.0,0.9510565162951535,7.157783784350613e-06,-3.43,-25.1,-6.0113115310668945,-37.645835876464844
-15.85,-47.93,1012.8125,1989.0,0.04302223300453059,0.0,-2.34,-6.2,-4.329138278961182,-21.431617736816406
46.89,7.49,659.34375,2015.0,0.6994583270516471,0.0,-17.15,-132.2,-13.471010208129883,-100.4961929321289
54.6789,13.4342,38.980469,2004.0,0.9562348265919056,0.0,-5.21,-35.9,-9.060163497924805,-63.55164337158203
48.8281,9.2,313.79688,2000.0,-0.6932812268869771,0.0,-5.19,-37.4,-6.17968225479126,-38.749916076660156
78.91666667,11.93333333,38.650391,2013.0,-0.2135209154397959,6.575117367901839e-06,-9.76,-72.8,-11.690813064575195,-85.5855484008789
-34.05,115.0249,77.78125,2015.0,-0.9536809966304455,1.6261456039501354e-06,-3.24,-12.3,-2.9656434059143066,-8.671363830566406
43.73238889,7.423583333,8.8959961,2018.0,-0.2135209154397959,0.0,-2.59,-17.0,-3.7371582984924316,-15.891578674316406
51.83,6.25,9.5,1997.0,-0.680773409477016,0.0,-5.0,-33.0,-6.508425235748291,-41.826454162597656
32.97,35.5,816.46875,1977.0,0.9760105506323683,0.0,-6.0,-24.9,-4.555983066558838,-23.554542541503906
6.417169444,2.329255556,12.735352,2018.0,0.29671281927349075,0.0,-3.23,-12.0,-2.8006653785705566,-7.127418518066406
48.8281,9.2,313.79688,1979.0,-0.9587178169872964,6.0112299252068624e-05,-5.65,-35.1,-6.985294818878174,-46.020301818847656
-27.17,-109.43,140.28906,1995.0,0.2386727660059501,6.356470294122119e-06,-1.88,-3.8,-3.0626893043518066,-9.579566955566406
38.03333333,114.4166667,86.800781,1989.0,-0.2884824328806098,0.0,-6.36,-47.0,-8.10474967956543,-56.482948303222656
-75.58333333,-20.56666667,105.53516,2012.0,-0.23030567023061196,2.6051738031018515e-06,-28.97,-226.0,-21.773731231689453,-176.85079956054688
-54.78,-68.28,104.83984,1993.0,0.9760105506323683,0.0,-11.1,-81.0,-8.524782180786133,-68.8344497680664
66.49686111,25.75518056,108.88672,2003.0,-0.2884824328806098,0.0,-16.47,-117.7,-16.678434371948242,-127.3610610961914
32.2361,-110.9439,753.21875,2013.0,0.741222010848596,0.0,-5.2,-54.1,-6.866888523101807,-45.181129455566406
78.91666667,11.93333333,38.650391,2019.0,-0.7236440382959123,0.0,-9.34,-60.6,-11.987512588500977,-88.0706558227539
-5.8,-35.2,40.765625,1976.0,-0.970063921851507,0.0,-0.52,5.8,-1.5487732887268066,4.588401794433594
45.32,-75.67,112.08594,1986.0,0.2386727660059501,0.0,-17.15,-124.5,-16.287927627563477,-122.88211822509766
48.22,11.59,494.59375,1996.0,0.9562348265919056,0.0,-8.76,-61.0,-10.974641799926758,-79.5870132446289
51.93,-10.25,33.068359,1995.0,0.29671281927349075,3.3912241633515805e-05,-3.77,-22.2,-5.579817295074463,-33.136085510253906
55.67,12.3,26.070312,1967.0,-0.2884824328806098,7.19615900379722e-06,-10.76,-77.2,-10.253355026245117,-73.5456314086914
48.545,13.3528,478.40625,2009.0,0.6994583270516471,8.242937474278733e-05,-12.77,-92.3,-12.48371696472168,-92.2267837524414
9.0,38.73,2329.125,2009.0,-0.7236440382959123,0.0,-2.18,-12.35,-1.3740906715393066,6.223167419433594
-34.05,115.0249,77.78125,2007.0,0.5877852522924732,3.2990999443427427e-06,-1.78,-8.1,-4.152029514312744,-19.774147033691406
47.81666667,13.71777778,1616.0625,2019.0,-0.7412220108485957,0.0002031891053775,-5.841,-41.84,-12.606489181518555,-93.2551040649414
48.24861111,16.35638889,200.63281,2012.0,-0.27195815753410524,2.7505071557243355e-05,-13.63,-104.4,-11.969608306884766,-87.92069244384766
43.78,87.62,900.71875,1989.0,0.2386727660059501,0.0,-24.59,-175.4,-16.34592628479004,-124.5760269165039
13.52,2.09,210.4375,2018.0,-0.680773409477016,0.0,-5.64,-35.6,-4.634832859039307,-24.292457580566406
7.47,151.85,0.0,1968.0,-0.9634705485641486,0.0001875064044725,-6.35,-37.2,-6.029867649078369,-37.347877502441406
-65.07944444,-63.9775,286.6875,1998.0,-0.7236440382959123,2.960686187078703e-06,-8.14,-72.2,-8.184577941894531,-92.4126205444336
41.13333333,-8.6,59.621094,1990.0,0.2386727660059501,0.0002518543915357,-5.69,-34.0,-5.648355960845947,-33.777503967285156
46.095,14.597,283.89062,1996.0,0.6994583270516471,0.0,-12.83,-90.0,-11.570598602294922,-84.57865142822266
23.05,-82.21666667,123.02734,2005.0,-0.2884824328806098,0.0,-1.87,-1.04,-2.730307102203369,-6.468971252441406
-6.88,39.2,52.724609,1963.0,0.741222010848596,0.0,-1.1,-0.6,-2.516806125640869,-4.470924377441406
54.6789,13.4342,38.980469,1997.0,-0.680773409477016,0.0,-8.54,-56.3,-7.458369255065918,-50.135276794433594
40.37,-81.8,372.875,1966.0,0.9760105506323683,0.0001502266386523,-7.44,-49.9,-6.866888523101807,-45.181129455566406
36.88,30.7,0.0,1990.0,0.9760105506323683,0.0,-2.01,-5.7,-4.724600315093994,-25.132545471191406
-34.05,115.0249,77.78125,2014.0,-0.7748840413670406,0.0,-3.09,-5.3,-3.0432801246643066,-9.397926330566406
48.8281,9.2,313.79688,1979.0,0.29671281927349075,0.0,-5.31,-37.8,-8.503850936889648,-58.892066955566406
64.13,-21.93,12.141602,2002.0,0.29671281927349075,0.0001912807056214,-6.68,-47.05,-7.866331100463867,-53.55229949951172
46.60305556,13.67138889,2148.125,1993.0,0.9760105506323683,6.287141150096431e-05,-13.7,-103.9,-10.754674911499023,-77.7446060180664
-34.93,138.58,24.027344,2013.0,0.2386727660059501,0.0,-2.65,-9.6,-3.962790012359619,-18.003150939941406
37.77,-25.65,137.14062,1962.0,0.9760105506323683,9.161090588349908e-07,-5.3,-21.1,-4.280615329742432,-20.977516174316406
47.47051111,21.49041944,105.30859,2006.0,-0.3294084822245302,5.74641271668952e-05,-3.18,-25.31,-11.209955215454102,-81.5579605102539
4.05,114.81,27.053711,2010.0,-0.4635502709028512,0.0,-7.36,-43.273,-6.694935321807861,-43.57190704345703
51.3,3.75,9.4589844,1990.0,-0.7236440382959123,0.0,-8.49,-57.5,-7.733967304229736,-52.443641662597656
47.07777778,15.44888889,370.03125,1999.0,-0.9587178169872964,2.303278051840607e-05,-7.61,-52.6,-7.538983345031738,-52.22906494140625
51.83,6.25,9.5,2000.0,0.2802306751992159,0.0,-5.03,-32.5,-6.6653666496276855,-43.295188903808594
50.92,5.78,111.17188,1986.0,-0.680773409477016,0.0,-6.13,-41.4,-6.636556148529053,-43.02556610107422
36.78,3.052222222,139.10156,2002.0,-0.7236440382959123,0.0,-6.56,-42.0,-5.7490410804748535,-34.719764709472656
19.2,-96.13,0.0,1962.0,-0.9587178169872964,0.0,-5.1,-27.3,-5.581030368804932,-33.147438049316406
0.512102778,25.20643889,414.57812,2018.0,-0.9741004551724206,0.0001817023439798,-3.98,-17.8,-3.1645874977111816,-10.533180236816406
42.7728,-0.33149,1302.3125,2016.0,-0.970063921851507,0.0,-7.31,-46.9,-9.255830764770508,-65.1905288696289
66.49686111,25.75518056,108.88672,2016.0,0.2802306751992159,1.929644713527523e-05,-10.82,-79.5,-12.990152359008789,-96.4686050415039
44.42,8.85,5.4519043,1994.0,-0.9587178169872964,8.338722545886412e-05,-6.83,-42.7,-5.04849100112915,-28.163673400878906
68.68333333,21.53,459.29688,1990.0,-0.9587178169872964,1.5328419976867735e-05,-14.31,-100.5,-15.440481185913086,-116.9921646118164
28.46344137,-16.2553441,36.554688,2013.0,0.29671281927349075,0.0,-0.48,-1.4,-3.2858948707580566,-11.668434143066406
17.975,-67.05,4.9833984,2016.0,0.9562348265919056,9.610954293748364e-06,0.06,12.6,-2.172293186187744,-1.2468032836914062
-40.35,-9.88,37.345703,2010.0,-0.7236440382959123,5.409267032518983e-05,-3.84008638,-21.8743584,-4.292746067047119,-21.091041564941406
6.9506,79.8795,3.7172852,2009.0,-0.7236440382959123,5.1710445404751226e-05,-10.5,-71.11,-6.866888523101807,-45.181129455566406
50.3381,7.6,86.441406,1999.0,-0.680773409477016,1.5155533219513018e-05,-3.61,-24.55,-6.768857002258301,-44.263702392578125
-34.05,115.0249,77.78125,2008.0,-0.8674563547295971,7.670534978387877e-05,-0.21,5.4,-2.9753479957580566,-8.762184143066406
46.98141401,6.607999655,1046.0625,1994.0,0.29671281927349075,0.0,-7.71,-53.4,-9.39139175415039,-66.32596588134766
-20.90388,-67.76126,3688.25,2011.0,0.9760105506323683,0.0,-14.89,-112.2,-11.013437271118164,-104.3403091430664
-34.05,115.0249,77.78125,2014.0,-0.7638886127905429,0.0,-2.79,-5.2,-3.0772461891174316,-9.715797424316406
31.62,-97.22,151.59375,1975.0,0.2386727660059501,0.0,-8.7,-57.1,-3.8244996070861816,-16.708961486816406
41.13333333,-8.6,59.621094,2016.0,-0.7116566222817751,2.435011811030563e-05,-7.18,-44.8,-5.204977512359619,-29.628150939941406
-35.07,173.28,71.449219,1973.0,-0.7236440382959123,2.9185903258621693e-06,-1.7,-4.2,-3.6158509254455566,-14.756324768066406
64.13,-21.93,12.141602,1973.0,0.9760105506323683,2.3226401026477103e-05,-4.87,-30.4,-8.518182754516602,-59.729408264160156
9.29255,123.1759167,823.65625,1997.0,0.29671281927349075,3.0332115784403868e-05,-5.13,-27.0,-5.818038463592529,-35.38261413574219
39.95,32.88,920.125,1970.0,-0.2135209154397959,0.0,-3.95,-23.9,-4.353399753570557,-21.658668518066406
40.80638889,-104.7547222,1641.75,1994.0,0.9368813462954315,0.0,-10.4,-78.0,-15.74229621887207,-119.5201187133789
23.95277778,90.27916667,23.626953,2013.0,0.9760105506323683,0.0001706350158201,-1.19,0.4,-2.1941285133361816,-1.4511489868164062
60.18008889,24.83286111,14.698242,2005.0,0.29671281927349075,2.932172355940565e-05,-12.13,-89.5,-9.08574104309082,-63.76587677001953
51.116535,17.029468,118.94141,2008.0,-0.7295575540864876,1.5177478417172097e-05,-6.682534,-36.0499022,-10.212430953979492,-73.2028579711914
47.4828,11.0622,716.1875,1994.0,-0.2135209154397959,0.0001031297797453,-3.7,-21.4,-6.868481159210205,-45.14824295043945
47.8008,11.0108,974.96875,1988.0,-0.970063921851507,2.5668792659416795e-05,-8.07,-53.3,-9.792959213256836,-69.6894302368164
43.78,87.62,900.71875,1986.0,0.9760105506323683,0.0,-10.47,-74.9,-15.384210586547852,-116.5208511352539
-12.43,130.87,16.515625,1995.0,-0.9741004551724206,2.795284854073543e-05,-0.03,10.8,-1.7913880348205566,2.3178939819335938
4.365694444,18.58725,381.14062,2014.0,-0.9741004551724206,6.622799264732748e-05,-4.01,-18.8,-3.336843967437744,-12.145240783691406
10.06666667,-83.28333333,13.935547,1990.0,0.9510565162951535,5.090015474706888e-05,-0.6,7.9,-2.608999729156494,-5.333717346191406
53.23,6.55,7.7121582,1988.0,-0.23030567023061196,1.0278083209414037e-05,-6.28,-41.8,-6.386814594268799,-40.68836212158203
41.46666667,46.08333333,0.0,2014.0,-0.9741004551724206,0.0,-14.49,-109.7,-6.626245021820068,-42.92906951904297
61.22,-48.12,20.967773,1963.0,-0.2135209154397959,1.0199828466284089e-05,-9.3,-82.4,-11.106475830078125,-86.27469635009766
53.23,6.55,7.7121582,2009.0,-0.9587178169872964,0.0,-6.68,-43.37,-6.516916751861572,-41.905921936035156
38.05011111,23.8675,438.375,2002.0,-0.9587178169872964,0.0,-3.16,-9.5,-4.532934665679932,-23.338844299316406
9.966666667,-85.66666667,13.122559,1990.0,-0.9587178169872964,7.206360169220716e-05,-5.49,-33.0,-6.511154651641846,-41.85199737548828
52.2914,10.4464,80.6875,1996.0,0.9562348265919056,0.0,-4.71,-44.1,-8.689289093017578,-60.44525909423828
38.93,100.43,1490.125,1991.0,0.9760105506323683,0.0,-6.71,-45.3,-15.281900405883789,-115.6639175415039
28.276976,84.30961,2101.5,2017.0,-0.2135209154397959,0.0004502655356191,-11.09929469,-76.11712024,-7.967918872833252,-60.889625549316406
-34.05,115.0249,77.78125,2011.0,-0.9070138128026362,0.0,-6.08,-39.3,-2.9753479957580566,-8.762184143066406
43.365884,-8.421399,56.794922,2004.0,-0.23030567023061196,3.694090992212296e-05,-4.46,-29.09,-3.5285096168518066,-13.938941955566406
6.417169444,2.329255556,12.735352,2019.0,-0.2135209154397959,0.0,-1.09,-0.2,-2.5580506324768066,-4.856910705566406
46.60305556,13.67138889,2148.125,2002.0,-0.6152845999633277,0.0,-13.99,-99.4,-13.271505355834961,-98.8251724243164
32.63333333,-16.9,0.0,2000.0,0.9721181966290613,0.0,-3.35,-3.4,-3.3635315895080566,-12.394996643066406
49.7703,9.9578,265.90625,2007.0,-0.9741004551724206,0.0,-7.11,-50.2,-8.203156471252441,-58.369117736816406
43.9,125.2166667,230.54688,2000.0,0.9562348265919056,0.0,-12.2,-76.5,-12.056571960449219,-88.64908599853516
31.18333333,29.95,-4.0114746,1963.0,0.9760105506323683,0.0,-3.6,-21.7,-3.3441224098205566,-12.213356018066406
42.58834633,-5.651107617,911.78125,2011.0,-0.2884824328806098,3.462299355305731e-05,-6.7,-41.0,-9.629262924194336,-68.3183364868164
56.9,35.9,136.57812,1982.0,-0.2135209154397959,0.0,-9.0,-61.0,-7.87080717086792,-53.58979034423828
-3.882777778,-80.08166667,277.0,2006.0,0.6994583270516471,0.0001093963583116,-4.16,-22.4,-3.957937717437744,-17.957740783691406
53.23,6.55,7.7121582,2001.0,-0.9741004551724206,3.3420499221392674e-06,-2.486,-19.670091,-7.421921253204346,-49.829994201660156
-45.35,-72.07,583.1875,1991.0,-0.7236440382959123,0.0,-7.8,-69.0,-9.451679229736328,-82.0585708618164
33.65694444,73.26611111,580.9375,2021.0,0.741222010848596,0.0,0.49,8.7,0.49404287338256836,23.706077575683594
38.05011111,23.866675,444.85938,2019.0,-0.2135209154397959,0.0,-1.12,-3.6,-4.176290988922119,-20.001197814941406
4.7,-74.13,2551.125,2001.0,0.6994583270516471,0.0,-2.88,-12.0,-9.103412628173828,-77.0898208618164
47.81666667,13.71777778,1616.0625,2022.0,-0.965739937654855,5.99565937591251e-05,-9.903,-73.61,-9.115592956542969,-64.35753631591797
78.91666667,11.93333333,38.650391,1990.0,0.741222010848596,5.067019446869381e-05,-11.64,-77.1,-10.51936149597168,-75.7736587524414
6.966666667,80.76666667,1882.75,1987.0,0.9510565162951535,0.0,-3.71,-13.6,-3.4848389625549316,-13.530250549316406
35.87083333,-106.2183333,1944.375,1990.0,-0.4635502709028512,0.0,-4.87,-57.8,-7.72712516784668,-57.454200744628906
50.8325,15.14777778,828.84375,2011.0,-0.2135209154397959,0.0,-9.05,-62.0,-7.614392280578613,-51.442100524902344
-20.299175,57.47873889,391.1875,2010.0,-0.7236440382959123,4.389459263620665e-06,-1.919908921,-4.424681845,-2.0582642555236816,-0.17966461181640625
50.92,5.78,111.17188,2008.0,-0.7176769136759615,6.059914448997006e-05,-7.55,-49.47,-8.246797561645508,-56.73902130126953
46.98141401,6.607999655,1046.0625,2023.0,-0.7236440382959123,0.0,-9.85,-67.48,-12.005416870117188,-88.22061920166016
-6.88,39.2,52.724609,1965.0,0.6994583270516471,0.0,1.6,16.2,-2.6356873512268066,-5.583473205566406
46.72738634,8.186782163,600.90625,2016.0,0.9721181966290613,8.165975486917887e-06,-10.93,-76.86,-11.302034378051758,-82.3292007446289
33.86666667,35.56666667,226.0625,2002.0,0.8214765533024142,0.0,-2.23,-6.6,-4.73794412612915,-25.257423400878906
-17.83,31.02,1473.25,1990.0,0.2386727660059501,0.0,-4.06,-21.5,-4.809515476226807,-25.927223205566406
-1.65,-78.68,2830.5,2019.0,0.2386727660059501,0.0,-8.77,-65.4,-6.560376167297363,-48.314674377441406
32.81333333,130.7291667,25.359375,2019.0,-0.9741004551724206,0.0,-7.29,-48.4,-6.866888523101807,-45.181129455566406
41.78,-87.75,186.0,1963.0,-0.9741004551724206,0.0,-1.2,-0.6,-7.263660430908203,-48.504425048828125
36.88,30.7,0.0,1993.0,0.741222010848596,0.0,-5.74,-33.0,-3.977346897125244,-18.139381408691406
27.7,106.88,860.71875,1992.0,0.7295575540864875,0.0,-4.91,-41.3,-3.443594455718994,-13.144264221191406
44.42,8.85,5.4519043,1985.0,0.9510565162951535,0.0,-7.13,-46.4,-5.764811038970947,-34.867347717285156
51.6,-1.1,55.042969,2022.0,-0.9741004551724206,0.0,-6.84,-49.9,-6.439343452453613,-41.494361877441406
17.45,78.47,527.28125,1999.0,0.29671281927349075,6.688031135126948e-05,-0.555,0.85,-2.5192322731018066,-4.493629455566406
41.15305556,-96.49277778,352.0625,1994.0,-0.5808002734538013,0.0,-8.8,-49.0,-7.601966857910156,-55.668556213378906
52.8911,11.7294,21.530273,2003.0,-0.680773409477016,0.0,-5.08,-30.9,-7.263979911804199,-48.507102966308594
43.365884,-8.421399,56.794922,2000.0,0.2802306751992159,1.9234869341744343e-06,-6.91,-51.2,-4.025869846343994,-18.593482971191406
47.59583333,7.594444444,248.26562,2012.0,0.6994583270516471,8.962620631791651e-05,-8.61,-81.76,-10.805830001831055,-78.1730728149414
28.58,77.2,222.79688,1988.0,0.9562348265919056,0.0,-2.3,-9.3,-2.1213440895080566,-0.7699966430664062
58.01,56.18,103.00391,1983.0,-0.2135209154397959,5.202579995966517e-05,-8.6,-59.0,-8.950180053710938,-62.63043975830078
10.86,0.2,372.54688,2017.0,-0.9813064702716093,0.0,-2.707,-8.87,-2.977774143218994,-8.784889221191406
41.66056063,-1.004162565,244.98438,2011.0,-0.2135209154397959,0.0,-3.28,-23.2,-4.125341892242432,-19.524391174316406
-34.38,-58.28,0.0,1995.0,-0.7236440382959123,5.862775651621632e-05,-4.7,-14.0,-3.2228150367736816,-11.078102111816406
40.88333333,15.66666667,505.07812,2003.0,-0.7236440382959123,1.5637235264875926e-05,-7.4,-44.0,-6.939467430114746,-45.65143585205078
-5.22,145.8,2.7424316,1982.0,0.2386727660059501,0.0007321440498344,-10.78,-73.8,-5.947378635406494,-36.575904846191406
36.98,35.3,22.958008,1988.0,-0.7116566222817751,0.0,-5.2,-21.5,-5.02908182144165,-27.982032775878906
-0.743055556,-90.30222222,1.7120972,2015.0,0.5947266869607634,0.0,-1.619385013,-4.114037989,-2.177145481109619,-1.2922134399414062
46.95222563,7.439320571,542.53125,1984.0,-0.9634705485641486,0.0,-10.6,-72.9,-9.043537139892578,-63.412391662597656
48.8281,9.2,313.79688,1985.0,0.9510565162951535,2.5701312551973388e-05,-7.51,-53.5,-10.099889755249023,-72.2602310180664
46.89,7.49,659.34375,2015.0,0.741222010848596,0.0,-3.4,-26.4,-8.549890518188477,-59.277687072753906
46.60305556,13.67138889,2148.125,1993.0,-0.2135209154397959,5.284667713567615e-05,-7.02,-40.8,-6.866888523101807,-45.181129455566406
51.6,-1.1,55.042969,1989.0,0.6994583270516471,7.315756647585658e-06,-10.9,-76.0,-7.897322654724121,-56.88946533203125
48.65,-123.43,15.649902,1981.0,0.741222010848596,8.454730050289072e-06,-9.2,-74.0,-10.570516586303711,-76.2021255493164
-23.8,133.88,544.75,1963.0,-0.680773409477016,0.0,-3.3,-22.4,-2.2086853981018066,-1.5873794555664062
-38.73263889,-72.58922222,110.76172,1991.0,-0.2135209154397959,9.471242492509192e-07,-7.1,-50.0,-5.7441887855529785,-34.674354553222656
13.07176111,-59.48972222,45.302734,1986.0,-0.9587178169872964,7.85594602348283e-05,-3.05,-17.0,-3.661947727203369,-15.187721252441406
43.91281944,4.888775,30.959961,2005.0,-0.7236440382959123,0.0,-5.35,-28.06,-6.349512577056885,-40.339271545410156
28.58,77.2,222.79688,1976.0,0.7295575540864875,0.0,0.17,6.8,-0.31143808364868164,16.167991638183594
26.58333333,106.7166667,1077.9375,1992.0,0.2386727660059501,0.0,-5.69,-20.2,-2.0485596656799316,-0.08884429931640625
38.05011111,23.8675,438.375,2008.0,0.895839290734909,0.0,-5.56,-28.41,-6.278547763824463,-39.675148010253906
-46.88,37.87,0.0,1970.0,-0.9587178169872964,1.5511368474108167e-05,-6.41,-45.0,-4.907774448394775,-26.846778869628906
-46.42,168.32,-0.90939331,2006.0,-0.9741004551724206,0.0,-6.3,-38.2,-6.866888523101807,-45.181129455566406
40.7930564,-4.010553289,1892.5,2019.0,-0.7236440382959123,0.0,-10.72,-72.7,-11.099971771240234,-80.63675689697266
-33.45,-70.7,507.65625,1990.0,0.9510565162951535,0.0,-6.5,-56.0,-6.358004093170166,-40.418739318847656
41.13333333,-8.6,59.621094,2004.0,0.9562348265919056,0.0,-2.94,-15.4,-5.220747470855713,-29.775733947753906
-22.71,-46.46583333,1095.0625,1990.0,0.741222010848596,0.0,-4.98,-21.5,-4.703978061676025,-24.939552307128906
37.77,-25.65,137.14062,2002.0,-0.2135209154397959,2.7003864033758877e-06,-1.0,-5.3,-2.7181763648986816,-6.355445861816406
52.1042,8.7519,134.42188,1981.0,-0.680773409477016,4.915293175145053e-05,-5.84,-40.7,-6.866888523101807,-45.181129455566406
51.01666667,-114.0166667,1033.25,2001.0,0.741222010848596,3.699060471262783e-05,-22.4,-166.1,-15.701372146606445,-119.1773452758789
-54.78,-68.28,104.83984,1993.0,-0.9741004551724206,0.0,-10.8,-83.0,-8.91476821899414,-74.3984146118164
42.7728,-0.33149,1302.3125,2019.0,-0.2884824328806098,0.0,-10.9,-83.3,-10.468206405639648,-75.3451919555664
54.18,158.02,302.84375,1999.0,-0.9587178169872964,0.0,-11.825,-94.55,-15.194936752319336,-114.9355239868164
-65.07944444,-63.9775,286.6875,1971.0,0.741222010848596,1.6303893609667146e-07,-13.86,-106.9,-8.862165451049805,-73.6479263305664
28.58,77.2,222.79688,1984.0,-0.9634705485641486,0.0,-8.93,-63.0,-6.779623031616211,-44.36445617675781
38.98916547,-3.920273851,626.8125,2021.0,-0.2884824328806098,1.508510104031302e-05,-5.68,-37.5,-6.907812595367432,-45.523902893066406
39.91055556,41.27555556,1890.5625,2018.0,0.9510565162951535,0.0,-7.37,-47.8,-10.841638565063477,-78.4729995727539
63.37,-135.52,588.34375,1986.0,-0.9741004551724206,0.0,-18.7,-147.0,-21.671171188354492,-169.17941284179688
38.98916547,-3.920273851,626.8125,2015.0,0.29671281927349075,0.0,-2.53,-22.1,-4.910200595855713,-26.869483947753906
50.3381,7.6,86.441406,2013.0,0.741222010848596,0.0,-6.47,-51.25,-6.866888523101807,-45.181129455566406
22.31666667,114.1666667,34.056641,2012.0,-0.27195815753410524,0.0,-3.29,-12.2,-3.3295655250549316,-12.077125549316406
47.12,9.49,459.84375,2017.0,0.2386727660059501,5.419950321083888e-05,-15.14,-108.1,-12.473485946655273,-92.1410903930664
44.73805556,-0.774722222,59.488281,2016.0,-0.7116566222817751,0.0001810893591027,-7.45,-46.5,-6.515097141265869,-41.888893127441406
48.24861111,16.35638889,200.63281,1983.0,-0.2884824328806098,5.859708471689373e-05,-13.27,-107.5,-11.954261779785156,-87.79215240478516
36.62,127.46,80.589844,2013.0,0.29671281927349075,0.0,-11.53,-78.7,-7.890082359313965,-56.99713134765625
23.95277778,90.27916667,23.626953,2010.0,0.6994583270516471,0.0,-1.107378316,-10.60092282,-2.1941285133361816,-1.4511489868164062
46.49722222,28.3,150.79688,2013.0,0.9510565162951535,0.0,-3.8,-18.7,-9.805747985839844,-69.79654693603516
-30.08,-51.18,244.72656,1976.0,-0.7116566222817751,8.729228284209967e-06,-4.85,-23.2,-4.258780002593994,-20.773170471191406
39.46666667,-6.333333333,410.0,2021.0,-0.2884824328806098,0.0,-5.83,-36.7,-6.071718692779541,-37.739540100097656
28.58,77.2,222.79688,1986.0,0.2386727660059501,0.0,-1.26,-2.3,-1.9175477027893066,1.1372299194335938
52.1,5.18,1.7967529,1991.0,-0.9741004551724206,6.456336268456653e-05,-7.1,-43.3,-7.162992477416992,-47.6025390625
-12.43,130.87,16.515625,2004.0,0.2802306751992159,0.0,-2.74,-8.0,-4.522017002105713,-23.236671447753906
25.07,110.08,385.5,1987.0,0.741222010848596,0.0004475150781217,-3.76,-15.4,-6.325173854827881,-41.647377014160156
36.62,127.46,80.589844,2005.0,0.29671281927349075,0.0,-6.78,-48.15,-7.890190124511719,-57.13427734375
19.27116389,-99.20359444,2580.375,2014.0,-0.9741004551724206,3.4398643038002774e-05,-14.821,-107.14,-8.435901641845703,-67.5663833618164
-31.95,115.78,12.910645,1996.0,-0.23030567023061196,0.0,-3.17,-15.0,-3.162161350250244,-10.510475158691406
47.4828,11.0622,716.1875,1981.0,0.6994583270516471,0.0,-14.68,-115.3,-14.289491653442383,-107.3516616821289
13.07176111,-59.48972222,45.302734,1984.0,-0.6932812268869771,0.0001851871493272,-2.08,-6.8,-3.1597352027893066,-10.487770080566406
-23.8,133.88,544.75,2013.0,-0.2884824328806098,3.3845270081656054e-05,-2.63,-15.5,-3.482412815093994,-13.507545471191406
-3.12,-60.02,49.394531,1969.0,0.2386727660059501,9.177954780170694e-05,-4.22,-22.4,-4.062262058258057,-18.934059143066406
38.05011111,23.8675,438.375,2001.0,0.6744436188329455,0.0,-5.5,-29.2,-6.866888523101807,-45.181129455566406
25.01666667,102.6833333,1907.8125,1998.0,0.9760105506323683,3.808951078099199e-05,-2.7,-20.3,-3.4314637184143066,-13.030738830566406
40.41195035,-3.67806112,671.09375,2003.0,0.9510565162951535,0.0,-7.59,-54.6,-7.759544849395752,-52.657875061035156
3.783333333,103.3333333,8.0805664,2018.0,-0.9741004551724206,6.949629459995776e-05,-7.8,-49.5,-6.348462104797363,-42.554237365722656
22.31666667,114.1666667,34.056641,2018.0,0.6994583270516471,0.0,-3.0,-6.7,-4.076818943023682,-19.070289611816406
39.55339029,2.625298143,5.3820801,2004.0,-0.23030567023061196,1.2846211348005454e-06,-2.69,-6.25,-3.3635315895080566,-12.394996643066406
41.733333,43.516667,0.0,2008.0,-0.6932812268869771,0.0,-2.66,-12.0,-4.7864670753479,-25.711524963378906
-33.95833333,18.46111111,109.49609,2001.0,-0.7856498550787144,0.0,-2.69,-10.0,-2.972921848297119,-8.739479064941406
36.98,35.3,22.958008,1985.0,0.29671281927349075,0.0,-0.2,1.3,-4.118063449859619,-19.456275939941406
-21.2,-159.8,7.8220215,1987.0,0.29671281927349075,9.566576409270056e-06,-5.44,-33.5,-3.8730225563049316,-17.163063049316406
-6.88,39.2,52.724609,1961.0,-0.2135209154397959,0.0,-4.1,-29.2,-2.1116394996643066,-0.6791763305664062
-34.90416667,-56.16666667,34.734375,2013.0,-0.2884824328806098,4.032264041597955e-05,-3.73,-19.25,-4.096228122711182,-19.251930236816406
54.0967,13.4056,1.5458374,2012.0,-0.970063921851507,9.83659629127942e-06,-10.42,-74.6,-8.424144744873047,-58.93775177001953
8.92,-79.6,11.163086,1970.0,0.29671281927349075,4.018011168227531e-05,-5.11,-30.4,-5.2522873878479,-30.070899963378906
45.81666667,15.98333333,156.41406,2002.0,-0.9741004551724206,0.0,-8.3,-51.8,-8.211020469665527,-57.626182556152344
52.1042,8.7519,134.42188,1982.0,-0.9587178169872964,1.827925916586537e-05,-2.97,-22.9,-6.533596515655518,-42.06201934814453
37.77,-25.65,137.14062,1989.0,0.2386727660059501,3.965013092965819e-05,-3.96,-18.9,-4.58267068862915,-23.804298400878906
37.1644591,-5.611393166,86.394531,2003.0,-0.9741004551724206,0.0,-4.69,-39.46,-4.872595310211182,-26.517555236816406
47.4828,11.0622,716.1875,1986.0,0.29671281927349075,4.143741898587905e-05,-7.78,-54.1,-9.42208480834961,-66.58304595947266
-33.95833333,18.46111111,109.49609,2001.0,-0.3456123126707333,5.749686806666432e-06,-2.36,-2.0,-3.463003635406494,-13.325904846191406
-34.05,115.0249,77.78125,2009.0,-0.6420547132365636,3.479427732600016e-06,-1.84,-5.0,-3.268911838531494,-11.509498596191406
10.00036389,-84.10913333,1157.3125,2017.0,-0.8359254794186365,0.0002019550156546,-4.96403864,-24.14069842,-6.485454082489014,-43.850746154785156
49.82,-74.97,386.4375,2009.0,-0.2884824328806098,2.630937160574831e-05,-22.05,-164.3,-14.494026184082031,-140.48184204101562
46.49143367,9.898180888,1767.6875,2006.0,-0.7236440382959123,0.0,-13.91,-100.003195,-14.509458541870117,-109.1940689086914
54.0967,13.4056,1.5458374,2012.0,-0.9634705485641486,0.0,-8.79,-61.0,-7.477866172790527,-50.81652069091797
49.0975,19.59,572.9375,1999.0,-0.9587178169872964,0.000176978908712,-6.365,-41.75,-8.597209930419922,-59.67401885986328
-27.43,153.08,5.7802734,2013.0,-0.2135209154397959,0.0,-3.74,-13.8,-2.7230286598205566,-6.400856018066406
39.95,32.88,920.125,2006.0,0.9760105506323683,0.0,-5.33,-32.79,-8.405378341674805,-58.06726837158203
53.5483,13.1931,76.890625,2001.0,-0.680773409477016,0.0,-5.41,-35.6,-7.082698822021484,-46.98872375488281
-25.73,28.18,1326.75,1967.0,-0.9741004551724206,0.0,-0.99,3.8,-2.3591065406799316,-2.9950942993164062
45.32,-75.67,112.08594,1984.0,-0.7116566222817751,4.614827412297018e-05,-8.15,-54.6,-12.586027145385742,-93.0837173461914
47.42692898,9.400776879,758.46875,2018.0,-0.7236440382959123,1.0690026101656258e-05,-13.45,-95.8,-12.171670913696289,-89.6131362915039
41.733333,43.516667,0.0,2013.0,0.9510565162951535,0.0,-12.89,-90.1,-9.19444465637207,-64.6763687133789
63.52,-116.0,238.64844,2000.0,-0.23030567023061196,0.0,-16.11,-127.9,-16.514738082885742,-125.9899673461914
43.365884,-8.421399,56.794922,2000.0,0.9562348265919056,5.736518869525753e-05,-3.51,-15.2,-5.471853733062744,-32.125709533691406
39.48056611,-0.366386255,14.827637,2018.0,0.9760105506323683,0.0,-3.28,-25.5,-5.018164157867432,-27.879859924316406
49.7703,9.9578,265.90625,1991.0,0.9760105506323683,8.417084609391168e-05,-6.49,-50.0,-8.919486999511719,-62.37335968017578
18.23388889,-65.885,70.4375,2006.0,0.9242907221930934,9.550656250212342e-05,-0.74,5.3,-1.6215577125549316,3.9072494506835938
38.93,100.43,1490.125,2003.0,-0.9741004551724206,0.0,-9.1,-57.0,-6.315849781036377,-40.02423858642578
36.62,127.46,80.589844,1999.0,0.9760105506323683,8.948640243033879e-06,-8.56,-55.15,-6.328587055206299,-40.14344024658203
-15.85,-47.93,1012.8125,1976.0,-0.9634705485641486,0.0,-1.54,1.5,-2.4027771949768066,-3.4037857055664062
28.50444444,-16.30333333,570.6875,2009.0,0.811539059007361,3.176410928062978e-06,-2.86,-4.63,-3.3441224098205566,-12.213356018066406
-27.47,-58.83,60.339844,1982.0,0.2386727660059501,0.0,-6.6,-43.8,-5.844873905181885,-35.616615295410156
38.28,21.79,113.0625,2019.0,0.6994583270516471,0.0,-6.81,-48.9,-5.425756931304932,-31.694313049316406
-75.58333333,-20.56666667,105.53516,2009.0,-0.2884824328806098,0.0,-16.16,-126.7,-21.896726608276367,-177.40011596679688
-1.68218,29.22716,1527.1875,2018.0,0.9510565162951535,0.0001459845079807,-3.75,-13.4,-2.9074158668518066,-8.126441955566406
46.095,14.597,283.89062,1997.0,0.29671281927349075,0.0,-6.18,-44.1,-7.173555374145508,-47.75946807861328
-7.315277778,72.42805556,2.3126221,1991.0,-0.9587178169872964,0.0001814907300285,-4.01,-25.8,-4.428610324859619,-22.362525939941406
4.05,114.81,27.053711,2006.0,-0.7116566222817751,0.0,-4.13,-19.52,-7.437739849090576,-54.614662170410156
19.31396667,-99.3094,2965.0,2011.0,-0.3131070409358267,0.0,-13.06,-91.9,-7.984818935394287,-62.35662078857422
47.59583333,7.594444444,248.26562,1984.0,-0.7116566222817751,0.0,-10.7,-77.5,-10.37356948852539,-74.55252838134766
5.383333333,103.1,10.330566,2016.0,-0.23030567023061196,4.559320950647816e-05,-5.53,-31.6,-6.658239841461182,-43.228492736816406
41.78,-87.75,186.0,1975.0,0.29671281927349075,1.8064920368487947e-05,-4.55,-39.1,-6.866888523101807,-45.181129455566406
35.68,139.77,22.099609,1967.0,0.9760105506323683,0.0,-5.8,-38.1,-6.203943729400635,-38.976966857910156
47.12,9.49,459.84375,2018.0,-0.2884824328806098,0.0,-10.79,-86.7,-12.913419723510742,-95.8259048461914
25.01666667,102.6833333,1907.8125,1991.0,-0.7236440382959123,0.0,-6.51,-46.3,-8.565595626831055,-69.4167251586914
-34.05,115.0249,77.78125,2017.0,-0.8996308696522434,5.17706066602841e-05,-2.62,-8.3,-2.9607911109924316,-8.625953674316406
-40.35,-9.88,37.345703,2011.0,0.6994583270516471,0.0003885754849761,-4.49095556,-27.2729664,-4.671225070953369,-24.633033752441406
4.7,-74.13,2551.125,1988.0,0.2802306751992159,0.0001665603631408,-11.35,-82.5,-8.544734954833984,-69.1191177368164
43.83758,10.35235,-1.0,2011.0,-0.9741004551724206,9.275829506805168e-05,-4.15,-21.47,-5.0387864112854,-28.072853088378906
53.8713,8.7058,4.7202148,1997.0,-0.680773409477016,3.3866720059450017e-06,-7.31,-52.4,-6.866888523101807,-45.181129455566406
76.52,-68.83,35.275391,1968.0,-0.970063921851507,0.0,-19.19,-150.1,-21.466550827026367,-167.46554565429688
47.6772,9.19,442.90625,1992.0,0.7295575540864875,0.0,-9.28,-67.7,-9.493701934814453,-67.18289947509766
52.405,9.823,59.224609,2020.0,-0.970063921851507,0.0001478072517784,-6.78,-44.5,-8.167302131652832,-56.91204071044922
46.72738634,8.186782163,600.90625,2004.0,-0.27195815753410524,2.9323740818654187e-05,-12.34,-90.44,-13.471010208129883,-100.4961929321289
49.0422,12.1019,370.21875,1992.0,0.9562348265919056,0.0,-11.24,-84.9,-10.399147033691406,-74.76676177978516
47.81666667,13.71777778,1616.0625,2002.0,-0.9886775902323404,0.0,-17.32,-125.3,-10.186853408813477,-72.9886245727539
15.6,32.55,385.92188,1974.0,0.741222010848596,1.4616983207815792e-05,6.18,43.1,-1.1557374000549316,8.266624450683594
-27.43,153.08,5.7802734,2008.0,0.2802306751992159,0.0,-4.07,-16.5,-3.113638401031494,-10.056373596191406
-22.9,-43.17,0.0,1966.0,0.2386727660059501,4.042460204800591e-05,-11.02,-76.9,-4.775549411773682,-25.609352111816406
41.91172742,2.763346411,139.71094,2019.0,-0.9587178169872964,0.0,-4.04,-21.7,-4.944166660308838,-27.187355041503906
-21.2,-159.8,7.8220215,1989.0,0.2386727660059501,6.9759771577082574e-06,-7.02,-48.6,-3.846334934234619,-16.913307189941406
31.18333333,29.95,-4.0114746,1996.0,0.9562348265919056,0.0,-4.03,-19.8,-3.244650363922119,-11.282447814941406
50.4972,9.9428,920.40625,1993.0,-0.2135209154397959,0.0,-6.93,-45.6,-7.445473670959473,-49.96621322631836
0.512102778,25.20643889,414.57812,2016.0,0.7295575540864875,0.0,-5.4,-27.9,-1.9151215553283691,1.1599349975585938
45.03527778,24.28416667,223.875,2020.0,-0.7116566222817751,0.0,-8.64,-54.9,-8.824850082397461,-61.58069610595703
-33.95833333,18.46111111,109.49609,2003.0,0.741222010848596,0.0,-2.7,-7.0,-3.2519288063049316,-11.350563049316406
52.8,5.05,-4.4990234,1997.0,-0.1882267098432439,1.9034589513466928e-06,-7.58,-52.9,-6.4686970710754395,-41.45465850830078
12.13,15.03,294.5,1995.0,-0.9741004551724206,0.0,0.4,22.3,-2.613852024078369,-5.379127502441406
34.95,32.83,1417.1875,2019.0,-0.9741004551724206,0.0,-4.98,-20.8,-3.885153293609619,-17.276588439941406
62.89179444,27.62542222,94.585938,2007.0,0.6994583270516471,0.0,-19.11,-142.7,-17.404836654663086,-133.44528198242188
49.0422,12.1019,370.21875,1992.0,0.6994583270516471,0.0,-11.9,-92.0,-12.22282600402832,-90.0416030883789
32.81333333,130.7291667,25.359375,2015.0,0.29671281927349075,3.783501961152069e-05,-7.57,-51.7,-6.866888523101807,-45.181129455566406
-5.22,145.8,2.7424316,1979.0,0.2386727660059501,0.0,-6.88,-45.4,-6.034719944000244,-37.393287658691406
41.66056063,-1.004162565,244.98438,2013.0,-0.2884824328806098,3.025303340109531e-05,-9.63,-73.3,-7.201314926147461,-47.98223114013672
23.05,-82.21666667,123.02734,2022.0,-0.680773409477016,3.8826918171253055e-05,-1.49,-1.9,-3.1937012672424316,-10.805641174316406
46.98141401,6.607999655,1046.0625,2020.0,0.9721181966290613,0.0,-9.14,-62.09,-11.734294891357422,-85.94974517822266
2.883333333,101.7833306,55.289062,2013.0,-0.9587178169872964,8.851889288052917e-05,-10.19,-70.1,-6.304897785186768,-42.334632873535156
47.47051111,21.49041944,105.30859,2002.0,-0.4862727071086902,0.0,-6.87,-60.2,-8.475715637207031,-58.656410217285156
28.63,-106.07,1444.25,1977.0,0.29671281927349075,0.0,-0.03,-3.8,-6.866888523101807,-45.181129455566406
41.64083945,-4.754446679,735.625,2018.0,0.9510565162951535,0.0,-8.34,-57.6,-8.392589569091797,-57.96015167236328
51.93,-10.25,33.068359,1977.0,-0.7236440382959123,5.466967650136212e-06,-1.81,-21.8,-5.914625644683838,-36.269386291503906
-33.95833333,18.46111111,109.49609,2000.0,0.2386727660059501,0.0,-2.39,-5.0,-3.419332981109619,-12.917213439941406
46.28916667,-63.11916667,35.291016,2021.0,0.29671281927349075,0.0,-5.44,-31.7,-8.14576530456543,-55.892799377441406
39.91055556,41.27555556,1890.5625,2021.0,-0.9741004551724206,0.0,-9.04,-53.9,-6.160879611968994,-38.573951721191406
-1.68218,29.22716,1527.1875,2017.0,0.9510565162951535,0.0001517639029771,-0.59,8.7,-2.8783020973205566,-7.853981018066406
49.0975,19.59,572.9375,2005.0,0.9760105506323683,0.0,-9.55,-65.19,-10.787925720214844,-78.02310943603516
21.03,105.84,12.522461,2020.0,-0.27195815753410524,0.0,-1.52,-3.8,-3.050558567047119,-9.466041564941406
33.46555556,126.9333333,5.9509277,1996.0,0.06880242680231986,1.6352636521332897e-05,-2.3,2.0,-6.866888523101807,-45.181129455566406
21.32,103.91,609.09375,2018.0,0.2386727660059501,0.0,-6.09,-37.7,-4.287893772125244,-21.045631408691406
66.49686111,25.75518056,108.88672,2004.0,0.7295575540864875,3.7546633393503726e-05,-11.68,-82.0,-13.389162063598633,-99.8106460571289
-0.743055556,-90.30222222,1.7120972,2013.0,0.7116566222817746,7.887867832323536e-05,-2.729335379,-10.83355301,-3.1063599586486816,-9.988258361816406
-27.17,-109.43,140.28906,2013.0,0.9760105506323683,0.0001108309734263,-0.38,17.5,-3.5964417457580566,-14.574684143066406
58.65,49.61666667,162.28906,1983.0,-0.9587178169872964,0.0,-13.0,-94.0,-12.81110954284668,-94.9689712524414
-18.9,47.53,1259.9375,1973.0,-0.680773409477016,0.0,-2.21,0.4,-3.026297092437744,-9.238990783691406
49.1823,-119.559,334.40625,2009.0,-0.2884824328806098,6.544193183799507e-06,-16.06,-126.55,-11.980680465698242,-95.3868179321289
45.46666667,13.61666667,0.5645752,2002.0,-0.680773409477016,0.0,-6.84,-44.7,-5.856398105621338,-35.724464416503906
45.8,28.2,40.330078,2020.0,-0.9634705485641486,0.0,-5.58,-34.0,-6.921553611755371,-45.60669708251953
36.62,127.46,80.589844,2018.0,-0.2135209154397959,4.785590135725215e-05,-8.39,-60.0,-7.555712699890137,-55.008644104003906
-9.98,-67.82,123.0,1989.0,0.29671281927349075,0.0,-3.67,-17.4,-4.797384738922119,-25.813697814941406
47.4828,11.0622,716.1875,1991.0,-0.7236440382959123,0.0,-19.23,-144.9,-12.79576301574707,-94.8404312133789
50.3119,11.8758,564.53125,1994.0,0.9760105506323683,0.0,-13.88,-105.8,-9.887596130371094,-70.48209381103516
25.07,110.08,385.5,1984.0,0.2386727660059501,0.0,-3.32,-4.2,-1.6797852516174316,3.3623275756835938
10.36512,0.46944,148.03125,2019.0,-0.9455963874271428,0.0,-5.669,-36.12,-4.978132724761963,-27.505226135253906
52.8911,11.7294,21.530273,2007.0,-0.7236440382959123,0.0001255748502444,-9.07,-58.9,-8.781368255615234,-61.21649932861328
59.96666667,30.3,3.7930908,1981.0,-0.9587178169872964,0.0,-10.3,-70.0,-9.94642448425293,-70.9748306274414
9.49,138.09,7.6940918,1973.0,-0.2135209154397959,0.000171671345015,-5.51,-34.3,-6.30584192276001,-39.930580139160156
-33.95833333,18.46111111,109.49609,2007.0,-0.7236440382959123,0.0,-1.66,-4.0,-3.0190186500549316,-9.170875549316406
19.53,-96.91,1381.3125,2021.0,0.2386727660059501,1.5037744560686406e-05,-3.61,-12.8,-2.6731390953063965,-6.999061584472656
38.66038889,-27.22009444,77.109375,1999.0,-0.965739937654855,9.669677638157737e-06,-4.21,-29.9,-3.123342990875244,-10.147193908691406
47.98,-55.82,119.36328,2002.0,0.29671281927349075,1.207590139529202e-05,-7.49,-50.7,-8.776252746582031,-61.17365264892578
49.0422,12.1019,370.21875,1993.0,-0.2884824328806098,0.0,-10.89,-78.3,-11.678024291992188,-85.47843170166016
18.47,-70.02,1.0,1994.0,-0.2884824328806098,0.0,-1.3,-2.1,-2.458578586578369,-3.9260025024414062
46.98141401,6.607999655,1046.0625,2014.0,-0.2884824328806098,3.771745832636952e-05,-11.29,-78.6,-12.887842178344727,-95.6116714477539
41.02444444,40.52,10.936523,2015.0,0.9510565162951535,2.183743845307617e-06,-9.03,-60.3,-8.847869873046875,-61.77350616455078
51.18,8.4889,841.375,2008.0,-0.970063921851507,0.0,-8.6,-54.2,-8.31585693359375,-57.31745147705078
45.32,-75.67,112.08594,1980.0,-0.970063921851507,0.0001937323831953,-13.88,-92.0,-9.713668823242188,-69.02530670166016
46.64833333,14.31833333,448.71875,1990.0,0.29671281927349075,0.0001060509457602,-8.33,-58.3,-8.57291030883789,-59.470497131347656
41.13333333,-8.6,59.621094,1994.0,0.2386727660059501,6.951025716261938e-05,-3.58,-18.3,-5.588308811187744,-33.215553283691406
76.52,-68.83,35.275391,1966.0,0.29671281927349075,0.0,-22.78,-173.1,-19.16457176208496,-148.18453979492188
6.2,100.4,3.8469238,2021.0,0.9510565162951535,0.0,-6.84,-45.8,-4.625128269195557,-24.201637268066406
41.66056063,-1.004162565,244.98438,2003.0,-0.2884824328806098,0.0,-4.94,-28.68,-6.866888523101807,-45.181129455566406
34.57,69.21333333,1788.0,1962.0,0.6994583270516471,0.0,-10.4,-53.3,-2.410055637359619,-3.4719009399414062
54.18,158.02,302.84375,1999.0,0.2386727660059501,0.0,-19.235,-148.8,-20.382062911987305,-158.38204956054688
-22.71,-46.46583333,1095.0625,1990.0,0.5307300481619334,1.059167152561713e-05,-5.12,-29.0,-4.799810886383057,-25.836402893066406
47.81666667,13.71777778,1616.0625,2022.0,-0.7412220108485957,3.452196324360557e-05,-4.661,-28.88,-12.033552169799805,-88.4562759399414
-22.71,-46.46583333,1095.0625,1996.0,0.7526668275320084,0.0,-2.0,-2.4,-5.0387864112854,-28.072853088378906
40.40725278,-3.686133333,653.5,2002.0,-0.9455963874271428,0.0,5.0,12.1,-5.311728000640869,-30.627174377441406
4.65325,-74.09894167,2552.75,1999.0,0.9760105506323683,0.0,-14.93,-109.4,-4.567844867706299,-32.425941467285156
41.93333333,45.48333333,0.0,2012.0,-0.6932812268869771,0.0,-3.93,-19.86,-4.764631748199463,-25.507179260253906
-33.45,-70.7,507.65625,1994.0,-0.2135209154397959,0.0,-4.37,-29.0,-6.255802631378174,-39.46228790283203
10.00036389,-84.10913333,1157.3125,2017.0,-0.6994583270516471,0.0,-6.43567105,-40.47473055,-6.344544410705566,-42.596595764160156
14.64,121.04,42.933594,2000.0,0.2802306751992159,0.0002572181692812,-9.75,-64.7,-6.1275200843811035,-38.261756896972656
55.67,12.3,26.070312,1968.0,0.9562348265919056,0.0,-7.29,-46.6,-9.78272819519043,-69.6037368774414
28.22,-177.37,0.0,1974.0,0.29671281927349075,7.092276518960716e-06,-1.7,-8.7,-3.268911838531494,-11.509498596191406
6.166666667,102.2833333,3.2288818,2018.0,-0.2135209154397959,0.0,-5.71,-30.7,-6.866888523101807,-45.181129455566406
36.72,3.18,19.595703,2003.0,0.47873384011578846,0.0,-7.41,-40.0,-5.780580997467041,-35.014930725097656
-17.83,31.02,1473.25,1973.0,0.9760105506323683,0.0,-4.9,-20.4,-5.342054843902588,-30.910987854003906
50.3381,7.6,86.441406,2006.0,-0.9741004551724206,0.0001107577481889,-7.38,-57.65,-7.615320205688477,-53.37532043457031
-34.23583333,142.0866667,49.828125,2012.0,-0.7116566222817751,0.0,4.55,22.6,-3.298025608062744,-11.781959533691406
31.2025,29.87666667,-7.1420898,2002.0,-0.20510449986861926,6.698318611597642e-05,-3.76,-11.4,-3.637686252593994,-14.960670471191406
68.3,-133.4833333,38.167969,1986.0,0.2386727660059501,0.0,-27.8,-211.0,-26.44905662536621,-209.19821166992188
55.75,37.57,130.52344,1977.0,0.6994583270516471,0.0,-16.4,-109.0,-15.762758255004883,-119.6915054321289
48.545,13.3528,478.40625,2003.0,0.29671281927349075,0.0,-3.9,-24.0,-7.302665710449219,-48.83113098144531
-4.633888889,-79.71638889,2753.5,2007.0,0.2386727660059501,0.0,-6.69,-43.84,-6.866888523101807,-45.181129455566406
43.78,87.62,900.71875,2001.0,-0.7236440382959123,0.0,-17.65,-97.1,-16.320348739624023,-124.3617935180664
37.97,23.72,100.17578,2004.0,0.2386727660059501,0.0,-9.79,-62.9,-6.16027307510376,-38.568275451660156
46.72738634,8.186782163,600.90625,1990.0,-0.680773409477016,0.0,-6.04,-39.5,-6.728067398071289,-43.88197326660156
37.77,-25.65,137.14062,1974.0,0.9760105506323683,8.960831223703281e-07,-4.37,-25.7,-3.657095432281494,-15.142311096191406
5.93,116.06,4.5031738,2018.0,0.9760105506323683,6.517038855236024e-06,-3.81,-18.8,-6.228811740875244,-39.209693908691406
30.62,114.13,25.587891,1997.0,-0.9741004551724206,8.761760000197683e-06,-4.78,-42.0,-6.379645824432373,-40.752811431884766
11.08333333,39.7175,1856.6875,2002.0,-0.2135209154397959,0.0,0.04,12.3,-1.6894898414611816,3.2715072631835938
47.81666667,13.71777778,1616.0625,2022.0,0.5160623910158528,0.0,-5.631,-27.85,-9.519279479980469,-67.39713287353516
19.32622222,-99.17605556,2276.625,2014.0,-0.9741004551724206,3.4398643038002774e-05,-14.816,-107.04,-7.821900844573975,-58.806373596191406
22.31666667,114.1666667,34.056641,2016.0,-0.6932812268869771,0.0,-10.48,-73.7,-8.16109848022461,-63.645729064941406
44.13333333,6.333333333,881.625,2011.0,-0.2884824328806098,0.0,-9.14,-60.4,-9.549972534179688,-67.65421295166016
30.67,104.02,504.75,1998.0,0.6994583270516471,0.0,-4.48,-31.3,-3.7128968238830566,-15.664527893066406
46.39864119,6.233803787,434.125,2017.0,0.9510565162951535,0.0,-10.14,-71.3,-10.286605834960938,-73.82413482666016
46.57248471,8.332719621,1924.0,2012.0,-0.970063921851507,0.0003544179198797,-17.85,-131.4,-11.8621826171875,-87.02091217041016
46.22030867,7.33848445,481.70312,2012.0,-0.970063921851507,0.0002310336276423,-9.06,-67.7,-9.275121688842773,-65.54862976074219
18.37583333,-65.73277778,2.0092773,2006.0,-0.9979171608653922,0.0001465467648813,-1.63,-1.6,-3.4508728981018066,-13.212379455566406
23.95277778,90.27916667,23.626953,2016.0,0.2802306751992159,0.0,-3.96,-17.5,-4.348547458648682,-21.613258361816406
52.1042,8.7519,134.42188,1992.0,-0.23030567023061196,0.0,-5.65,-40.4,-6.315849781036377,-40.02423858642578
-46.88,37.87,0.0,1998.0,0.9510565162951535,0.0,-3.75,-19.9,-5.044851779937744,-28.129615783691406
51.18,8.4889,841.375,2013.0,-0.2135209154397959,3.687587013700977e-05,-6.4,-44.1,-6.711616039276123,-43.65559768676758
19.28,166.65,4.0,1969.0,0.6994583270516471,2.2829669887869386e-06,1.58,4.6,-1.9466614723205566,0.8647689819335938
58.38277778,21.81416667,5.9343262,2014.0,-0.9741004551724206,9.0065677795792e-06,-8.6,-59.2,-9.588340759277344,-67.99066162109375
52.4672,13.4019,47.5625,2004.0,-0.27195815753410524,8.185998012777418e-06,-8.19,-64.7,-10.68305778503418,-77.1447525024414
39.95,32.88,920.125,2001.0,-0.0859647987374467,0.0,-13.61,-97.9,-7.753799915313721,-52.111488342285156
12.37861111,-1.503111111,292.625,2016.0,-0.6932812268869771,0.0,-5.86,-36.2,-4.67971658706665,-24.712501525878906
46.60305556,13.67138889,2148.125,2018.0,0.6084768701151261,0.0,-16.472,-119.45,-9.248504638671875,-69.77225494384766
50.8325,15.14777778,828.84375,2022.0,-0.7236440382959123,2.982819569297135e-05,-14.15,-97.9,-11.018123626708984,-79.95121002197266
49.0422,12.1019,370.21875,1995.0,0.29671281927349075,0.0,-10.7,-78.7,-7.102841377258301,-47.157432556152344
47.12,9.49,459.84375,2022.0,-0.9587178169872964,0.000191552680917,-7.58,-52.2,-7.8471479415893555,-53.391624450683594
42.58834633,-5.651107617,911.78125,2013.0,0.29671281927349075,0.0,-5.15,-33.7,-5.7181077003479,-34.430274963378906
54.5275,9.5486,43.292969,2007.0,-0.680773409477016,0.0,-5.38,-30.15,-7.236484050750732,-48.27680206298828
2.883333333,101.7833306,55.289062,2010.0,-0.9587178169872964,0.0,-8.27,-56.1,-6.600595951080322,-45.556007385253906
-40.68,144.69,82.167969,1982.0,-0.9587178169872964,7.578574150102213e-05,-1.16,0.2,-3.909414768218994,-17.503639221191406
47.81666667,13.71777778,1616.0625,2003.0,0.6807734094770161,0.0001007924220175,-9.1,-58.4,-12.028436660766602,-88.4134292602539
32.2361,-110.9439,753.21875,2014.0,0.9510565162951535,0.0,-7.69,-57.1,-6.866888523101807,-45.181129455566406
-27.17,-109.43,140.28906,1969.0,0.29671281927349075,0.0,-3.05,-15.1,-2.725454807281494,-6.423561096191406
10.00036389,-84.10913333,1157.3125,2016.0,-0.16280701293851646,0.0003084791824221,-4.020059,-32.979521,-6.758179664611816,-47.446998596191406
36.03,129.38,4.7189941,1974.0,-0.680773409477016,3.615240302679013e-07,-10.18,-71.8,-7.455041885375977,-53.572364807128906
47.47051111,21.49041944,105.30859,2002.0,-0.9175836260593934,8.166159204847645e-06,-9.89,-85.9,-7.342495441436768,-50.60737609863281
50.4972,9.9428,920.40625,2010.0,-0.9741004551724206,0.0,-13.03,-89.85,-8.502573013305664,-58.88135528564453
32.53,35.85,648.125,1988.0,-0.970063921851507,0.0,-4.21,-11.14,-3.720175266265869,-15.732643127441406
47.6772,9.19,442.90625,2012.0,-0.6932812268869771,0.0,-8.42,-55.69,-6.350119113922119,-40.344947814941406
-34.05,115.0249,77.78125,2016.0,0.545240438540651,9.748538286658004e-05,-4.41,-14.7,-3.589163303375244,-14.506568908691406
46.60305556,13.67138889,2148.125,2018.0,-0.6420547132365636,0.0,-4.446,-18.06,-13.164079666137695,-97.9253921508789
53.5483,13.1931,76.890625,1997.0,-0.680773409477016,1.2131511539337224e-05,-9.07,-62.8,-7.113072395324707,-47.243125915527344
18.47,-70.02,1.0,2003.0,-0.7236440382959123,3.776641096919775e-05,-1.88,-7.7,-3.1597352027893066,-10.487770080566406
52.8,5.05,-4.4990234,2009.0,0.8631421280499114,0.0,-5.95,-40.04,-6.9175639152526855,-45.6055793762207
38.93,100.43,1490.125,1991.0,-0.680773409477016,0.0,-9.2,-67.6,-3.6789307594299316,-15.346656799316406
36.15,-5.35,1.5737915,2012.0,-0.970063921851507,0.0,-2.64,-10.4,-4.626341342926025,-24.212989807128906
-41.47,-72.93,43.574219,1997.0,0.9510565162951535,0.0,-3.5,-24.0,-6.27672815322876,-39.658119201660156
-3.12,-60.02,49.394531,1976.0,-0.6932812268869771,7.368996739387512e-05,-1.42,7.9,-3.055410861968994,-9.511451721191406
60.18008889,24.83286111,14.698242,2008.0,-0.27195815753410524,3.604205267038196e-05,-12.83,-88.4,-13.276620864868164,-98.8680191040039
25.62,88.66,39.710938,2020.0,0.7295575540864875,0.0,-5.15,-29.9,-2.308157444000244,-2.5182876586914062
49.0422,12.1019,370.21875,1983.0,0.9510565162951535,0.0,-11.44,-87.9,-11.435037612915039,-83.4432144165039
13.73,100.5,5.7392578,1976.0,0.9721181966290613,0.0,-5.0,-32.5,-3.5915894508361816,-14.529273986816406
31.62,25.95,0.0,2003.0,0.4635502709028509,0.0,-4.5,-11.6,-4.6311936378479,-24.258399963378906
-27.43,153.08,5.7802734,1996.0,0.9562348265919056,0.0,-2.74,-7.4,-3.103933811187744,-9.965553283691406
44.13333333,6.333333333,881.625,2011.0,0.2386727660059501,0.0002501351409591,-12.49,-89.35,-7.4646430015563965,-53.16923522949219
22.31666667,114.1666667,34.056641,2012.0,0.9562348265919056,0.0003314247587695,-1.89,-0.2,-3.3877930641174316,-12.622047424316406
10.3,1.38,439.10938,2018.0,0.741222010848596,0.0,-4.72,-24.3,-2.681784152984619,-6.014869689941406
24.83736944,-80.80080278,0.0,2001.0,-0.8165380514459157,1.940398578881286e-05,-1.42,5.9,-3.841482639312744,-16.867897033691406
44.18900278,10.47625833,1371.25,1993.0,0.741222010848596,0.0,-6.67,-40.9,-6.866888523101807,-45.181129455566406
4.05,114.81,27.053711,2009.0,0.9741004551724205,0.0,-5.89,-40.78,-6.813513278961182,-44.681617736816406
-19.65028,-67.66944,3701.25,2008.0,-0.27195815753410524,0.0,-16.4429935,-113.1,-9.094343185424805,-76.9604263305664
33.46555556,126.9333333,5.9509277,1996.0,0.9813064702716093,0.0,-5.5,-25.0,-4.9999680519104,-27.709571838378906
7.933333333,38.71666667,1647.5625,1995.0,-0.680773409477016,0.000210004785913,-2.78,-10.9,-1.9054169654846191,1.2507553100585938
47.47051111,21.49041944,105.30859,2009.0,-0.0859647987374467,0.0,-16.07,-123.36,-7.148880958557129,-47.543052673339844
36.34064444,43.12988333,231.57812,2023.0,-0.32126966169236515,8.578649612900335e-06,-1.81,11.13,-2.904989719390869,-8.103736877441406
-27.17,-109.43,140.28906,1975.0,-0.9741004551724206,1.0633807505655568e-05,-1.88,-7.5,-2.5677552223205566,-4.947731018066406
-20.67777778,139.4875,339.82812,2014.0,0.6994583270516471,0.0,-8.81,-59.0,-5.156454563140869,-29.174049377441406
49.0422,12.1019,370.21875,1998.0,0.9760105506323683,6.24560343567282e-05,-9.28,-79.8,-10.29172134399414,-73.86698150634766
52.93,4.78,0.63311768,1985.0,-0.9587178169872964,4.609091774909757e-05,-5.48,-33.1,-6.4589924812316895,-41.36383819580078
51.6,-1.1,55.042969,2015.0,0.9760105506323683,0.0,-4.67,-27.4,-6.841145038604736,-45.270477294921875
49.82,-74.97,386.4375,2005.0,-0.2884824328806098,1.2012422303087078e-05,-22.61,-173.1,-14.94460678100586,-145.26031494140625
41.9,12.5,59.011719,2002.0,-0.6152845999633277,0.0,-4.32,-23.83,-5.070326328277588,-28.368019104003906
4.321388889,117.9405556,168.0625,2008.0,0.9721181966290613,0.0,-7.11,-44.58,-6.866888523101807,-45.181129455566406
41.02444444,40.52,10.936523,2012.0,0.2802306751992159,0.0,-6.05,-36.23,-6.368618488311768,-40.51807403564453
36.78,3.052222222,139.10156,2006.0,0.6994583270516471,0.0,-8.86,-55.02,-5.12612771987915,-28.890235900878906
0.512102778,25.20643889,414.57812,2017.0,-0.2135209154397959,0.0,0.02,20.5,-1.1508851051330566,8.312034606933594
-3.12,-60.02,49.394531,1989.0,0.9760105506323683,7.47928861528635e-05,-7.9,-49.0,-6.571959972381592,-42.421043395996094
-14.67,17.7,1367.125,1982.0,0.2386727660059501,0.000106433253677,-2.17,-5.4,-6.004393100738525,-37.109474182128906
39.95,32.88,920.125,1967.0,0.29671281927349075,0.0,-0.46,-7.1,-5.357824802398682,-31.058570861816406
46.64833333,14.31833333,448.71875,2001.0,0.9510565162951535,0.0,-11.5,-84.0,-11.473403930664062,-83.76456451416016
12.69325,-7.995494444,382.5625,1998.0,-0.2135209154397959,0.0002155652910005,-5.74,-32.6,-4.503820896148682,-23.066383361816406
39.55339029,2.625298143,5.3820801,2012.0,0.9721181966290613,4.403532329888549e-06,-4.28,-27.8,-5.158880710601807,-29.196754455566406
-33.97,18.6,41.798828,2011.0,-0.2884824328806098,0.0,-2.20550606,-2.451552,-3.443594455718994,-13.144264221191406
60.18008889,24.83286111,14.698242,2018.0,-0.2884824328806098,3.4148837585235015e-05,-14.24,-102.7,-13.153848648071289,-97.8396987915039
33.21722222,-87.54305556,64.535156,2006.0,0.9760105506323683,0.000111317676783,-3.1,-8.9,-3.3829407691955566,-12.576637268066406
42.29055556,-85.58444444,244.73438,1992.0,-0.5086709438521042,0.0,-17.7,-126.0,-7.830063343048096,-58.922828674316406
30.62,114.13,25.587891,1998.0,0.6994583270516471,0.0,-4.9,-31.2,-3.472708225250244,-13.416725158691406
78.91666667,11.93333333,38.650391,1994.0,0.29671281927349075,1.7942469639820047e-05,-12.49,-100.7,-12.504179000854492,-92.3981704711914
46.22030867,7.33848445,481.70312,2013.0,-0.680773409477016,0.0,-3.26,-20.5,-6.276424884796143,-39.65528106689453
-40.68,144.69,82.167969,1983.0,-0.2135209154397959,2.751531974354293e-05,-5.96,-34.9,-4.329138278961182,-21.431617736816406
45.46666667,13.61666667,0.5645752,2005.0,-0.7236440382959123,6.939857848919928e-05,-10.22,-67.09,-6.0498833656311035,-37.535194396972656
4.05,114.81,27.053711,2007.0,0.9368813462954315,0.0001007870523608,-8.38,-54.26,-6.866888523101807,-45.181129455566406
-6.18,106.83,5.1230469,1991.0,-0.7236440382959123,4.7860150516498834e-05,-6.11,-34.0,-5.369955539703369,-31.172096252441406
35.27,-75.55,0.0,1975.0,-0.2135209154397959,0.0,-0.71,0.5,-4.326712131500244,-21.408912658691406
47.81666667,13.71777778,1616.0625,2018.0,-0.35367612217637207,0.0,-10.119,-67.66,-11.693370819091797,-85.60697174072266
10.86,0.2,372.54688,2018.0,-0.6486295610349818,0.0,-1.958,-6.81,-4.468641757965088,-22.737159729003906
53.23,6.55,7.7121582,1965.0,-0.7236440382959123,2.7440308258519508e-05,-12.5,-80.9,-7.897663593292236,-53.814735412597656
51.1622,14.9506,238.80469,2008.0,0.9721181966290613,0.0,-9.97,-71.3,-9.542299270629883,-67.5899429321289
-54.78,-68.28,104.83984,1994.0,0.741222010848596,0.0,-12.1,-88.0,-8.579198837280273,-69.6108169555664
47.59583333,7.594444444,248.26562,2003.0,0.29671281927349075,1.0784267033159267e-05,-2.55,-15.55,-6.866888523101807,-45.181129455566406
-20.47,-54.67,554.875,1976.0,-0.9634705485641486,0.000306257570628,-2.6,-7.0,-2.7230286598205566,-6.400856018066406
18.483,-69.917,48.189453,2018.0,-0.680773409477016,0.0,-3.42,-13.7,-3.3295655250549316,-12.077125549316406
46.22030867,7.33848445,481.70312,2004.0,-0.23030567023061196,0.0001295373949687,-2.85,-14.97869972,-6.592733860015869,-42.615455627441406
-33.95833333,18.46111111,109.49609,2001.0,0.2386727660059501,0.0,-3.45,-13.0,-3.4217591285705566,-12.939918518066406
31.62,25.95,0.0,1993.0,0.2386727660059501,0.0,-3.3,-6.1,-3.880300998687744,-17.231178283691406
4.05,114.81,27.053711,2007.0,-0.9338372288229252,0.0002153084933524,-9.96,-62.26,-7.90533971786499,-59.996803283691406
18.21,-67.14,17.163086,2016.0,-0.7116566222817751,7.058771734591573e-05,-3.47,-16.3,-2.9704957008361816,-8.716773986816406
14.97219444,-87.97477778,926.03125,2010.0,0.9760105506323683,0.0,-5.165325249,-26.25490546,-1.8253540992736816,2.0000228881835938
-23.8,133.88,544.75,2009.0,0.29671281927349075,0.0,0.38,10.7,-4.896856784820557,-26.744606018066406
44.42,8.85,5.4519043,1976.0,-0.7116566222817751,0.0,-7.03,-45.5,-6.314939975738525,-40.015724182128906
17.46,106.62,2.4233398,2019.0,-0.7236440382959123,0.0,-2.58,-3.8,-5.069113254547119,-28.356666564941406
-75.58333333,-20.56666667,105.53516,1977.0,0.2386727660059501,1.3790472790046296e-06,-10.16,-78.2,-16.81789207458496,-135.19723510742188
50.3119,11.8758,564.53125,2010.0,-0.7236440382959123,0.0,-14.9,-116.59,-10.744443893432617,-77.6589126586914
37.1644591,-5.611393166,86.394531,2005.0,-0.9741004551724206,0.0,-4.86,-30.13,-4.907774448394775,-26.846778869628906
50.3381,7.6,86.441406,1998.0,0.6994583270516471,0.0,-7.83,-53.6,-9.270101547241211,-65.36398315429688
-0.37,-78.55,3064.0,1978.0,0.741222010848596,6.716082862112671e-05,-17.8,-134.2,-10.842931747436523,-101.9076919555664
10.00036389,-84.10913333,1157.3125,2016.0,-0.8631421280499115,0.0003090936806984,-10.186064,-66.468465,-6.319826602935791,-43.783180236816406
33.96666667,-4.983333333,500.04688,1994.0,0.9760105506323683,0.0001564265257911,-2.71,-13.3,-4.474707126617432,-22.793922424316406
40.008,-105.2682583,1647.3125,2012.0,-0.23030567023061196,0.0,-6.36,-45.9,-7.192934989929199,-49.832862854003906
8.92,-79.6,11.163086,1989.0,0.9760105506323683,0.0,0.54,11.8,-3.3150086402893066,-11.940895080566406
52.8,5.05,-4.4990234,2007.0,-0.9242907221930934,0.0,-4.56,-30.06,-6.203943729400635,-38.976966857910156
50.3119,11.8758,564.53125,2012.0,-0.27195815753410524,2.0560410121106543e-05,-11.32,-91.98,-11.46828842163086,-83.72171783447266
51.83,6.25,9.5,1992.0,-0.6932812268869771,3.686963827931322e-05,-6.84,-46.6,-6.4629106521606445,-41.39427185058594
47.81666667,13.71777778,1616.0625,2020.0,-0.6354323008901775,9.686657722340895e-05,-9.516,-63.55,-11.383882522583008,-83.0147476196289
47.81666667,13.71777778,1616.0625,2020.0,0.2802306751992159,0.0001124707559938,-8.561,-55.53,-11.061605453491211,-80.3154067993164
50.4972,9.9428,920.40625,2013.0,0.6994583270516471,2.4544640837120824e-05,-12.94,-93.21,-10.506572723388672,-75.66654205322266
52.141,-106.6244,507.71875,1999.0,-0.680773409477016,0.0,-13.2,-106.0,-13.235696792602539,-98.5252456665039
46.95222563,7.439320571,542.53125,2008.0,-0.970063921851507,0.0,-13.0,-94.91,-9.716226577758789,-69.0467300415039
52.2914,10.4464,80.6875,1987.0,-0.9741004551724206,8.23480968392687e-06,-8.85,-60.9,-7.829893112182617,-55.19156265258789
-0.121944444,-67.14916667,97.964844,1976.0,-0.27195815753410524,4.9220678192796186e-05,-2.3,-9.0,-3.5139527320861816,-13.802711486816406
38.05011111,23.866675,444.85938,2005.0,0.9760105506323683,0.0,-3.15,-18.7,-6.060801029205322,-37.637367248535156
50.9,14.8,240.94531,2018.0,-0.2884824328806098,0.0,-11.09,-82.0,-11.115318298339844,-80.76529693603516
32.37,-64.68,1.0638428,1963.0,-0.2135209154397959,1.77051879290957e-05,-3.5,-18.0,-4.358252048492432,-21.704078674316406
10.86,0.2,372.54688,2016.0,-0.9510565162951536,8.704228821443394e-05,-2.977,-12.07,-4.862890720367432,-26.426734924316406
25.07,110.08,385.5,1986.0,-0.9587178169872964,0.0,-6.6,-44.0,-8.584640502929688,-69.6884536743164
36.98,35.3,22.958008,2022.0,0.29671281927349075,0.0,-0.97,-5.9,-3.2373719215393066,-11.214332580566406
72.58,-38.4799,3202.0,2012.0,0.9966589017541702,0.0,-35.33799677,-276.1241851,-32.178428649902344,-257.1864929199219
-20.901,55.484,83.28125,2016.0,0.6994583270516471,1.669226367084775e-05,-3.97,-20.6,-3.278616428375244,-11.600318908691406
38.05011111,23.8675,438.375,2002.0,0.6680638642135335,0.0,-1.12,-6.1,-6.866888523101807,-45.181129455566406
48.22,11.59,494.59375,1994.0,0.29671281927349075,0.0001747544738464,-5.85,-41.4,-8.161111831665039,-56.021339416503906
64.13,-21.93,12.141602,2003.0,-0.9741004551724206,0.0,-5.4,-33.4,-9.470682144165039,-66.9900894165039
52.8,5.05,-4.4990234,1996.0,-0.594726686960764,4.208385507808998e-05,-8.7,-56.5,-6.866888523101807,-45.181129455566406
46.25,48.03,-22.556641,1983.0,0.9760105506323683,0.0,-5.4,-25.0,-9.221302032470703,-64.90131378173828
52.8,5.05,-4.4990234,1991.0,-0.2884824328806098,1.820538818719797e-05,-4.85,-36.7,-8.306903839111328,-57.242469787597656
-40.35,-9.88,37.345703,1995.0,-0.2135209154397959,4.653006908483803e-05,-4.56,-23.7,-4.198126316070557,-20.205543518066406
5.93,116.06,4.5031738,2014.0,-0.680773409477016,1.4082504094403704e-05,-5.27,-28.8,-6.167313575744629,-39.594642639160156
-1.56708,29.05573,1509.1875,2015.0,0.9760105506323683,7.384063064819202e-05,-3.937,-15.94,-2.798239231109619,-7.104713439941406
46.095,14.597,283.89062,1993.0,-0.2884824328806098,0.0001639747788431,-11.8,-86.8,-12.698568344116211,-94.0263442993164
49.0422,12.1019,370.21875,2012.0,0.7295575540864875,0.0,-5.8,-41.4,-8.90414047241211,-62.24481964111328
41.64083945,-4.754446679,735.625,2012.0,-0.27195815753410524,0.0,-6.22,-40.8,-8.992382049560547,-62.983924865722656
48.78,-123.13,148.02344,2009.0,0.6994583270516471,0.0,-11.75,-92.8,-12.161439895629883,-89.5274429321289
49.7478,6.6581,259.26562,2010.0,-0.2884824328806098,4.730028740596026e-05,-14.58,-109.65,-10.145929336547852,-72.6458511352539
60.18008889,24.83286111,14.698242,2013.0,0.741222010848596,0.0,-9.16,-64.0,-9.072952270507812,-63.65876007080078
1.98,-157.46,0.0,1962.0,0.741222010848596,5.884898200747557e-06,-0.8,-5.0,-3.4169068336486816,-12.894508361816406
-30.08,-51.18,244.72656,1974.0,0.6994583270516471,9.076207061298192e-05,-4.19,-18.2,-6.078390598297119,-37.801979064941406
-22.94916667,-46.54916667,855.53125,1997.0,-0.9959189961471792,0.0,-2.39,-5.87,-2.754568576812744,-6.696022033691406
30.51176389,47.81508333,3.553833,2011.0,6.432490598706546e-16,0.0,-2.72,-10.1,-2.3688111305236816,-3.0859146118164062
9.357072,-75.289167,200.4375,2017.0,-0.2884824328806098,0.0,-3.72,-22.0,-4.657881259918213,-24.508155822753906
39.95,32.88,920.125,2003.0,0.7354170229639855,0.0,-12.72,-93.6,-5.253500461578369,-30.082252502441406
53.8713,8.7058,4.7202148,1990.0,0.9510565162951535,2.301454333064612e-05,-3.81,-23.7,-7.960278511047363,-54.967994689941406
4.349,117.998,157.48438,2007.0,-0.680773409477016,0.0,-8.45,-55.5,-6.723776817321777,-45.79950714111328
36.846389,-2.356942,16.541016,2015.0,-0.9587178169872964,1.1669645573419984e-05,-3.14,-11.0,-4.372808933258057,-21.840309143066406
49.7478,6.6581,259.26562,1990.0,-0.9587178169872964,0.0,-5.66,-36.5,-6.683845043182373,-44.38574981689453
25.7325,-80.16323611,3.5220947,2003.0,-0.780295851070776,7.619211100973189e-05,-0.89,0.1,-3.6983399391174316,-15.528297424316406
-21.02823729,55.47161911,1175.3125,2017.0,-0.9562348265919058,1.983959555218462e-05,-1.715,1.8,-1.5439209938049316,4.633811950683594
45.6,13.93333333,486.53125,2001.0,-0.9984354211555643,2.3211588995764032e-05,-4.83,-32.7,-7.2517595291137695,-49.54481887817383
3.783333333,103.3333333,8.0805664,2017.0,0.2386727660059501,0.0002275272709084,-7.27,-47.6,-6.850597381591797,-45.02866744995117
6.86,37.74,1889.1875,1999.0,-0.680773409477016,8.649018127471209e-05,-1.48,2.0,-1.6506714820861816,3.6347885131835938
-0.331666667,31.76111111,1281.8125,2009.0,-0.9741004551724206,0.0,-3.16,-10.78,-2.565329074859619,-4.925025939941406
-32.88,-68.85,762.84375,1984.0,0.2386727660059501,0.0,-1.1,-20.0,-6.29067850112915,-39.788673400878906
43.73238889,7.423583333,8.8959961,2012.0,-0.9634705485641486,3.775579170905985e-05,-3.14,-17.12,-4.930822849273682,-27.062477111816406
38.05011111,23.8675,438.375,2001.0,0.4937755501599772,0.0,-3.72,-13.4,-6.608048915863037,-42.75878143310547
50.4972,9.9428,920.40625,1981.0,0.6994583270516471,8.852046448737383e-06,-9.01,-60.2,-12.555334091186523,-92.8266372680664
37.1644591,-5.611393166,86.394531,2017.0,-0.2884824328806098,0.0,-9.2,-63.2,-5.657454013824463,-33.862648010253906
43.941,10.237,5.9284668,2021.0,0.741222010848596,1.462645741412416e-06,-2.2,-10.12,-5.319006443023682,-30.695289611816406
31.92,5.4,149.10938,1967.0,0.6994583270516471,0.0,-5.3,-23.8,-3.9700684547424316,-18.071266174316406
47.07777778,15.44888889,370.03125,2002.0,-0.2884824328806098,2.646856228238903e-05,-12.85,-89.2,-12.836687088012695,-95.1832046508789
-40.68,144.69,82.167969,1990.0,-0.7236440382959123,2.251331170555204e-05,-1.38,-2.4,-4.176290988922119,-20.001197814941406
-0.743055556,-90.30222222,1.7120972,2014.0,0.6287628145958344,0.0,-1.722632365,-3.663175154,-2.2280945777893066,-1.7690200805664062
22.31666667,114.1666667,34.056641,1995.0,-0.2135209154397959,0.0001184655484394,-8.34,-54.7,-7.18930721282959,-49.781105041503906
-0.13,-67.08,58.835938,1975.0,0.2386727660059501,0.0001222859864355,-2.26,-8.7,-3.8439087867736816,-16.890602111816406
42.5859,10.07945,19.258789,2017.0,-0.9587178169872964,9.041326848091558e-06,-5.45,-30.4,-4.688208103179932,-24.791969299316406
14.93894444,-88.02145,661.125,2010.0,-0.9587178169872964,0.0,-8.3,-55.19,-5.228025913238525,-29.843849182128906
13.07,123.91,325.17188,1992.0,0.2386727660059501,3.332894266350195e-05,-2.53,-6.6,-2.9413819313049316,-8.444313049316406
37.77,-25.65,137.14062,1963.0,-0.9587178169872964,0.0001435575832147,-2.8,-8.1,-3.6643738746643066,-15.210426330566406
1.6,103.6666667,43.185547,2016.0,0.2802306751992159,0.0,-6.62,-42.6,-6.866888523101807,-45.181129455566406
43.71,10.4,9.4057617,1994.0,0.6994583270516471,2.3083650830812985e-06,-5.76,-37.8,-6.151175022125244,-38.483131408691406
51.6,-1.1,55.042969,1987.0,0.6994583270516471,0.0,-7.2,-50.0,-7.975641250610352,-57.21952819824219
72.58,-38.4799,3202.0,2012.0,0.7236440382959124,9.909545042319223e-06,-40.71435486,-312.2015525,-32.15796661376953,-257.0151062011719
46.29,-64.15,0.0,1997.0,-0.2135209154397959,6.474681140389293e-05,-5.05,-39.0,-7.395637035369873,-52.724830627441406
13.73,100.5,5.7392578,1982.0,-0.7236440382959123,0.0,-3.95,-20.6,-5.641684055328369,-33.715065002441406
-23.0,-47.13333333,635.21875,1997.0,-0.9070138128026362,3.323377677588724e-05,-5.17,-32.99,-2.9025635719299316,-8.081031799316406
64.13,-21.93,12.141602,1994.0,-0.9587178169872964,1.1733122846635524e-05,-7.47,-53.0,-8.36445426940918,-57.72449493408203
37.30268,-2.90198,1735.125,2016.0,-0.970063921851507,0.0,-6.16,-42.5,-8.014041900634766,-54.78949737548828
51.05,13.73,119.02734,2000.0,0.9562348265919056,0.0,-9.79,-69.9,-9.138174057006836,-64.2050552368164
-34.05,115.0249,77.78125,2013.0,-0.9922222094179324,5.013351255911402e-05,0.06,12.4,-2.9704957008361816,-8.716773986816406
18.26,79.47,230.03906,1977.0,-0.680773409477016,0.0005476240185089,-3.01,-21.7,-4.526869297027588,-23.282081604003906
48.8281,9.2,313.79688,1974.0,0.9510565162951535,9.716309432405978e-05,-10.34,-67.0,-10.181737899780273,-72.9457778930664
49.03146667,-119.4651694,282.5,2010.0,-0.9959189961471792,0.0,-6.1,-75.0,-8.751385688781738,-64.63871002197266
53.8713,8.7058,4.7202148,2012.0,0.6994583270516471,7.301718142116442e-05,-4.74,-33.08,-8.666629791259766,-61.19184112548828
23.95277778,90.27916667,23.626953,2015.0,0.9510565162951535,0.0001892187574412,-1.57,-1.5,-2.084951877593994,-0.42942047119140625
54.0967,13.4056,1.5458374,2012.0,0.9721181966290613,7.307163286895957e-06,-9.64,-70.0,-8.865774154663086,-61.92346954345703
47.6772,9.19,442.90625,1988.0,0.2386727660059501,9.69892971625086e-06,-12.84,-95.6,-12.846918106079102,-95.2688980102539
34.71666667,10.68333333,23.232422,1997.0,0.741222010848596,4.583506961353123e-05,-8.69,-63.9,-4.232092380523682,-20.523414611816406
46.89,7.49,659.34375,2020.0,-0.7116566222817751,0.0,-8.91,-65.4,-11.900548934936523,-87.3422622680664
41.02444444,40.52,10.936523,2013.0,-0.9587178169872964,0.0,-7.12,-38.4,-5.70840311050415,-34.339454650878906
-3.823991667,-73.377425,90.707031,2006.0,0.29671281927349075,0.0001613267813809,-5.73,-33.27,-4.076818943023682,-19.070289611816406
21.04534722,105.7986111,12.334473,2003.0,0.9657399376548549,0.0,0.23,20.99,-2.579885959625244,-5.061256408691406
33.46555556,126.9333333,5.9509277,1996.0,-0.801361088174677,2.8596464289876167e-06,-4.3,-9.0,-6.609110355377197,-42.768714904785156
38.00194982,-1.170837424,61.660156,2007.0,0.9510565162951535,0.0,-6.1,-41.12,-5.100653171539307,-28.651832580566406
51.387367,-0.325697,10.34082,2021.0,0.04302223300453059,2.883376691897865e-05,-4.244070465,-29.71968235,-6.140257358551025,-38.380958557128906
46.32516,16.29311,176.45312,2018.0,-0.680773409477016,0.0,-5.47,-37.9,-6.4041008949279785,-40.850135803222656
-65.07944444,-63.9775,286.6875,2013.0,0.9510565162951535,8.75719234937963e-06,-6.82,-54.89,-9.36787223815918,-81.84576416015625
47.81666667,13.71777778,1616.0625,2022.0,-0.41719360261231697,1.3065860002825502e-05,-20.331,-146.8,-11.217628479003906,-81.62223052978516
43.91281944,4.888775,30.959961,2020.0,-0.23030567023061196,0.0,-5.15,-31.4,-3.763845920562744,-16.141334533691406
36.55530278,126.635925,59.384766,2024.0,0.9562348265919056,7.074197128531523e-06,-8.8,-60.97,-5.877626895904541,-35.923133850097656
38.05011111,23.866675,444.85938,2019.0,-0.2884824328806098,0.0,-11.37,-72.2,-7.744837760925293,-52.534690856933594
58.15,-4.975,69.511719,2004.0,0.6994583270516471,0.0,-6.74,-52.04,-8.126681327819824,-56.62256622314453
46.60305556,13.67138889,2148.125,2018.0,0.9141279881853337,5.041114127379842e-05,-16.216,-120.11,-9.923776626586914,-73.16812896728516
38.79273611,-9.105733333,36.355469,2002.0,-0.9338372288229252,0.0,-1.74,-7.5,-4.198126316070557,-20.205543518066406
39.1,117.1666667,3.3602295,1989.0,0.29671281927349075,0.0,-10.57,-76.6,-6.866888523101807,-45.181129455566406
46.96666667,28.9,90.308594,2009.0,-0.9741004551724206,2.281489832967054e-05,-5.98,-36.18,-8.903379440307617,-63.32642364501953
46.98141401,6.607999655,1046.0625,2012.0,0.6994583270516471,0.0001003748839139,-11.99,-88.2,-12.683221817016602,-93.8978042602539
41.46666667,46.08333333,0.0,2014.0,0.9510565162951535,0.0,-8.06,-48.4,-9.144569396972656,-64.25861358642578
-34.05,115.0249,77.78125,2016.0,-0.5595892624101763,3.510951864882372e-05,-5.11,-24.6,-3.210684299468994,-10.964576721191406
36.62,127.46,80.589844,2016.0,-0.27195815753410524,0.0,-7.79,-43.5,-6.866888523101807,-45.181129455566406
10.3,1.38,439.10938,2016.0,-0.6932812268869771,5.288432657835074e-05,-3.76,-19.6,-4.610571384429932,-24.065406799316406
-3.12,-60.02,49.394531,1984.0,-0.23030567023061196,0.0,-3.4,-12.0,-3.123342990875244,-10.147193908691406
36.98,35.3,22.958008,2014.0,0.741222010848596,0.0,-2.11,-9.9,-3.2470765113830566,-11.305152893066406
35.9075,-106.4038889,3100.375,1990.0,-0.41719360261231697,1.5397801689687185e-05,-10.53,-96.4,-7.781088352203369,-58.224098205566406
0.453055556,33.195,1174.25,2020.0,-0.7116566222817751,0.0,-1.93,-2.3,-2.9802002906799316,-8.807594299316406
45.6,13.93333333,486.53125,2003.0,0.9510565162951535,0.0,-5.18,-22.99,-11.435037612915039,-83.4432144165039
37.90111111,40.20361111,674.46875,2012.0,-0.7116566222817751,0.0,-4.58,-17.85,-5.422117710113525,-31.660255432128906
47.59583333,7.594444444,248.26562,1996.0,0.2386727660059501,1.851332126534544e-05,-11.17,-85.5,-9.933635711669922,-70.86771392822266
36.62,127.46,80.589844,1998.0,-0.7236440382959123,0.0003471107047516,-7.95,-42.7,-6.866888523101807,-45.181129455566406
46.57248471,8.332719621,1924.0,2017.0,0.6994583270516471,0.0,-15.54,-114.7,-14.43272590637207,-108.5513687133789
38.03333333,114.4166667,86.800781,1986.0,-0.2884824328806098,0.0,-9.98,-69.9,-8.113312721252441,-56.443138122558594
7.47,151.85,0.0,1969.0,-0.680773409477016,7.392655243165791e-05,-6.9,-44.1,-5.360250949859619,-31.081275939941406
41.75,44.766667,0.0,2014.0,-0.7236440382959123,0.0,-12.81,-90.7,-9.108760833740234,-63.95868682861328
48.8281,9.2,313.79688,1980.0,-0.6932812268869771,0.0,-5.32,-39.7,-6.439280033111572,-41.179359436035156
43.78,87.62,900.71875,1988.0,0.7295575540864875,8.949714538175613e-05,-8.74,-54.6,-8.228893280029297,-56.58905792236328
-13.0,28.65,1260.6875,1983.0,-0.2884824328806098,4.038344195578247e-05,-6.62,-36.7,-4.826498508453369,-26.086158752441406
-6.18,106.83,5.1230469,1985.0,0.6994583270516471,0.0001353642146568,-5.58,-33.3,-5.803022861480713,-35.224952697753906
0.104722222,-79.28333333,243.28906,1993.0,0.2386727660059501,0.0001379445457132,-3.41,-13.5,-3.2567811012268066,-11.395973205566406
47.6772,9.19,442.90625,1992.0,0.6994583270516471,0.0,-11.52,-82.0,-12.995267868041992,-96.5114517211914
37.01,-7.96,0.0,1989.0,0.9510565162951535,0.0,-5.06,-28.8,-4.551130771636963,-23.509132385253906
46.49143367,9.898180888,1767.6875,2001.0,0.9760105506323683,1.3283641237649135e-05,-14.73,-117.5,-13.813749313354492,-103.3669204711914
50.06166667,19.84861111,356.8125,2014.0,0.741222010848596,0.0,-6.82,-46.2,-8.418167114257812,-58.17438507080078
-33.97,18.6,41.798828,1973.0,0.2386727660059501,0.0,-0.46,-0.4,-3.3004517555236816,-11.804664611816406
47.6772,9.19,442.90625,1995.0,0.2386727660059501,0.0,-13.01,-98.9,-12.381406784057617,-91.3698501586914
52.141,-106.6244,507.71875,1992.0,-0.970063921851507,0.0,-15.3,-112.0,-17.31275749206543,-132.67404174804688
23.05,-82.21666667,123.02734,2002.0,-0.2135209154397959,3.0702529329573736e-05,-1.43,-6.8,-3.3974976539611816,-12.712867736816406
46.98141401,6.607999655,1046.0625,2010.0,-0.2135209154397959,2.867277908080723e-05,-6.27,-39.4268632,-7.030376434326172,-46.49199295043945
13.73,100.5,5.7392578,2008.0,0.6994583270516471,0.0,-2.47,-9.52,-4.501394748687744,-23.043678283691406
51.57,4.93,17.209961,1982.0,0.29671281927349075,7.401088805636391e-05,-6.99,-50.9,-6.665215015411377,-43.29376983642578
17.25,54.08333333,863.25,1989.0,-0.11165900712169444,8.869549674273003e-06,-0.56,6.5,-1.1217713356018066,8.584495544433594
4.05,114.81,27.053711,2010.0,0.9992500112396835,7.214046490844339e-05,-5.83,-40.06,-6.866888523101807,-45.181129455566406
6.166666667,102.2833333,3.2288818,1994.0,-0.2135209154397959,0.0,-6.24,-33.4,-6.208189487457275,-39.016700744628906
41.91172742,2.763346411,139.71094,2013.0,0.29671281927349075,6.477855640696362e-05,-5.07,-34.6,-4.707617282867432,-24.973609924316406
51.1622,14.9506,238.80469,2008.0,0.7295575540864875,0.0001665846357354,-6.43,-43.3,-8.037700653076172,-54.98766326904297
43.933,-60.007,2.6035156,2021.0,0.9562348265919056,0.0,-3.825,-18.84,-8.205873489379883,-56.39624786376953
14.52,121.0,3.6977539,1963.0,-0.2135209154397959,0.0,-6.4,-42.8,-7.0963454246521,-48.454811096191406
52.1042,8.7519,134.42188,1993.0,0.9760105506323683,0.0,-6.68,-52.0,-8.39130973815918,-57.949440002441406
60.72,-135.07,695.0,1963.0,-0.7236440382959123,0.0,-27.8,-211.2,-21.40516471862793,-166.95138549804688
40.37,-81.8,372.875,1971.0,0.6994583270516471,7.97072789282538e-06,-12.03,-84.6,-10.496341705322266,-75.58084869384766
-45.35,-72.07,583.1875,1993.0,-0.680773409477016,0.000265473005129,-12.45,-92.0,-9.607673645019531,-84.2841567993164
10.76666667,-85.32,862.78125,1991.0,-0.2135209154397959,3.3824529964476824e-05,-4.87,-33.8,-6.1554179191589355,-40.886756896972656
23.05,-82.21666667,123.02734,2021.0,-0.9587178169872964,4.219242691760883e-05,-3.56,-17.5,-3.637686252593994,-14.960670471191406
9.666666667,-84.63333333,36.878906,1990.0,-0.9741004551724206,0.0001990771270357,-7.32,-47.5,-6.491138935089111,-41.66468048095703
25.51900833,-80.491375,5.5644531,1998.0,0.1712931441814776,0.0,-1.94,-0.9,-2.371237277984619,-3.1086196899414062
31.62,25.95,0.0,1992.0,-0.27195815753410524,1.0370344170951284e-05,-2.96,-10.9,-4.606932163238525,-24.031349182128906
-34.35,-56.71,37.4375,2004.0,0.2386727660059501,0.0,-2.91,-11.6,-5.435461521148682,-31.785133361816406
39.28333333,-7.416666667,492.75,1999.0,0.9510565162951535,3.8255206163739786e-05,-4.51,-26.8,-5.429396152496338,-31.728370666503906
46.60305556,13.67138889,2148.125,2017.0,-0.8115390590073611,0.0003900272713508,-12.835,-88.46,-7.1752495765686035,-49.580543518066406
-31.48388889,145.8294444,259.60938,2011.0,0.9510565162951535,0.0,-2.16,-13.3,-3.744436740875244,-15.959693908691406
34.9,-120.45,72.417969,1974.0,0.9760105506323683,6.969470268813893e-05,-2.08,-13.6,-5.075178623199463,-28.413429260253906
34.57,69.21333333,1788.0,1986.0,0.9510565162951535,0.0,-7.61,-46.0,-4.620275974273682,-24.156227111816406
49.82,-74.97,386.4375,2010.0,-0.9741004551724206,0.0,-14.48,-104.3,-13.404508590698242,-99.9391860961914
47.59583333,7.594444444,248.26562,2006.0,-0.7236440382959123,0.0,-8.91,-66.4,-10.35566520690918,-74.4025650024414
-17.83,31.02,1473.25,1965.0,0.2386727660059501,0.0,-6.9,-41.6,-5.037573337554932,-28.061500549316406
38.98916547,-3.920273851,626.8125,2010.0,0.9510565162951535,0.0,-8.56,-55.98,-6.399855136871338,-40.810401916503906
42.58834633,-5.651107617,911.78125,2001.0,0.9760105506323683,0.0,-3.83,-22.1,-8.932275772094727,-62.48047637939453
46.49143367,9.898180888,1767.6875,2017.0,0.741222010848596,0.0,-12.5,-89.5,-11.056489944458008,-80.2725601196289
36.15,-5.35,1.5737915,1961.0,-0.2884824328806098,0.0,-4.9,-19.2,-3.783255100250244,-16.322975158691406
48.24861111,16.35638889,200.63281,2011.0,-0.2884824328806098,9.32058901526034e-06,-10.62,-79.3,-11.964492797851562,-87.87784576416016
40.40725278,-3.686133333,653.5,2003.0,0.3212696616923644,0.0,-4.98,-33.6,-5.662306308746338,-33.908058166503906
28.63,-106.07,1444.25,1981.0,0.6994583270516471,0.0,-9.73,-68.5,-7.993579387664795,-54.61811065673828
7.07,38.78,2674.625,1999.0,-0.9741004551724206,8.211917156586424e-05,-5.12,-25.0,-1.3110108375549316,6.813499450683594
4.05,114.81,27.053711,2009.0,0.7748840413670407,0.0,-3.93,-20.49,-6.250647068023682,-39.414039611816406
47.38333333,123.9166667,143.5,1988.0,0.9721181966290613,0.0,-16.9,-124.7,-16.88817024230957,-129.11776733398438
49.7703,9.9578,265.90625,1991.0,-0.2884824328806098,0.0,-7.87,-61.1,-10.603767395019531,-76.48062896728516
26.27,50.62,2.3325195,1968.0,-0.7116566222817751,3.3343208087899256e-06,-0.22,8.7,-1.8107972145080566,2.1362533569335938
47.4828,11.0622,716.1875,1991.0,-0.2135209154397959,0.0,-9.25,-65.9,-7.4968671798706055,-50.43869400024414
32.2361,-110.9439,753.21875,2016.0,-0.23030567023061196,7.983508839970455e-05,-3.54,-25.5,-6.866888523101807,-45.181129455566406
6.417169444,2.329255556,12.735352,2013.0,0.6994583270516471,0.0,-4.52,-20.64,-2.371237277984619,-3.1086196899414062
-46.88,37.87,0.0,1994.0,-0.2884824328806098,6.708292403345695e-06,-2.62,-8.5,-5.334776401519775,-30.842872619628906
-1.43,-48.48,4.737793,1976.0,-0.27195815753410524,0.0001904959208332,-1.53,-4.3,-2.929251194000244,-8.330787658691406
44.09,11.08,1145.625,1975.0,0.9510565162951535,0.0,-7.47,-43.3,-8.453975677490234,-58.47431182861328
46.64833333,14.31833333,448.71875,1987.0,0.741222010848596,4.454515146790072e-05,-8.86,-60.3,-9.111318588256836,-63.98011016845703
-7.315277778,72.42805556,2.3126221,1975.0,0.741222010848596,0.0001228835899382,-1.68,-5.1,-3.812368869781494,-16.595436096191406
22.31666667,114.1666667,34.056641,1983.0,0.9760105506323683,0.0,-2.85,-6.7,-3.6255555152893066,-14.847145080566406
81.6,-16.67,27.780273,1965.0,0.9510565162951535,8.602934940427076e-06,-34.3,-254.1,-25.405492782592773,-200.45748901367188
46.98141401,6.607999655,1046.0625,1997.0,-0.7236440382959123,0.0,-14.62,-102.4,-12.862264633178711,-95.3974380493164
-27.47,-58.83,60.339844,1981.0,-0.9741004551724206,0.0,-3.1,-11.7,-3.6255555152893066,-14.847145080566406
37.162,-8.485,6.5202637,2017.0,0.6994583270516471,0.0,-7.03,-42.8,-4.193274021148682,-20.160133361816406
16.73,-169.52,0.0,1963.0,-0.2135209154397959,3.663618917926215e-05,0.0,8.1,-2.7084717750549316,-6.264625549316406
46.60305556,13.67138889,2148.125,2018.0,0.8406184056344782,0.0,-34.732,-260.49,-8.747695922851562,-62.883338928222656
47.47051111,21.49041944,105.30859,2006.0,6.432490598706546e-16,0.0,-12.59,-94.86,-7.811978816986084,-53.09705352783203
-22.94916667,-46.54916667,855.53125,1998.0,-0.9242907221930934,0.0,-3.26,-9.26,-2.8103699684143066,-7.218238830566406
52.16666667,0.25,32.667969,1980.0,-0.27195815753410524,0.0,-8.9,-56.0,-7.965444087982178,-54.38245391845703
-15.85,-47.93,1012.8125,1974.0,0.9760105506323683,1.169687607216474e-06,-7.81,-52.9,-5.104292392730713,-28.685890197753906
34.95,32.83,1417.1875,2019.0,0.29671281927349075,0.0,-3.24,-8.6,-4.426184177398682,-22.339820861816406
46.22030867,7.33848445,481.70312,2014.0,-0.9741004551724206,0.0,-5.71,-41.5,-9.243120193481445,-65.46875762939453
46.72738634,8.186782163,600.90625,2006.0,0.741222010848596,0.0001580136740813,-9.16,-63.73,-8.384916305541992,-57.89588165283203
4.05,114.81,27.053711,2011.0,0.7583058084785624,0.0004990387242287,-13.502,-93.392,-6.866888523101807,-45.181129455566406
10.86,0.2,372.54688,2015.0,0.16280701293851715,0.0,-1.453,-0.69,-2.710897922515869,-6.287330627441406
49.7703,9.9578,265.90625,1985.0,0.6994583270516471,0.0,-7.89,-57.2,-11.350631713867188,-82.73624420166016
48.65,-123.43,15.649902,1979.0,-0.680773409477016,2.472296000632923e-05,-7.7,-73.0,-8.973355293273926,-64.2645034790039
50.3381,7.6,86.441406,1994.0,0.9760105506323683,0.0,-7.25,-53.1,-8.181573867797852,-56.192726135253906
14.93894444,-88.02145,661.125,2009.0,-0.2135209154397959,0.0,-4.18,-21.65,-4.85439920425415,-26.347267150878906
35.68,139.77,22.099609,1962.0,0.2386727660059501,0.0,-10.0,-48.3,-6.866888523101807,-45.181129455566406
-53.0,-70.833333,32.589844,2014.0,-0.2884824328806098,8.521824929630384e-05,-7.63,-48.1,-8.602779388427734,-69.9472427368164
43.71,10.4,9.4057617,1994.0,-0.2884824328806098,1.688111478870269e-05,-3.92,-18.6,-6.408346652984619,-40.889869689941406
4.365694444,18.58725,381.14062,2010.0,0.29671281927349075,0.0,-1.223248493,5.913816967,-1.5051026344299316,4.997093200683594
72.58,-38.4799,3202.0,2012.0,0.8263541987239096,1.3659895557793789e-05,-35.2481296,-265.9234897,-32.198890686035156,-257.3578796386719
39.95,32.88,920.125,1966.0,-0.9741004551724206,0.0,-7.07,-51.8,-5.47549295425415,-32.159767150878906
38.72,-27.33,632.4375,1999.0,0.9510565162951535,3.64902189176064e-05,-5.17,-24.65,-3.5382142066955566,-14.029762268066406
21.32,103.91,609.09375,2020.0,0.9721181966290613,0.000201026268769,-4.16,-18.5,-3.783255100250244,-16.322975158691406
-6.18,106.83,5.1230469,1964.0,-0.970063921851507,7.776554411975667e-05,-8.4,-57.6,-4.868956089019775,-26.483497619628906
32.2361,-110.9439,753.21875,2018.0,-0.9587178169872964,0.0,-6.1,-45.1,-7.3087968826293945,-51.485877990722656
-34.38,-58.28,0.0,1992.0,-0.7116566222817751,0.0001797883160179,-5.1,-32.0,-3.754141330718994,-16.050514221191406
47.47051111,21.49041944,105.30859,2009.0,0.9741004551724205,4.589108357322402e-06,-18.5,-144.07,-9.634378433227539,-68.3611831665039
40.41666667,-7.55,1295.4375,2002.0,-0.9741004551724206,0.000153217362822,-6.24,-35.3,-7.674881458282471,-51.934043884277344
47.4,28.49166667,94.726562,2017.0,-0.7236440382959123,0.0,-8.61,-55.5,-9.94642448425293,-70.9748306274414
68.68333333,21.53,459.29688,1990.0,-0.680773409477016,0.0,-11.34,-79.3,-13.563089370727539,-101.2674331665039
-20.26805556,57.39833333,111.70312,1992.0,0.2802306751992159,2.4142302663676678e-06,-1.11,4.7,-3.055410861968994,-9.511451721191406
48.78,-123.13,148.02344,2003.0,-0.9587178169872964,2.906573354266584e-05,-7.39,-53.5,-7.824000358581543,-55.928855895996094
76.76666667,-18.66666667,0.0,2001.0,0.9778483415056568,3.236641532566864e-06,-21.82,-159.7,-21.589323043823242,-168.49386596679688
41.13333333,-8.6,59.621094,1999.0,-0.7236440382959123,8.856331987772137e-05,-4.54,-27.3,-4.963575839996338,-27.368995666503906
47.81666667,13.71777778,1616.0625,2001.0,-0.622046748440868,8.16957835922949e-05,-12.18,-72.2,-12.23817253112793,-90.1701431274414
31.31859722,45.28,14.047852,2013.0,-0.034421611622745804,0.0,0.38,16.0,-2.570181369781494,-4.970436096191406
14.64,121.04,42.933594,2000.0,-0.23030567023061196,8.416287164436653e-05,-7.49,-49.45,-6.994654178619385,-47.00397491455078
9.466666667,100.05,0.0,1980.0,-0.27195815753410524,2.4488952476531267e-05,-8.64,-57.8,-5.117636203765869,-28.810768127441406
4.321666667,117.8705556,53.099609,2008.0,-0.9634705485641486,0.0,-9.99,-65.94,-6.989805221557617,-49.72595977783203
49.0422,12.1019,370.21875,2002.0,-0.7236440382959123,4.735558832180686e-06,-12.62,-91.8,-11.099971771240234,-80.63675689697266
38.66038889,-27.22009444,77.109375,1999.0,-0.27195815753410524,0.0,-1.395,-2.15,-4.021017551422119,-18.548072814941406
39.28333333,-7.416666667,492.75,1990.0,-0.680773409477016,0.0,-4.36,-31.6,-3.8342041969299316,-16.799781799316406
53.5483,13.1931,76.890625,2001.0,0.741222010848596,4.1182727727573365e-05,-5.67,-39.5,-7.149520397186279,-47.54840850830078
41.9,13.31666667,1152.75,2002.0,-0.680773409477016,0.0,-8.7,-56.96,-5.63622522354126,-33.663978576660156
13.03,123.92,624.1875,1997.0,0.29671281927349075,8.42705339891836e-05,-4.82,-24.3,-5.374807834625244,-31.217506408691406
43.587,13.51533333,153.78906,2018.0,0.6994583270516471,6.187058170326054e-05,-11.15,-75.9,-6.546637058258057,-42.184059143066406
-16.49888889,-68.12305556,3582.75,2006.0,-0.2135209154397959,0.0,-16.93,-122.34,-9.527862548828125,-83.1454849243164
41.15305556,-96.49277778,352.0625,1994.0,0.7526668275320084,0.0,-4.4,-35.0,-7.217940330505371,-48.121482849121094
7.0,-73.08333333,1079.75,2004.0,-0.27195815753410524,3.41658087563701e-05,-4.15,-19.26,-5.662259578704834,-34.127708435058594
10.00036389,-84.10913333,1157.3125,2018.0,-0.9999907397361901,0.0001129658703575,-12.8995185,-93.13844366,-8.19769287109375,-65.55970001220703
-1.61374,29.25533,1773.0625,2014.0,-0.680773409477016,9.945625788532196e-05,-0.565,10.9,-0.44730234146118164,14.896507263183594
46.17378583,8.788556051,407.5,2015.0,0.9760105506323683,1.5840383639442734e-05,-10.32,-71.6,-9.836441040039062,-70.05362701416016
-65.07944444,-63.9775,286.6875,1996.0,-0.9634705485641486,2.375447399605324e-06,-11.45,-90.5,-8.228744506835938,-93.3573226928711
11.82444444,39.585,1872.25,2002.0,-0.9587178169872964,4.496917244978249e-05,0.16,15.35,-1.0975098609924316,8.811546325683594
41.91172742,2.763346411,139.71094,2008.0,0.9721181966290613,1.32410959849949e-05,-6.04,-42.37,-5.7733025550842285,-34.946815490722656
46.39864119,6.233803787,434.125,1996.0,0.6994583270516471,5.445076385512948e-05,-13.46,-95.4,-11.74708366394043,-86.0568618774414
28.22,-177.37,0.0,1980.0,0.2802306751992159,0.0,-1.02,0.3,-3.302877902984619,-11.827369689941406
49.0975,19.59,572.9375,1996.0,0.9721181966290613,0.0,-8.18,-56.4,-11.135780334472656,-80.93668365478516
47.47051111,21.49041944,105.30859,2007.0,-0.9679377830240641,0.0,-3.19,-21.46,-8.822233200073242,-62.726234436035156
47.47051111,21.49041944,105.30859,2003.0,0.5524353131676196,0.0,-12.19,-108.9,-8.226335525512695,-56.56763458251953
36.55530278,126.635925,59.384766,2020.0,-0.9634705485641486,4.011382316093659e-06,-10.24,-68.6,-7.5470967292785645,-54.885719299316406
43.365884,-8.421399,56.794922,2019.0,0.2386727660059501,7.326829654630274e-05,-4.73,-27.3,-6.222139835357666,-39.147254943847656
42.48,9.2,195.91406,1998.0,-0.2884824328806098,0.0,-10.28,-66.4,-7.9373087882995605,-54.14679718017578
41.818399,46.266606,0.0,2014.0,0.741222010848596,0.0,-4.22,-27.1,-5.292318820953369,-30.445533752441406
47.81666667,13.71777778,1616.0625,2002.0,-0.9338372288229252,0.0,-13.07,-90.2,-9.596012115478516,-68.03983306884766
32.97,35.5,816.46875,1989.0,0.9510565162951535,1.3223617315816227e-05,-7.16,-41.6,-4.841055393218994,-26.222389221191406
19.28,166.65,4.0,1964.0,0.9562348265919056,2.3527263692812998e-05,-1.1,1.8,-2.2038331031799316,-1.5419692993164062
19.28,166.65,4.0,1974.0,0.6994583270516471,2.852000397979282e-05,-0.68,1.3,-1.9393830299377441,0.9328842163085938
4.05,114.81,27.053711,2006.0,-0.23867276600594997,0.000188815058209,-6.01,-34.78,-7.0390944480896,-47.63800811767578
50.06166667,19.84861111,356.8125,2015.0,-0.9741004551724206,0.0,-15.17,-109.5,-9.108957290649414,-64.63956451416016
45.32,-75.67,112.08594,1984.0,-0.6932812268869771,0.0,-6.9,-49.5,-7.51444673538208,-54.419898986816406
48.24861111,16.35638889,200.63281,1977.0,0.741222010848596,2.8509768526419063e-05,-4.92,-37.6,-7.877840995788574,-53.648704528808594
42.025,35.15833333,61.443359,2016.0,0.6994583270516471,1.115520490202471e-06,-9.59,-71.7,-9.411853790283203,-66.49735260009766
48.8281,9.2,313.79688,1981.0,-0.9587178169872964,1.1953712601098232e-05,-6.7,-50.5,-6.96489953994751,-45.842472076416016
40.8203002,0.493333172,52.294922,2011.0,-0.2135209154397959,0.0,-4.04,-29.4,-3.3392701148986816,-12.167945861816406
45.69356,-65.165193,397.76562,2017.0,-0.2135209154397959,0.0,-6.89,-45.46,-7.312878608703613,-51.544105529785156
-75.58333333,-20.56666667,105.53516,1988.0,-0.9634705485641486,1.0164064355598789e-07,-27.28,-212.3,-21.8783016204834,-176.77560424804688
31.95765,35.84828333,916.125,2018.0,0.6994583270516471,0.0,-7.28,-35.6,-2.9850525856018066,-8.853004455566406
1.35,103.9,20.787109,1975.0,-0.2135209154397959,5.324276571627706e-05,-8.96,-58.4,-6.866888523101807,-45.181129455566406
51.93,-10.25,33.068359,1994.0,-0.9741004551724206,8.414375770371407e-05,-6.38,-41.2,-5.850332736968994,-35.667701721191406
-75.58333333,-20.56666667,105.53516,2012.0,0.9721181966290613,1.289594264460648e-06,-23.21,-183.8,-18.82571792602539,-151.42672729492188
-41.15,-71.33,951.28125,1998.0,0.741222010848596,0.0,-11.0,-75.0,-8.496667861938477,-68.4333267211914
-0.13,-67.08,58.835938,1989.0,-0.680773409477016,5.5478296417277306e-05,-3.56,-17.4,-3.4945435523986816,-13.621070861816406
78.91666667,11.93333333,38.650391,2006.0,0.9760105506323683,0.0,-6.51,-51.8,-11.821258544921875,-86.67813873291016
3.33,-76.13,2883.375,2003.0,-0.9741004551724206,0.0001435892918379,-11.6,-84.9,-8.987323760986328,-75.4335708618164
21.44,91.99,9.9770508,2019.0,-0.2135209154397959,0.0002656640717759,-7.07,-47.4,-6.162699222564697,-38.590980529785156
-15.55555556,-69.98222222,3815.25,2001.0,0.9510565162951535,0.0001711761578917,-22.27,-166.1,-11.826059341430664,-115.9340591430664
46.095,14.597,283.89062,1992.0,0.9721181966290613,0.0,-7.1,-41.9,-9.908058166503906,-70.65348052978516
44.13333333,6.333333333,881.625,2002.0,0.9070138128026359,0.0,-5.92,-36.9,-8.368289947509766,-57.756629943847656
38.05011111,23.866675,444.85938,2009.0,-0.2135209154397959,0.0,-4.58,-30.55,-4.105932712554932,-19.342750549316406
-75.58333333,-20.56666667,105.53516,2013.0,0.9510565162951535,0.0,-16.65,-126.7,-18.82571792602539,-151.42672729492188
-1.43,-48.48,4.737793,1965.0,0.9760105506323683,0.0001054813037626,-1.5,-5.0,-4.609358310699463,-24.054054260253906
-65.07944444,-63.9775,286.6875,1973.0,0.741222010848596,5.265996639570437e-07,-16.29,-127.3,-8.873048782348633,-73.8031997680664
32.63333333,-16.9,0.0,1990.0,0.2386727660059501,1.0395430763310289e-05,-1.7,-9.1,-3.754141330718994,-16.050514221191406
0.05,32.45,1135.4375,1968.0,-0.6932812268869771,0.0,-0.7,7.0,-3.5091004371643066,-13.757301330566406
43.91281944,4.888775,30.959961,2006.0,-0.2884824328806098,0.0,-5.5,-31.46,-6.377110004425049,-40.59754180908203
7.198611111,-72.97388889,1864.375,2005.0,0.741222010848596,0.0001020889030769,-13.25,-96.57,-9.399076461791992,-81.3080825805664
46.39864119,6.233803787,434.125,2002.0,0.741222010848596,0.0,-8.97,-65.85497141,-7.432472229003906,-49.918365478515625
51.6,-1.1,55.042969,2012.0,0.7295575540864875,0.0001504195097368,-6.5,-41.8,-6.519703388214111,-42.78675079345703
14.93894444,-88.02145,661.125,2011.0,-0.680773409477016,0.0002457971568219,-7.44,-50.0,-5.656240940093994,-33.851295471191406
36.15,-5.35,1.5737915,1977.0,0.6994583270516471,0.0,-5.25,-24.2,-4.552343845367432,-23.520484924316406
1.98,-157.46,0.0,1963.0,0.9760105506323683,0.0,-2.3,-13.0,-3.448446750640869,-13.189674377441406
37.1644591,-5.611393166,86.394531,2018.0,0.741222010848596,0.0,-5.71,-34.6,-4.152029514312744,-19.774147033691406
40.67,22.96,94.164062,2003.0,0.29671281927349075,0.0,0.18,-2.7,-5.321432590484619,-30.717994689941406
10.00036389,-84.10913333,1157.3125,2016.0,-0.455906693508459,0.0,-6.916868,-49.033452,-5.350849151611328,-31.52472686767578
49.7703,9.9578,265.90625,1999.0,0.741222010848596,0.0,-5.4,-37.2,-6.969758033752441,-46.042747497558594
47.07777778,15.44888889,370.03125,1987.0,-0.680773409477016,0.0,-6.91,-43.9,-6.621999263763428,-42.88933563232422
64.13,-21.93,12.141602,1999.0,-0.9741004551724206,3.12298402604938e-06,-8.74,-61.75,-9.479635238647461,-67.06507110595703
33.96666667,-4.983333333,500.04688,2018.0,-0.9741004551724206,0.0,-5.4,-27.6,-4.509886264801025,-23.123146057128906
36.98,35.3,22.958008,2013.0,0.9510565162951535,0.0,-1.98,-6.34,-4.5341477394104,-23.350196838378906
25.21916667,91.66277778,913.15625,2008.0,-0.9984354211555643,0.0005385169642977,-12.71,-89.2,-8.753332138061523,-72.0951919555664
36.15,-5.35,1.5737915,1975.0,-0.2884824328806098,0.0,-6.04,-32.8,-5.357824802398682,-31.058570861816406
-40.68,144.69,82.167969,2012.0,0.2802306751992159,3.221296356059611e-05,-4.93,-24.0,-4.673651218414307,-24.655738830566406
36.79444444,34.08333333,1385.8125,1991.0,0.9760105506323683,1.0756831215985583e-05,-9.26,-64.2,-5.695059299468994,-34.214576721191406
28.46344137,-16.2553441,36.554688,2004.0,0.6994583270516471,0.0,-2.9,-16.49,-2.7327332496643066,-6.491676330566406
-31.95,115.78,12.910645,1989.0,0.6994583270516471,0.0,-3.19,-11.1,-3.647390842437744,-15.051490783691406
48.78,-123.13,148.02344,2010.0,0.6994583270516471,7.980658119777218e-05,-12.02,-95.6,-12.038667678833008,-88.4991226196289
53.57,-113.52,665.5,1964.0,-0.27195815753410524,0.0,-30.4,-240.6,-18.836332321166992,-168.81637573242188
-20.299175,57.47873889,391.1875,2009.0,-0.9587178169872964,3.937678229704034e-06,-1.63,0.89,-1.5924439430236816,4.179710388183594
15.6,32.55,385.92188,1962.0,0.29671281927349075,0.0,0.3,13.7,-1.1994080543518066,7.857933044433594
51.3744,11.2919,162.88281,2012.0,0.2802306751992159,0.0,-5.46,-34.8,-7.863133907318115,-53.52552032470703
-33.95833333,18.46111111,109.49609,1999.0,0.741222010848596,0.0,-2.8,-7.0,-3.307730197906494,-11.872779846191406
10.00036389,-84.10913333,1157.3125,2017.0,-0.060213277365792774,0.0001356003485852,-7.5368424,-51.343148,-6.804389476776123,-47.939552307128906
34.71666667,10.68333333,23.232422,2018.0,-0.680773409477016,0.0,-3.05,-13.0,-3.7614197731018066,-16.118629455566406
36.34064444,43.12988333,231.57812,2023.0,0.3375228995941133,0.0,-1.31,11.26,-3.2519288063049316,-11.350563049316406
46.95222563,7.439320571,542.53125,1992.0,0.2386727660059501,0.0001204381042043,-14.36,-103.9,-12.309789657592773,-90.7699966430664
-31.95,115.78,12.910645,1998.0,0.29671281927349075,0.0,-3.81,-13.8,-3.3974976539611816,-12.712867736816406
52.4672,13.4019,47.5625,1984.0,-0.23030567023061196,8.80497827893123e-05,-5.42,-36.9,-6.576054096221924,-42.45935821533203
-33.95833333,18.46111111,109.49609,2005.0,-0.7236440382959123,6.4454443418071605e-06,0.97,4.0,-3.0141663551330566,-9.125465393066406
36.15,-5.35,1.5737915,1979.0,-0.9587178169872964,5.292626519803889e-05,-2.95,-12.5,-4.149603366851807,-19.751441955566406
50.92,5.78,111.17188,1985.0,0.29671281927349075,0.0,-7.77,-54.0,-6.862289905548096,-45.138092041015625
42.36666667,-3.633333333,876.84375,2003.0,0.9510565162951535,0.0,-11.87,-84.77,-9.051210403442383,-63.476661682128906
-0.8968,-89.609,13.19873,2018.0,-0.9587178169872964,0.0,-0.72,0.6,-1.5536255836486816,4.542991638183594
25.07,110.08,385.5,1989.0,-0.7236440382959123,0.0,-3.91,-18.6,-6.115389347076416,-38.148231506347656
10.29583333,-84.00027778,266.92188,2004.0,-0.2967128192734901,0.0,-6.4,-41.0,-5.9188714027404785,-36.309120178222656
0.512102778,25.20643889,414.57812,2015.0,-0.680773409477016,0.0001455921737942,-0.25,12.2,-1.6021485328674316,4.088890075683594
47.98,-55.82,119.36328,2006.0,0.9510565162951535,0.0,-14.38,-104.5,-10.133140563964844,-72.53873443603516
-19.87086111,-43.96733333,844.875,2015.0,0.2386727660059501,0.0002150435175281,-2.34,-7.7,-5.241369724273682,-29.968727111816406
47.8008,11.0108,974.96875,1983.0,-0.7236440382959123,0.0,-14.17,-101.7,-12.294443130493164,-90.6414566040039
40.80638889,-104.7547222,1641.75,1997.0,0.6994583270516471,0.0,-17.0,-132.0,-15.02100944519043,-113.4787368774414
-40.68,144.69,82.167969,2012.0,-0.23030567023061196,2.533697852413752e-06,-5.7,-30.6,-4.047705173492432,-18.797828674316406
55.7,37.51666667,199.46875,2017.0,-0.2135209154397959,0.0,-10.13,-74.5,-8.096529006958008,-55.48040008544922
47.59583333,7.594444444,248.26562,2008.0,-0.23030567023061196,3.5416251193964854e-05,-4.59,-24.0,-6.290375232696533,-39.78583526611328
51.18,8.4889,841.375,2012.0,0.2802306751992159,0.0,-6.37,-43.3,-7.758905410766602,-52.65251922607422
39.46666667,-6.333333333,410.0,2014.0,-0.2135209154397959,0.0,-0.33,-7.1,-3.550344944000244,-14.143287658691406
24.91,91.84533333,16.452148,2019.0,0.6994583270516471,0.0,-0.32,7.0,-2.3154358863830566,-2.5864028930664062
23.05,-82.21666667,123.02734,2002.0,-0.9587178169872964,0.0,-6.12,-38.9,-3.7274537086486816,-15.800758361816406
53.23,6.55,7.7121582,1988.0,0.7295575540864875,7.62025301810354e-05,-7.09,-54.2,-6.866888523101807,-45.181129455566406
46.20239,7.84117,1546.1875,2021.0,0.6994583270516471,0.0,-16.22,-122.96,-14.509458541870117,-109.1940689086914
34.57,69.21333333,1788.0,1986.0,-0.2884824328806098,0.0,-7.07,-36.4,-6.866888523101807,-45.181129455566406
51.93,-10.25,33.068359,2007.0,0.6994583270516471,1.6116991901071742e-05,-7.12,-46.61,-6.036539554595947,-37.410316467285156
46.72738634,8.186782163,600.90625,2014.0,-0.2135209154397959,0.0,-9.5,-66.5,-6.567107677459717,-42.375633239746094
-0.316666667,-78.96666667,918.15625,1993.0,0.9760105506323683,0.0004491033323574,-8.96,-62.5,-7.946152210235596,-60.579078674316406
46.60305556,13.67138889,2148.125,1997.0,-0.9741004551724206,0.0,-8.69,-55.6,-8.286616325378418,-59.72936248779297
62.89179444,27.62542222,94.585938,2006.0,0.2386727660059501,0.0001122859030147,-11.41,-87.0,-16.91886329650879,-129.37484741210938
3.305997222,-76.07,3488.75,2003.0,-0.2135209154397959,0.0,-7.0,-46.2,-8.140237808227539,-63.348121643066406
-20.901,55.484,83.28125,2003.0,-0.9741004551724206,0.0,0.39,11.5,-1.6312623023986816,3.8164291381835938
45.32,-75.67,112.08594,1991.0,-0.2884824328806098,5.832597526023165e-05,-15.86,-109.2,-10.802734375,-103.20539093017578
58.1,6.57,0.0,1973.0,0.9510565162951535,1.7668522559688427e-05,-4.55,-31.7,-7.925159454345703,-54.04503631591797
47.6772,9.19,442.90625,1990.0,0.9760105506323683,2.057138226518873e-05,-10.4,-82.7,-11.227859497070312,-81.70792388916016
48.22,11.59,494.59375,1995.0,-0.7236440382959123,1.7851381926448084e-05,-14.63,-107.4,-11.949146270751953,-87.74930572509766
47.81666667,13.71777778,1616.0625,2001.0,-0.9995462806873573,0.0,-12.28,-86.6,-10.2252197265625,-73.30997467041016
44.42,8.85,5.4519043,1965.0,-0.7236440382959123,0.0,-4.3,-23.0,-6.058374881744385,-37.614662170410156
-1.68421,29.01794,1465.6875,2014.0,-0.2884824328806098,6.404036685125902e-05,-0.09,11.97,-0.9713501930236816,9.992210388183594
44.42,8.85,5.4519043,1978.0,-0.2135209154397959,0.0,-2.99,-15.5,-3.7614197731018066,-16.118629455566406
76.76666667,-18.66666667,0.0,1998.0,0.9760105506323683,2.425476668577176e-05,-20.65,-161.9,-21.45631980895996,-167.37985229492188
64.13,-21.93,12.141602,2018.0,-0.9741004551724206,0.0,-9.4,-67.2,-9.44638442993164,-66.78656768798828
46.39864119,6.233803787,434.125,2021.0,0.29671281927349075,0.0,-5.75,-36.57,-7.160231113433838,-47.638118743896484
-34.05,115.0249,77.78125,2017.0,0.6870527672236669,2.080774265778018e-06,-2.94,-15.9,-3.962790012359619,-18.003150939941406
51.93,-10.25,33.068359,1987.0,-0.2135209154397959,0.0,-4.83,-30.2,-4.740370273590088,-25.280128479003906
54.5275,9.5486,43.292969,2006.0,0.6994583270516471,1.0608291631797329e-05,-8.92,-70.75,-9.55508804321289,-67.69705963134766
51.6,-1.1,55.042969,1998.0,0.2386727660059501,0.0,-8.59,-67.3,-8.117630004882812,-55.657142639160156
-1.54475,29.26068,2535.625,2015.0,-0.2135209154397959,4.7846413508523256e-05,-0.31,15.93,-0.31629037857055664,16.122581481933594
6.906666667,79.87,14.911133,1985.0,-0.9587178169872964,4.510268990998157e-05,-3.61,-15.8,-4.161734104156494,-19.864967346191406
48.22,11.59,494.59375,1997.0,0.9510565162951535,3.6063513107365e-05,-7.68,-53.9,-10.844196319580078,-78.49442291259766
0.05,32.45,1135.4375,2021.0,-0.9741004551724206,0.0,-1.28,2.6,-2.7133240699768066,-6.310035705566406
19.27116389,-99.20359444,2580.375,2011.0,-0.7055836101071774,3.710244345711544e-05,-8.88,-57.3,-8.30711555480957,-65.7289810180664
78.91666667,11.93333333,38.650391,2022.0,-0.2884824328806098,0.0,-14.75,-112.9,-11.261110305786133,-81.9864273071289
41.93333333,45.48333333,0.0,2016.0,0.2802306751992159,2.812040293065365e-05,-5.29,-32.4,-6.126913547515869,-38.256080627441406
51.35,12.43,125.46484,1987.0,0.29671281927349075,0.0,-8.8,-55.7,-8.401540756225586,-58.035133361816406
49.0422,12.1019,370.21875,1979.0,0.9510565162951535,1.03870761449798e-05,-13.48,-102.8,-11.309707641601562,-82.39347076416016
14.168625,-91.103443,72.261719,2020.0,0.9721181966290613,0.0,0.72,11.9,-2.0145936012268066,0.22902679443359375
51.3,3.75,9.4589844,2009.0,0.288482432880609,2.089285226247739e-05,-8.29,-55.09,-6.450804233551025,-41.287208557128906
48.15,15.15,264.90625,1968.0,-0.27195815753410524,2.112584297719877e-05,-13.06,-86.6,-12.030994415283203,-88.43485260009766
47.81666667,13.71777778,1616.0625,2022.0,0.47873384011578846,6.437209231080487e-05,-10.92,-72.82,-9.836441040039062,-70.05362701416016
9.29255,123.1759167,823.65625,1998.0,0.2386727660059501,0.0,-1.78,-0.3,-3.9506592750549316,-17.889625549316406
23.95277778,90.27916667,23.626953,2011.0,0.9760105506323683,0.0005960111157037,-1.391416905,-3.158275921,-2.3445496559143066,-2.8588638305664062
10.3,1.38,439.10938,2017.0,-0.9587178169872964,0.0,-5.52,-30.6,-5.016951084136963,-27.868507385253906
32.2361,-110.9439,753.21875,1995.0,-0.9587178169872964,8.236664143623784e-05,-7.9,-57.0,-7.153936386108398,-49.276466369628906
4.377083333,18.56247222,359.875,2010.0,0.6994583270516471,0.0,2.47227959,35.55251603,-1.1848511695861816,7.994163513183594
33.96666667,-4.983333333,500.04688,2015.0,0.9760105506323683,0.0,-2.22,-16.1,-3.802664279937744,-16.504615783691406
46.095,14.597,283.89062,1987.0,-0.9741004551724206,6.224116077646613e-05,-7.08,-46.0,-8.46883773803711,-59.703468322753906
46.72738634,8.186782163,600.90625,2016.0,-0.7116566222817751,5.57058556296397e-05,-14.7,-107.44,-12.678106307983398,-93.8549575805664
-75.58333333,-20.56666667,105.53516,2008.0,-0.27195815753410524,1.0577985236708356e-08,-19.07,-152.25,-21.883520126342773,-177.33224487304688
21.32,103.91,609.09375,2019.0,-0.7236440382959123,3.6709920095745474e-05,-2.25,-19.2,-6.230024814605713,-39.221046447753906
50.7311,13.7514,876.875,2014.0,0.6994583270516471,0.0,-12.47,-90.3,-11.197166442871094,-81.45084381103516
37.1644591,-5.611393166,86.394531,2016.0,-0.7116566222817751,0.0,-7.16,-46.8,-5.317793369293213,-30.683937072753906
49.0422,12.1019,370.21875,2005.0,0.2386727660059501,4.662335413740948e-05,-8.03,-64.75,-11.33784294128418,-82.6291275024414
49.19472222,-123.0172222,1.3475342,2019.0,-0.2884824328806098,0.0001308112696278,-11.21,-77.5,-9.957977294921875,-71.53142547607422
52.8911,11.7294,21.530273,2011.0,0.29671281927349075,0.0,-6.68,-49.1,-6.940464019775391,-45.797386169433594
51.83,6.25,9.5,1996.0,-0.6932812268869771,1.4086131159274372e-05,-9.76,-71.1,-6.38347864151001,-40.657142639160156
46.49143367,9.898180888,1767.6875,2012.0,-0.6932812268869771,0.0,-4.93,-30.42,-8.804388046264648,-61.40930938720703
9.357072,-75.289167,200.4375,2014.0,-0.2135209154397959,0.0001585610007168,-3.57,-21.0,-5.645323276519775,-33.749122619628906
52.2914,10.4464,80.6875,1983.0,0.2386727660059501,0.0,-5.57,-37.9,-10.194526672363281,-73.05289459228516
14.330962,-91.055468,297.67188,2021.0,0.741222010848596,0.0,-7.77,-49.8,-3.2810425758361816,-11.623023986816406
64.13,-21.93,12.141602,2018.0,0.9510565162951535,0.000146645688801,-6.07,-41.2,-8.580781936645508,-61.315650939941406
-34.05,115.0249,77.78125,2009.0,-0.9427611433904206,2.340410901524592e-05,-2.01,-3.5,-2.972921848297119,-8.739479064941406
-0.166666667,-78.48333333,2781.625,2012.0,-0.6932812268869771,0.0,-6.54,-43.18,-7.059455394744873,-49.827980041503906
47.47051111,21.49041944,105.30859,2006.0,-0.9455963874271428,0.0,-4.64,-24.8,-7.594941139221191,-52.72981262207031
30.62,114.13,25.587891,1987.0,0.29671281927349075,0.0,-5.11,-27.6,-6.337381839752197,-40.225746154785156
-27.43,153.08,5.7802734,2012.0,0.9562348265919056,0.0,-3.06,-10.1,-3.4217591285705566,-12.939918518066406
39.03,141.81,81.234375,1999.0,-0.2135209154397959,0.0008108936599455,-9.8,-70.7,-7.410601615905762,-52.938331604003906
33.88,7.86,80.324219,1999.0,-0.7236440382959123,0.0,3.6,-3.45,-4.7088303565979,-24.984962463378906
4.05,114.81,27.053711,2007.0,0.6486295610349814,0.0002885445719584,-8.81,-58.53,-6.338291645050049,-40.23426055908203
57.9343266,24.9803513,46.894531,2017.0,0.9510565162951535,5.152069206815213e-06,-10.85,-76.5,-11.122991561889648,-80.8295669555664
4.466666667,101.3833333,1451.4375,2016.0,0.7295575540864875,0.0,-7.11,-42.1,-5.940160274505615,-36.916526794433594
44.23,-79.77,234.99219,1997.0,-0.9741004551724206,0.0,-13.27,-89.8,-10.007810592651367,-71.4889907836914
31.04,34.72,282.96875,1977.0,-0.2884824328806098,0.0,-0.46,18.3,-4.5341477394104,-23.350196838378906
54.6789,13.4342,38.980469,2008.0,0.2802306751992159,0.0,-5.85,-39.9,-8.411771774291992,-58.120826721191406
-1.53553,29.25374,2915.0,2015.0,0.9510565162951535,3.494537668302655e-05,-5.238,-23.57,-3.191275119781494,-10.782936096191406
10.00036389,-84.10913333,1157.3125,2018.0,-0.9587178169872964,0.0002064504660665,-5.712743488,-25.27990512,-8.359146118164062,-69.2520523071289
47.81666667,13.71777778,1616.0625,2021.0,0.9932568492674143,0.0,-14.416,-93.81,-11.186935424804688,-81.36515045166016
46.39864119,6.233803787,434.125,2012.0,0.7295575540864875,0.0001468250557081,-8.82,-62.53,-7.897663593292236,-53.814735412597656
47.4828,11.0622,716.1875,1984.0,0.6994583270516471,1.5702455129940063e-05,-13.93,-102.1,-14.289491653442383,-107.3516616821289
25.46411667,-80.33465278,4.0249023,2004.0,-0.3697245428906732,0.0,0.9,11.3,-2.594442844390869,-5.197486877441406
-65.07944444,-63.9775,286.6875,1984.0,-0.6932812268869771,4.084481756930555e-06,-12.34,-98.1,-9.016891479492188,-91.12096405029297
46.65772518,8.292706832,1061.3125,2011.0,-0.9741004551724206,0.0001606399600859,-11.51,-78.33,-10.271259307861328,-73.69559478759766
-0.8968,-89.609,13.19873,2021.0,0.9510565162951535,1.8357504814048294e-05,-3.54,-15.5,-3.3101563453674316,-11.895484924316406
39.95,32.88,920.125,2012.0,-0.9634705485641486,0.0,-5.08,-39.64,-5.521589756011963,-32.591163635253906
-0.37,-78.55,3064.0,2000.0,-0.9634705485641486,0.0,-12.82,-93.3,-7.45640230178833,-53.591773986816406
53.23,6.55,7.7121582,2012.0,-0.6932812268869771,0.0,-5.877725748,-43.07,-6.519949436187744,-41.934303283691406
41.93333333,45.48333333,0.0,2014.0,0.9760105506323683,9.773596684681252e-05,-3.96,-21.4,-8.36445426940918,-57.72449493408203
39.03,141.81,81.234375,1997.0,-0.2884824328806098,6.388057499862043e-06,-5.03,-33.9,-6.866888523101807,-45.181129455566406
66.53333333,66.66666667,16.196289,2000.0,0.9721181966290613,2.899849096138496e-05,-14.2,-113.7,-17.732229232788086,-136.18746948242188
36.15,-5.35,1.5737915,1977.0,0.741222010848596,0.0,-5.03,-27.6,-3.977346897125244,-18.139381408691406
26.27,50.62,2.3325195,1965.0,0.2386727660059501,0.0,-2.2,4.4,-1.6167054176330566,3.9526596069335938
50.92,5.78,111.17188,2008.0,0.9611297838723007,5.432713442132808e-05,-11.09,-74.14,-8.072870254516602,-55.28223419189453
47.47051111,21.49041944,105.30859,2005.0,0.8840675099433636,0.0,-18.1,-129.6,-10.038503646850586,-71.7460708618164
-40.35,-9.88,37.345703,1972.0,0.2802306751992159,6.15146491327323e-05,-4.95,-25.6,-4.473494052886963,-22.782569885253906
-34.05,115.0249,77.78125,2006.0,-0.780295851070776,6.702925020363182e-06,0.11,6.1,-3.084524631500244,-9.783912658691406
-34.05,115.0249,77.78125,2008.0,-0.16280701293851646,0.0,-4.71,-21.8,-3.4120545387268066,-12.849098205566406
24.91,91.84533333,16.452148,2015.0,0.6994583270516471,0.0,-1.72,-3.8,-2.2766175270080566,-2.2231216430664062
44.23,-79.77,234.99219,2001.0,-0.2135209154397959,5.409869845607318e-05,-4.58,-35.8,-7.30947732925415,-51.495582580566406
19.31396667,-99.3094,2965.0,2011.0,0.9483615800121715,0.0,-0.83,8.9,-3.3711276054382324,-15.099617004394531
53.7122,7.1519,8.8525391,2000.0,0.2386727660059501,4.394187271827832e-05,-6.42,-45.97,-8.663711547851562,-60.23102569580078
65.11666667,57.1,53.808594,1983.0,-0.9741004551724206,0.0,-15.5,-111.0,-14.734540939331055,-111.0793228149414
58.01,56.18,103.00391,1982.0,0.741222010848596,0.0,-10.0,-66.0,-10.631902694702148,-76.7162857055664
43.91281944,4.888775,30.959961,2009.0,-0.2884824328806098,0.0,-8.33,-57.24,-6.38347864151001,-40.657142639160156
8.92,-79.6,11.163086,1984.0,0.9562348265919056,0.0,0.29,10.2,-3.1015076637268066,-9.942848205566406
45.80666667,15.97,120.36328,1994.0,-0.9741004551724206,0.0,-10.2,-59.1,-8.14959716796875,-57.16046905517578
51.83,6.25,9.5,2006.0,-0.7236440382959123,0.0,-7.84,-52.1,-7.897024154663086,-53.80937957763672
-31.95,115.97,20.375,2014.0,-0.2135209154397959,0.0,-4.32,-16.9,-3.1888489723205566,-10.760231018066406
50.9,14.8,240.94531,2014.0,-0.9587178169872964,7.290783105418086e-05,-6.12,-38.8,-7.474810600280762,-51.28148651123047
64.13,-21.93,12.141602,2005.0,-0.2884824328806098,8.163995516952127e-06,-9.13,-63.6,-9.47707748413086,-67.04364776611328
15.6,32.55,385.92188,1973.0,-0.9587178169872964,0.0,1.7,12.8,-0.8791565895080566,10.855003356933594
35.68,139.77,22.099609,1966.0,0.741222010848596,0.0,-10.4,-75.2,-6.519646167755127,-41.93146514892578
52.93,4.78,0.63311768,1984.0,-0.970063921851507,1.6312356819980778e-05,-6.5,-41.7,-7.483982563018799,-50.33884811401367
38.98916547,-3.920273851,626.8125,2006.0,0.9760105506323683,0.0,-3.97,-23.4,-6.296743869781494,-39.845436096191406
40.40725278,-3.686133333,653.5,2001.0,-0.01721335615583528,0.0,-9.13,-66.7,-7.047680377960205,-46.98590850830078
41.66056063,-1.004162565,244.98438,2012.0,-0.27195815753410524,0.0,-3.88,-28.4,-6.866888523101807,-45.181129455566406
50.3381,7.6,86.441406,1986.0,0.6994583270516471,0.0,-21.19,-161.2,-9.359073638916016,-66.18885040283203
4.05,114.81,27.053711,2008.0,-0.994217906893952,0.0002480213006492,-9.54,-60.84,-6.694640636444092,-45.915260314941406
46.64833333,14.31833333,448.71875,2000.0,0.9562348265919056,0.0,-11.49,-81.7,-11.435037612915039,-83.4432144165039
46.57248471,8.332719621,1924.0,2016.0,0.9562348265919056,8.653744771436322e-06,-16.89,-124.41,-12.529756546020508,-92.6124038696289
-16.346,-68.12,5119.5,1983.0,-0.2135209154397959,0.0,-5.81,-35.6,-7.941617488861084,-60.514381408691406
46.60305556,13.67138889,2148.125,2017.0,-0.02581844022713239,0.0,-6.899,-56.16,-11.573156356811523,-84.6000747680664
51.93,-10.25,33.068359,2001.0,0.9760105506323683,5.435582352220081e-06,-5.23,-32.5,-5.764811038970947,-34.867347717285156
10.00036389,-84.10913333,1157.3125,2015.0,0.4559066935084588,0.0001955578336492,-12.1879793,-91.3325568,-8.337045669555664,-66.1559829711914
-46.42,168.32,-0.90939331,1980.0,-0.7116566222817751,0.0,-5.94,-37.5,-6.866888523101807,-45.181129455566406
52.1042,8.7519,134.42188,2005.0,-0.9741004551724206,0.0001474321616115,-6.92,-46.15,-7.778657913208008,-54.79449462890625
-75.58333333,-20.56666667,105.53516,1991.0,-0.680773409477016,1.2753370086736109e-06,-28.97,-227.5,-21.89063262939453,-177.25289916992188
45.80666667,15.97,120.36328,1988.0,-0.27195815753410524,2.9723851184826344e-05,-10.92,-79.0,-12.061687469482422,-88.69193267822266
9.0,38.73,2329.125,2014.0,0.9510565162951535,0.0,0.62,12.3,0.22716665267944336,21.208518981933594
36.88,30.7,0.0,2014.0,0.2386727660059501,0.0,-3.43,-11.4,-5.70415735244751,-34.299720764160156
47.4828,11.0622,716.1875,2008.0,0.2386727660059501,0.0,-12.48,-101.85,-12.918535232543945,-95.8687515258789
18.23388889,-65.885,70.4375,2006.0,0.1797665857255624,2.526949901948683e-05,-1.15,1.3,-1.8593201637268066,1.6821517944335938
-34.05,115.0249,77.78125,2011.0,0.8880573226294932,6.941360879864078e-06,-2.48,-0.9,-4.181143283843994,-20.046607971191406
34.71666667,10.68333333,23.232422,2005.0,-0.9741004551724206,0.0,-4.49,-21.17,-3.890005588531494,-17.321998596191406
46.98141401,6.607999655,1046.0625,2023.0,-0.9741004551724206,1.7234029655810446e-05,-9.45,-66.34,-9.575550079345703,-67.86844635009766
-21.2,-159.8,7.8220215,1979.0,-0.7236440382959123,2.4470971766277216e-05,-1.34,0.6,-3.5915894508361816,-14.529273986816406
-33.05536111,-71.60361111,75.496094,1990.0,0.9510565162951535,0.0,-4.5,-27.0,-6.2633843421936035,-39.533241271972656
39.28333333,-7.416666667,492.75,2004.0,0.7295575540864875,6.809424667153507e-05,-4.99,-31.3,-4.984198093414307,-27.561988830566406
7.189444444,-72.87166667,3321.375,2006.0,-0.9741004551724206,0.0,-12.47,-86.72,-8.965557098388672,-75.1230239868164
28.46344137,-16.2553441,36.554688,2016.0,0.6994583270516471,2.177895339627866e-06,-3.68,-13.5,-2.4610047340393066,-3.9487075805664062
27.13558889,49.56701389,19.563477,2011.0,0.7638886127905428,0.0,4.83,40.66,-0.32114267349243164,16.077171325683594
47.4828,11.0622,716.1875,1988.0,-0.6932812268869771,0.0002049009635811,-6.28,-40.9,-6.866888523101807,-45.181129455566406
46.60305556,13.67138889,2148.125,1983.0,0.9760105506323683,8.237904694397002e-05,-11.44,-83.3,-10.805830001831055,-78.1730728149414
72.58,-38.4799,3202.0,2012.0,0.051619667223253764,0.0,-39.38215322,-318.4623095,-31.482717514038086,-251.35934448242188
-18.9,47.53,1259.9375,1974.0,0.6994583270516471,6.973292329348624e-06,-7.08,-45.9,-5.39785623550415,-31.433204650878906
48.951944,14.469722,396.5625,2016.0,-0.7116566222817751,0.0001022249489324,-10.5,-75.3,-11.73173713684082,-85.9283218383789
51.73333333,36.26666667,193.03906,1999.0,0.29671281927349075,0.0,-10.8,-79.9,-7.226892471313477,-48.19646453857422
9.466666667,100.05,0.0,1980.0,-0.9634705485641486,4.969220390194096e-05,-6.58,-41.8,-7.068351745605469,-49.98914337158203
10.76666667,-85.32,862.78125,1998.0,-0.2135209154397959,0.0003079869202338,-7.84,-52.54,-6.393343448638916,-43.331520080566406
-15.6,-56.1,177.79688,1990.0,0.2386727660059501,0.0,-6.16,-36.0,-4.916265964508057,-26.926246643066406
13.07176111,-59.48972222,45.302734,1961.0,0.741222010848596,3.812080467469059e-05,1.3,13.1,-1.1751465797424316,8.084983825683594
-21.25428,-63.4069,394.96875,2010.0,0.29671281927349075,0.0,-2.84,1.1,-5.354185581207275,-31.024513244628906
-40.35,-9.88,37.345703,1964.0,0.6994583270516471,1.7861832475318806e-06,-2.0,-18.0,-4.585096836090088,-23.827003479003906
54.0967,13.4056,1.5458374,2007.0,-0.2884824328806098,0.0,-12.96,-95.2,-10.598651885986328,-76.43778228759766
60.18008889,24.83286111,14.698242,2000.0,-0.27195815753410524,0.0,-12.44,-88.3,-13.281736373901367,-98.9108657836914
-22.94916667,-46.54916667,855.53125,1998.0,0.2051044998686192,1.9507735487422902e-05,-6.5,-38.71,-4.724600315093994,-25.132545471191406
-22.71,-46.46583333,1095.0625,1996.0,-0.6354323008901775,0.0001733622484607,-16.2,-124.0,-3.7565674781799316,-16.073219299316406
-34.05,115.0249,77.78125,2008.0,-0.24702218048093527,0.0,-3.65,-12.2,-3.4266114234924316,-12.985328674316406
36.55530278,126.635925,59.384766,2018.0,-0.9741004551724206,0.0,-13.11,-94.7,-6.866888523101807,-45.181129455566406
47.7,27.88333333,177.36719,2009.0,0.741222010848596,0.0,-5.96,-41.73,-7.721817970275879,-52.341880798339844
46.49722222,28.3,150.79688,2010.0,-0.680773409477016,0.0,-5.59,-41.0,-6.403797626495361,-40.84729766845703
53.23,6.55,7.7121582,1978.0,-0.2135209154397959,0.0,-6.08,-41.4,-6.4168381690979,-40.969337463378906
64.13,-21.93,12.141602,2012.0,0.2802306751992159,1.5480607544304803e-05,-7.74,-59.7,-8.975831985473633,-62.95875930786133
50.92,5.78,111.17188,1987.0,0.6994583270516471,4.24018144258298e-05,-9.22,-67.8,-9.015003204345703,-63.788841247558594
40.50691,-1.65147,1713.75,2018.0,-0.9741004551724206,0.0,-13.49,-94.0,-9.221302032470703,-64.90131378173828
49.7703,9.9578,265.90625,1991.0,-0.9741004551724206,2.4485187168465927e-05,-5.95,-42.0,-8.090289115905762,-57.391700744628906
48.24861111,16.35638889,200.63281,2017.0,0.29671281927349075,0.0001122631219914,-3.4,-26.0,-7.006286144256592,-46.34870147705078
28.276976,84.30961,2101.5,2016.0,0.16280701293851715,0.0,-6.282367779,-45.79957618,-4.8446946144104,-26.256446838378906
-18.91472222,47.55805556,1278.5,2012.0,0.6994583270516471,0.000178042522748,-11.7,-80.55,-5.319006443023682,-30.695289611816406
46.49143367,9.898180888,1767.6875,1995.0,-0.2884824328806098,0.0,-21.01,-161.4,-15.26655387878418,-115.5353775024414
1.53,110.34,7.5837402,2016.0,-0.23030567023061196,6.524698255816475e-05,-5.68,-32.9,-6.866888523101807,-45.181129455566406
-34.93,138.58,24.027344,2006.0,0.741222010848596,4.82865325466264e-05,-1.78,-1.5,-4.283041477203369,-21.000221252441406
-33.94638889,151.1730556,3.6643066,2009.0,-0.2135209154397959,8.719890320207924e-05,-4.44,-15.0,-3.4363160133361816,-13.076148986816406
-27.43,153.08,5.7802734,2005.0,-0.9587178169872964,5.856835559825413e-05,-0.33,8.3,-2.249929904937744,-1.9733657836914062
-24.78,-65.4,1227.625,1982.0,0.741222010848596,0.0,-6.9,-42.0,-5.547064304351807,-32.829566955566406
47.6772,9.19,442.90625,2000.0,0.9562348265919056,0.0,-8.55,-60.9,-10.851869583129883,-78.5586929321289
51.93,-10.25,33.068359,2013.0,-0.7236440382959123,1.8313328382646432e-06,-5.62,-34.3,-7.220546722412109,-47.902076721191406
53.23,6.55,7.7121582,2000.0,0.9721181966290613,2.461128133290913e-05,-8.46,-74.5,-7.714059352874756,-53.41028594970703
35.27,-75.55,0.0,1974.0,0.6994583270516471,5.45012017028057e-06,-3.21,-11.0,-3.5673279762268066,-14.302223205566406
47.4828,11.0622,716.1875,1981.0,-0.2135209154397959,0.0,-11.98,-88.7,-7.501002311706543,-50.472991943359375
47.07777778,15.44888889,370.03125,1987.0,0.6994583270516471,0.0,-12.71,-92.1,-13.424970626831055,-100.1105728149414
40.37,-81.8,372.875,1970.0,-0.680773409477016,0.0001839557080529,-3.73,-29.2,-6.866888523101807,-45.181129455566406
4.466666667,101.3833333,1451.4375,2013.0,-0.7236440382959123,6.150105036795139e-05,-3.86,-18.4,-8.595523834228516,-69.8437271118164
48.24861111,16.35638889,200.63281,2001.0,-0.9587178169872964,0.0,-8.46,-60.3,-7.818293571472168,-55.34192657470703
49.5971,11.0055,285.1875,2011.0,0.9760105506323683,1.457073085475713e-05,-9.6,-67.96,-9.35814094543457,-66.0474624633789
49.7478,6.6581,259.26562,2005.0,-0.7236440382959123,3.536889926181175e-05,-8.27,-54.2,-9.144569396972656,-64.25861358642578
38.00194982,-1.170837424,61.660156,2020.0,0.2386727660059501,3.7313391658244655e-05,-7.92,-49.6,-5.915232181549072,-36.275062561035156
30.72916667,78.44666667,1121.375,2004.0,-0.27195815753410524,0.0,-4.1,-13.0,-3.991903781890869,-18.275611877441406
7.789855,-76.650846,30.420898,2016.0,-0.27195815753410524,5.496602534549311e-05,-6.53,-40.3,-4.183569431304932,-20.069313049316406
41.66056063,-1.004162565,244.98438,2004.0,0.2802306751992159,0.0,-1.05,-19.68,-5.090948581695557,-28.561012268066406
74.72,-94.98,67.636719,1990.0,-0.2884824328806098,0.0,-33.23,-252.4,-25.2970027923584,-226.09298706054688
-11.40438889,-76.32505556,4444.0,2011.0,-0.2135209154397959,0.0,-12.99,-105.88,-10.755865097045898,-100.6655044555664
47.4,28.49166667,94.726562,2012.0,-0.23030567023061196,0.0,-2.98,-21.89,-6.786522388458252,-44.42902374267578
51.3,3.75,9.4589844,2002.0,0.994217906893952,0.0,-8.126,-55.45,-6.901721000671387,-45.67808532714844
-41.47,-72.93,43.574219,1975.0,-0.680773409477016,0.0,-4.17,-29.9,-6.866888523101807,-45.181129455566406
43.34305556,13.06111111,947.03125,2001.0,0.6994583270516471,0.0,-8.09,-47.3,-8.198200225830078,-56.33197784423828
54.5283,11.0603,1.9006348,2000.0,0.9562348265919056,0.0,-5.62,-39.4,-8.517919540405273,-59.00989532470703
46.05,-74.28,363.76562,1980.0,-0.970063921851507,0.0002251613332191,-13.0,-92.0,-10.844196319580078,-78.49442291259766
46.65772518,8.292706832,1061.3125,2020.0,-0.970063921851507,0.0002617521095089,-11.89,-87.96,-9.790401458740234,-69.66800689697266
-1.68218,29.22716,1527.1875,2018.0,0.741222010848596,4.240603448124602e-05,-0.94,9.6,-2.3542542457580566,-2.9496841430664062
-54.78,-68.28,104.83984,1987.0,0.2386727660059501,2.8759561246261e-05,-7.7,-68.0,-8.851282119750977,-73.4926528930664
35.27,-75.55,0.0,1963.0,0.29671281927349075,2.6800864361575805e-05,-4.1,-31.0,-5.372381687164307,-31.194801330566406
41.9,12.5,59.011719,2002.0,-0.4787338401157883,2.7749481432692846e-06,-7.48,-47.85,-5.382086277008057,-31.285621643066406
50.8325,15.14777778,828.84375,2013.0,-0.680773409477016,0.0,-5.37,-36.4,-6.959287643432617,-45.955047607421875
67.15,32.35,0.0,1999.0,-0.680773409477016,4.069030546816066e-05,-10.5,-76.8,-10.596274375915527,-77.03384399414062
49.0422,12.1019,370.21875,1984.0,0.7295575540864875,0.0,-10.9,-81.8,-9.695764541625977,-68.8753433227539
48.24861111,16.35638889,200.63281,1983.0,-0.2135209154397959,0.0,-3.13,-29.6,-6.557403087615967,-42.284812927246094
-33.45,-70.7,507.65625,1995.0,-0.2135209154397959,0.0,-6.15,-35.0,-6.2551960945129395,-39.45661163330078
36.88,30.7,0.0,2016.0,0.7295575540864875,4.225733209750615e-05,-2.43,-11.4,-4.489264011383057,-22.930152893066406
-18.91472222,47.55805556,1278.5,2011.0,-0.9587178169872964,0.0,-1.006720921,7.160676443,-2.5774598121643066,-5.038551330566406
51.1622,14.9506,238.80469,2012.0,0.9721181966290613,2.773371852526907e-05,-9.87,-68.4,-9.613916397094727,-68.1897964477539
49.7478,6.6581,259.26562,1992.0,0.7295575540864875,0.0,-5.38,-39.0,-6.967520236968994,-46.02400207519531
-21.15,55.75,738.875,2000.0,-0.7116566222817751,1.3528076124202926e-05,-2.19,-2.85,-2.2329468727111816,-1.8144302368164062
37.29611111,14.84138889,155.96094,2000.0,0.2386727660059501,0.0,-11.0,-66.0,-6.066866397857666,-37.694129943847656
32.81333333,130.7291667,25.359375,2017.0,-0.680773409477016,7.045819074846804e-05,-7.2,-47.0,-7.729846000671387,-57.493019104003906
4.05,114.81,27.053711,2010.0,-0.9988797155850335,5.402091846917756e-05,-8.81,-54.84,-6.437012672424316,-43.034584045410156
-2.53,140.72,68.566406,1975.0,0.6994583270516471,5.20364374096971e-05,-9.21,-64.9,-5.946165561676025,-36.564552307128906
4.466666667,101.3833333,1451.4375,2016.0,-0.970063921851507,0.0001099004803108,-8.77,-55.7,-7.819180011749268,-58.767555236816406
48.24861111,16.35638889,200.63281,1966.0,-0.9741004551724206,0.0001418125029886,-16.2,-106.4,-9.118844985961914,-64.35872650146484
49.0422,12.1019,370.21875,1995.0,-0.9741004551724206,4.3607597035588697e-05,-6.53,-42.0,-8.840595245361328,-62.01629638671875
-13.8,-171.78,0.0,1964.0,0.9562348265919056,0.0001545805571367,-5.6,-30.4,-4.771910190582275,-25.575294494628906
-2.53,140.72,68.566406,1973.0,0.9760105506323683,0.0,-6.83,-42.6,-5.881266117095947,-35.957191467285156
47.6772,9.19,442.90625,1982.0,0.9510565162951535,5.201155363465659e-05,-8.78,-63.8,-11.706159591674805,-85.7140884399414
43.83758,10.35235,-1.0,2009.0,-0.9587178169872964,0.0,-6.1,-42.66,-4.940527439117432,-27.153297424316406
38.98916547,-3.920273851,626.8125,2001.0,-0.9741004551724206,4.7713754611322656e-05,-8.87,-55.0,-6.0887017250061035,-37.898475646972656
49.38,-82.12,243.30469,1997.0,0.9510565162951535,0.0,-18.53,-139.0,-14.43272590637207,-108.5513687133789
46.17378583,8.788556051,407.5,2015.0,0.741222010848596,0.0,-6.1,-38.9,-7.335597038269043,-49.106956481933594
39.95,32.88,920.125,2002.0,-0.9741004551724206,9.563566709402949e-05,-2.57,-5.3,-6.162092685699463,-38.585304260253906
14.97219444,-87.97477778,926.03125,2010.0,-0.680773409477016,0.0001234148367075,-6.428564127,-37.3706991,-5.930395603179932,-36.416969299316406
10.69444444,-85.37055556,332.48438,1998.0,0.29671281927349075,0.0001094831677619,-10.13,-70.59,-8.042591094970703,-63.369178771972656
40.8203002,0.493333172,52.294922,2002.0,-0.2135209154397959,0.0,-0.42,-4.03,-3.273764133453369,-11.554908752441406
39.66666667,43.85833333,1775.9375,1991.0,-0.9741004551724206,0.0,-8.75,-57.1,-6.307661533355713,-39.947608947753906
49.0975,19.59,572.9375,2020.0,-0.970063921851507,0.0,-13.78,-100.2,-9.511606216430664,-67.3328628540039
52.2914,10.4464,80.6875,1993.0,0.2386727660059501,0.0,-8.57,-62.5,-9.844114303588867,-70.1178970336914
40.008,-105.2682583,1647.3125,2015.0,0.9760105506323683,0.0,-11.77,-78.4,-15.670679092407227,-118.9202651977539
44.12,15.24,20.870117,2001.0,-0.2884824328806098,6.830506026744843e-05,-7.4,-31.5,-8.010204315185547,-54.757362365722656
-65.07944444,-63.9775,286.6875,2010.0,0.9760105506323683,5.201839114844907e-06,-11.0,-89.7,-9.366056442260742,-81.88500213623047
4.365694444,18.58725,381.14062,2020.0,0.9721181966290613,0.0001165070279967,0.69,12.1,-1.5633301734924316,4.452171325683594
50.06166667,19.84861111,356.8125,1982.0,0.9760105506323683,2.845044764399063e-05,-9.6,-66.7,-11.56804084777832,-84.5572280883789
7.0,-73.08333333,1079.75,2005.0,-0.2135209154397959,0.0,-5.72,-38.16,-6.534467697143555,-45.669471740722656
49.0422,12.1019,370.21875,1982.0,0.29671281927349075,1.1195638762728777e-05,-6.9,-50.6,-8.789041519165039,-61.28076934814453
49.7478,6.6581,259.26562,2001.0,0.29671281927349075,0.0,-6.54,-45.3,-6.866888523101807,-45.181129455566406
39.28333333,-7.416666667,492.75,1999.0,0.9760105506323683,7.5618227128870785e-06,-5.56,-36.4,-5.600439548492432,-33.329078674316406
-0.1968,-78.436,2400.75,2022.0,0.29671281927349075,1.9586068447097205e-05,-14.99,-115.3,-8.13661003112793,-63.296363830566406
46.60305556,13.67138889,2148.125,2001.0,0.09453674981719912,6.715212657582015e-05,-2.55,-3.6,-10.174064636230469,-72.88150787353516
46.60305556,13.67138889,2148.125,2018.0,-0.24702218048093527,4.089349022251554e-05,-5.584,-36.28,-10.163833618164062,-72.79581451416016
18.295,-65.79388889,798.625,2006.0,0.6616346182422783,5.816454631712986e-06,-1.73,3.8,-2.4949707984924316,-4.266578674316406
24.83736944,-80.80080278,0.0,2002.0,-0.9455963874271428,0.0,-3.1,-21.7,-3.856039524078369,-17.004127502441406
13.03,123.92,624.1875,1997.0,-0.2884824328806098,0.0003272218746133,-2.69,-28.0,-2.934103488922119,-8.376197814941406
47.47051111,21.49041944,105.30859,2004.0,-0.22192151300416674,1.7141645002993755e-05,-16.48,-125.62,-6.593037128448486,-42.61829376220703
-34.05,115.0249,77.78125,2011.0,0.9859481499638304,0.0,-1.64,-1.0,-4.185995578765869,-20.092018127441406
68.75944444,161.3425,38.8125,2008.0,0.2386727660059501,3.635865368778468e-06,-34.4,-262.34,-30.173147201538086,-240.39059448242188
54.6789,13.4342,38.980469,2002.0,0.9760105506323683,0.0,-8.65,-60.4,-8.939949035644531,-62.54474639892578
2.883333333,101.7833306,55.289062,2012.0,0.6994583270516471,3.074265259783715e-05,-5.04,-32.1,-5.7635979652404785,-34.855995178222656
-12.43,130.87,16.515625,1982.0,0.6994583270516471,9.002033766591921e-05,-5.36,-25.6,-4.976919651031494,-27.493873596191406
25.7325,-80.16323611,3.5220947,2006.0,-0.47115950767386394,0.0,0.76,4.5,-2.7812561988830566,-6.945777893066406
5.93,116.06,4.5031738,2020.0,-0.27195815753410524,0.0001018420953187,-8.83,-57.5,-6.474355697631836,-41.71253967285156
28.63,-106.07,1444.25,1973.0,0.9760105506323683,0.0,-7.89,-47.8,-8.782646179199219,-61.227210998535156
49.0422,12.1019,370.21875,1989.0,-0.7236440382959123,0.0,-11.85,-89.1,-11.112760543823242,-80.7438735961914
31.62,25.95,0.0,1990.0,-0.7236440382959123,4.433626600075513e-06,-1.71,4.8,-3.2422242164611816,-11.259742736816406
-30.08,-51.18,244.72656,1981.0,-0.9741004551724206,9.873033377516547e-06,-3.51,-13.8,-3.7323060035705566,-15.846168518066406
46.98141401,6.607999655,1046.0625,2001.0,-0.7236440382959123,0.0,-10.61,-76.4,-12.867380142211914,-95.4402847290039
46.39864119,6.233803787,434.125,1994.0,0.6994583270516471,8.157655247487128e-05,-13.06,-92.1,-11.757314682006836,-86.1425552368164
12.69325,-7.995494444,382.5625,1968.0,0.6994583270516471,0.0,8.81,36.4,-0.8354859352111816,11.263694763183594
51.93,-10.25,33.068359,2005.0,-0.9741004551724206,5.929573671892285e-05,-6.43,-42.88,-5.579817295074463,-33.136085510253906
46.57248471,8.332719621,1924.0,1983.0,0.9510565162951535,0.0,-16.0,-117.4,-13.624475479125977,-101.7815933227539
-0.316666667,-78.96666667,918.15625,1995.0,-0.7236440382959123,0.0,-5.73,-37.6,-3.608572483062744,-14.688209533691406
46.60305556,13.67138889,2148.125,2002.0,0.705583610107178,9.042685996973888e-05,-6.3,-34.2,-11.562925338745117,-84.5143814086914
18.47,-70.02,1.0,1995.0,0.29671281927349075,3.474029290373437e-05,-2.57,-12.0,-3.9021363258361816,-17.435523986816406
54.5275,9.5486,43.292969,2008.0,-0.970063921851507,0.0,-7.625,-46.75,-8.081332206726074,-56.163917541503906
-27.43,153.08,5.7802734,2004.0,-0.6932812268869771,0.0,-0.94,4.8,-2.283895969390869,-2.2912368774414062
-34.05,115.0249,77.78125,2012.0,0.705583610107178,1.3315268461155938e-06,-2.58,-0.3,-4.110785007476807,-19.388160705566406
47.47051111,21.49041944,105.30859,2009.0,-0.9778483415056568,0.0,-15.76,-113.07,-8.425897598266602,-59.98363494873047
4.05,114.81,27.053711,2011.0,0.47873384011578846,0.0001238196273334,-11.913,-84.235,-6.363159656524658,-40.46698760986328
49.38,-82.12,243.30469,1998.0,-0.2884824328806098,7.012002242845483e-06,-20.43,-148.0,-15.105718612670898,-146.48153686523438
31.99034444,44.92469167,22.352539,2024.0,0.7116566222817746,0.0,-2.46,3.13,-1.0053162574768066,9.674339294433594
46.39864119,6.233803787,434.125,1995.0,-0.2135209154397959,0.0,-4.34,-33.2,-6.382872104644775,-40.651466369628906
25.62,88.66,39.710938,2021.0,-0.680773409477016,0.0,-7.4,-49.9,-6.418961048126221,-40.98920440673828
36.15,-5.35,1.5737915,1987.0,-0.9741004551724206,0.0,-3.88,-21.5,-4.512312412261963,-23.145851135253906
28.2,113.0666667,44.691406,1991.0,-0.7236440382959123,3.2964460842777044e-05,-3.81,-17.0,-5.589521884918213,-33.226905822753906
-75.58333333,-20.56666667,105.53516,1996.0,0.2802306751992159,0.0,-27.04,-208.4,-20.55620765686035,-166.23092651367188
58.65,49.61666667,162.28906,2000.0,0.6994583270516471,3.6164103676128434e-06,-16.4,-127.7,-18.62232780456543,-143.64279174804688
-31.95,115.78,12.910645,1987.0,0.29671281927349075,4.656838427763432e-05,-4.02,-18.7,-3.608572483062744,-14.688209533691406
47.7,27.88333333,177.36719,2008.0,0.2386727660059501,0.0,-16.62,-128.09,-12.985036849975586,-96.4257583618164
-46.42,168.32,-0.90939331,2007.0,0.6994583270516471,3.799736805376597e-05,-3.19,-15.7,-6.866888523101807,-45.181129455566406
22.31666667,114.1666667,34.056641,1994.0,-0.9741004551724206,0.0002803300740197,-1.22,-6.2,-5.434248447418213,-31.773780822753906
50.7311,13.7514,876.875,2006.0,-0.2884824328806098,6.32090541330399e-06,-11.59,-79.9,-10.777694702148438,-77.93741607666016
-36.62,-64.29,175.35938,2019.0,-0.9587178169872964,0.0,1.68,9.9,-3.429037570953369,-13.008033752441406
36.61002222,34.31045278,11.975586,1991.0,0.9760105506323683,1.0756831215985583e-05,-8.08,-56.2,-4.612997531890869,-24.088111877441406
-37.82,144.97,6.1674805,2014.0,0.2386727660059501,0.0,-2.23,-16.1,-4.928396701812744,-27.039772033691406
50.4972,9.9428,920.40625,1978.0,0.29671281927349075,1.8387529053143226e-05,-8.72,-59.1,-9.162473678588867,-64.40857696533203
-33.97,18.6,41.798828,2000.0,0.2802306751992159,0.0,-5.38,-29.8,-3.4072022438049316,-12.803688049316406
43.54983333,13.60116667,546.1875,2014.0,0.9760105506323683,1.0591536920401268e-05,-7.21,-47.9,-6.251253604888916,-39.419715881347656
-16.63333333,-69.325,3949.375,2002.0,0.9510565162951535,0.0,-11.61,-88.8,-11.644670486450195,-113.3461685180664
-22.71,-46.46583333,1095.0625,1998.0,0.7116566222817746,0.0002359959180466,-11.2,-79.89,-5.158880710601807,-29.196754455566406
-33.94638889,151.1730556,3.6643066,2006.0,-0.9587178169872964,2.8933240173500963e-05,-5.97,-28.7,-3.3441224098205566,-12.213356018066406
47.07777778,15.44888889,370.03125,1976.0,0.9721181966290613,5.013318150304258e-05,-10.06,-68.8,-11.01045036315918,-79.8869400024414
-21.02823729,55.47161911,1175.3125,2016.0,0.21352091543979612,0.0,-2.636,-2.76,-4.384939670562744,-21.953834533691406
-8.77,-63.92,52.0,1973.0,-0.9741004551724206,0.0,-5.74,-34.7,-2.851614475250244,-7.604225158691406
-33.97,18.6,41.798828,2000.0,-0.6932812268869771,2.8265938453841954e-05,-2.55,-6.0,-3.016592502593994,-9.148170471191406
-29.89805556,-71.2425,14.506836,2012.0,-0.9634705485641486,0.0,-2.44,-10.5,-3.9749207496643066,-18.116676330566406
-65.07944444,-63.9775,286.6875,1994.0,0.29671281927349075,1.3429440867993333e-07,-13.0,-107.2,-9.362798690795898,-80.7905044555664
-34.05,115.0249,77.78125,2014.0,-0.9275416835791965,0.0,-2.68,-8.4,-2.968069553375244,-8.694068908691406
49.7703,9.9578,265.90625,1979.0,0.9510565162951535,2.0781966668437235e-05,-10.32,-74.2,-10.19196891784668,-73.0314712524414
38.79,-27.19,81.972656,1998.0,0.29671281927349075,9.38957600737922e-05,-2.56,-13.5,-4.472280979156494,-22.771217346191406
-1.43,-48.48,4.737793,1973.0,-0.9587178169872964,0.0,2.83,15.7,-1.7962403297424316,2.2724838256835938
50.9,14.8,240.94531,2014.0,-0.680773409477016,1.0632328667270484e-05,-8.54,-61.5,-6.587123394012451,-42.562950134277344
25.01666667,102.6833333,1907.8125,1989.0,-0.7236440382959123,5.852189133292995e-06,-6.76,-43.4,-8.453134536743164,-67.8122329711914
51.83,6.25,9.5,1982.0,0.741222010848596,0.0,-5.2,-36.1,-6.866888523101807,-45.181129455566406
40.41666667,-7.55,1295.4375,1988.0,-0.23030567023061196,0.0,-12.08,-84.6,-4.656668186187744,-24.496803283691406
52.4672,13.4019,47.5625,1990.0,-0.2884824328806098,0.0,-11.71,-91.2,-10.624229431152344,-76.65201568603516
-37.82,144.97,6.1674805,1964.0,-0.9634705485641486,0.0,-13.0,-94.7,-4.367956638336182,-21.794898986816406
46.095,14.597,283.89062,1981.0,0.29671281927349075,0.0,-9.39,-64.0,-7.766578674316406,-52.71678924560547
39.91055556,41.27555556,1890.5625,2016.0,0.6994583270516471,0.0,-16.43,-121.2,-13.174310684204102,-98.0110855102539
52.93,4.78,0.63311768,1984.0,-0.23030567023061196,6.637881142523838e-06,-3.66,-23.8,-6.347086429595947,-40.316566467285156
10.00036389,-84.10913333,1157.3125,2014.0,-0.7856498550787144,0.0,-7.826210629,-53.90324593,-6.443331718444824,-43.288490295410156
51.1622,14.9506,238.80469,2010.0,-0.7236440382959123,0.0,-12.34,-89.3,-10.626787185668945,-76.6734390258789
52.1042,8.7519,134.42188,1985.0,-0.2884824328806098,0.0,-7.64,-51.6,-10.056407928466797,-71.89603424072266
60.78,-161.8,16.938477,1965.0,-0.2884824328806098,0.0,-14.7,-103.5,-13.71143913269043,-102.5099868774414
-34.05,115.0249,77.78125,2014.0,0.8717063187093219,0.0,-3.04,-11.4,-4.050131320953369,-18.820533752441406
40.41195035,-3.67806112,671.09375,2000.0,0.6994583270516471,0.0,-4.87,-33.9,-7.13481330871582,-47.42522430419922
28.46344137,-16.2553441,36.554688,2009.0,0.2386727660059501,0.0,-1.2,-1.92,-3.1112122535705566,-10.033668518066406
4.377083333,18.56247222,359.875,2021.0,0.2386727660059501,0.0,1.41,20.8,-0.30658578872680664,16.213401794433594
35.74,51.58,1484.125,2000.0,-0.970063921851507,1.6568208593525924e-05,-5.5,-24.7,-4.239370822906494,-20.591529846191406
52.141,-106.6244,507.71875,2006.0,0.6994583270516471,0.0,-27.64,-212.2,-22.35664939880371,-174.92086791992188
62.89179444,27.62542222,94.585938,2015.0,0.29671281927349075,0.0,-10.5,-73.4,-10.665153503417969,-76.99478912353516
36.88,30.7,0.0,1994.0,0.6994583270516471,7.769783405819908e-05,-9.87,-66.0,-5.554342746734619,-32.897682189941406
28.2,113.0666667,44.691406,1992.0,0.2386727660059501,0.0,-5.14,-24.6,-3.492117404937744,-13.598365783691406
-27.17,-109.43,140.28906,2005.0,-0.9741004551724206,3.4835527458199067e-06,0.53,11.1,-2.807943820953369,-7.195533752441406
-37.82,144.97,6.1674805,1974.0,-0.2135209154397959,6.079011654946953e-05,-6.79,-33.0,-4.824072360992432,-26.063453674316406
49.0975,19.59,572.9375,1992.0,-0.970063921851507,0.0,-11.25,-79.3,-9.654840469360352,-68.5325698852539
-23.8,133.88,544.75,2012.0,-0.27195815753410524,0.0,-3.2,-14.9,-3.176718235015869,-10.646705627441406
35.13,-111.67,2151.0,1973.0,0.6994583270516471,0.0,-13.4,-99.3,-8.638151168823242,-70.4518814086914
52.2914,10.4464,80.6875,2003.0,0.29671281927349075,0.0,-3.93,-28.4,-6.964003086090088,-45.994544982910156
-53.0,-70.833333,32.589844,1991.0,-0.2135209154397959,0.0,-9.7,-73.0,-8.985509872436523,-75.4076919555664
37.30268,-2.90198,1735.125,2021.0,-0.2884824328806098,0.0,-6.36,-41.1,-8.246797561645508,-56.73902130126953
48.15,15.15,264.90625,1966.0,0.741222010848596,0.0,-7.11,-50.5,-7.702634811401367,-52.18120574951172
4.05,114.81,27.053711,2006.0,6.432490598706546e-16,4.4811466068495065e-05,-9.42,-62.97,-7.447332859039307,-53.462379455566406
47.4,28.49166667,94.726562,2016.0,-0.7116566222817751,0.0,-14.78,-104.6,-10.15871810913086,-72.75296783447266
42.58834633,-5.651107617,911.78125,2018.0,-0.9741004551724206,9.5078103186097e-05,-14.36,-101.7,-8.641969680786133,-60.048927307128906
51.3,3.75,9.4589844,1990.0,0.29671281927349075,7.98025430412963e-05,-5.14,-32.9,-6.549973011016846,-42.21527862548828
48.24861111,16.35638889,200.63281,1970.0,0.6994583270516471,0.0,-12.98,-95.3,-12.534872055053711,-92.6552505493164
-15.6,-56.1,177.79688,1973.0,0.2386727660059501,5.132859587320127e-05,-4.0,-35.5,-4.997541904449463,-27.686866760253906
58.75,-94.06,16.645508,1990.0,-0.9587178169872964,0.0,-18.87,-144.0,-16.223154067993164,-123.5477066040039
58.26388889,26.46138889,70.085938,2019.0,0.9510565162951535,7.453523721778765e-06,-11.19,-82.9,-11.585945129394531,-84.70719146728516
-0.37,-78.55,3064.0,1976.0,0.2386727660059501,0.0,-8.72,-57.0,-4.567450046539307,-36.862327575683594
-33.94638889,151.1730556,3.6643066,2009.0,-0.7236440382959123,0.0,-0.97,4.9,-3.370810031890869,-12.463111877441406
-34.05,115.0249,77.78125,2012.0,0.24702218048093552,3.437369377934374e-05,-2.83,-5.7,-3.681356906890869,-15.369361877441406
13.73,100.5,5.7392578,2015.0,-0.2135209154397959,0.0,-4.37,-23.7,-6.388937473297119,-40.708229064941406
40.8203002,0.493333172,52.294922,2005.0,-0.2884824328806098,5.413344752014382e-06,-6.77,-52.47,-5.917051792144775,-36.292091369628906
49.7703,9.9578,265.90625,2013.0,-0.2135209154397959,0.0,-4.46,-32.88,-6.4332146644592285,-41.122596740722656
-0.37,-78.55,3064.0,2001.0,-0.2884824328806098,0.0,-8.24,-51.9,-8.063148498535156,-62.248268127441406
38.28,21.79,113.0625,2012.0,0.2386727660059501,0.0,-4.24,-29.93,-6.220320224761963,-39.130226135253906
7.533333333,80.45,131.14062,1993.0,-0.2135209154397959,0.0001241708232555,-4.9,-32.0,-2.434317111968994,-3.6989517211914062
31.62,25.95,0.0,1995.0,0.6994583270516471,6.363487955240998e-06,-4.51,-19.9,-3.196127414703369,-10.828346252441406
2.883333333,101.7833306,55.289062,2005.0,0.741222010848596,0.0002066875458694,-5.32,-26.52,-6.242762088775635,-39.340248107910156
54.5275,9.5486,43.292969,2002.0,-0.2884824328806098,0.0,-9.46,-67.2,-10.145929336547852,-72.6458511352539
50.3119,11.8758,564.53125,1999.0,0.2386727660059501,0.0,-13.1,-99.2,-11.401786804199219,-83.16471099853516
-46.88,37.87,0.0,2013.0,0.2386727660059501,0.0,-4.25292512,-23.65441228,-5.423330783843994,-31.671607971191406
33.42,36.52,607.25,1992.0,0.6994583270516471,0.0,-10.57,-61.3,-4.706404209136963,-24.962257385253906
-40.68,144.69,82.167969,1983.0,-0.7236440382959123,1.6495407180627808e-05,-2.67,-15.0,-4.171438694000244,-19.955787658691406
-37.82,144.97,6.1674805,1962.0,-0.9741004551724206,0.0,-2.7,-16.2,-4.346121311187744,-21.590553283691406
46.60305556,13.67138889,2148.125,2001.0,-0.5307300481619331,3.2444284443045035e-05,-3.07,-12.9,-12.836687088012695,-95.1832046508789
44.42,8.85,5.4519043,1976.0,0.9562348265919056,0.0,-4.66,-27.9,-5.445166110992432,-31.875953674316406
41.91172742,2.763346411,139.71094,2005.0,0.2386727660059501,0.0,0.32,-15.72,-6.764838695526123,-44.226097106933594
49.5971,11.0055,285.1875,2011.0,-0.680773409477016,3.300347088952549e-05,-5.02,-35.32,-6.351332187652588,-40.356300354003906
-20.04277778,57.66694444,26.814453,1995.0,0.9510565162951535,1.737455022521317e-05,-4.56,-27.4,-3.3295655250549316,-12.077125549316406
-22.9,-43.17,0.0,1962.0,0.6994583270516471,0.0001101618327083,-5.6,-36.0,-4.645750522613525,-24.394630432128906
50.06166667,19.84861111,356.8125,1995.0,-0.9587178169872964,0.0001342984760412,-7.98,-53.8,-8.083818435668945,-55.60418701171875
46.17378583,8.788556051,407.5,2008.0,0.7295575540864875,2.4480148567818105e-05,-8.03,-54.2,-7.8324408531188965,-53.26844024658203
0.104722222,-79.28333333,243.28906,1993.0,-0.9741004551724206,0.0,-1.23,1.0,-2.5726075172424316,-4.993141174316406
48.545,13.3528,478.40625,2012.0,0.9562348265919056,2.6755711587611582e-05,-7.52,-52.4,-10.688173294067383,-77.1875991821289
-15.85,-47.93,1012.8125,1989.0,-0.2884824328806098,0.0001272286463063,-8.72,-56.0,-4.6117844581604,-24.076759338378906
38.28,21.79,113.0625,2010.0,0.9760105506323683,0.0,-0.438618888,-9.379020394,-5.073965549468994,-28.402076721191406
54.5275,9.5486,43.292969,2005.0,0.741222010848596,1.2562988558784127e-05,-5.395,-34.35,-6.866888523101807,-45.181129455566406
-33.62,-78.83,0.0,1964.0,0.7295575540864875,8.102818537736312e-05,-2.0,-2.1,-5.8733811378479,-35.883399963378906
-12.43,130.87,16.515625,1984.0,0.6994583270516471,7.511607691412792e-05,-8.51,-63.2,-4.987837314605713,-27.596046447753906
47.47051111,21.49041944,105.30859,2009.0,0.6870527672236669,2.035818397416733e-05,-21.45,-176.88,-11.869855880737305,-87.0851821899414
-34.90416667,-56.16666667,34.734375,2014.0,-0.2884824328806098,0.0,-6.83,-41.5,-3.7420105934143066,-15.936988830566406
-3.12,-60.02,49.394531,1967.0,0.6994583270516471,0.0001545500126667,-7.5,-49.1,-5.779367923736572,-35.003578186035156
46.37222222,6.470833333,387.75,2019.0,-0.680773409477016,0.0,-4.76,-30.7,-6.206976413726807,-39.005348205566406
51.18,8.4889,841.375,2011.0,-0.9741004551724206,1.3598718396679033e-05,-7.07,-42.5,-8.34910774230957,-57.59595489501953
48.8281,9.2,313.79688,1964.0,0.6994583270516471,1.1040546269214246e-05,-9.7,-70.6,-11.522001266479492,-84.1716079711914
47.8747,8.0036,1487.3125,1983.0,0.29671281927349075,0.0,-8.33,-54.8,-10.365896224975586,-74.4882583618164
33.42,36.52,607.25,1990.0,0.2386727660059501,4.28694584115874e-05,-9.64,-62.6,-5.5240159034729,-32.613868713378906
47.81666667,13.71777778,1616.0625,2021.0,0.9721181966290613,0.0,-7.621,-40.37,-11.181819915771484,-81.32230377197266
10.00036389,-84.10913333,1157.3125,2017.0,-0.8452490573530633,0.0001582152763148,-7.55525485,-47.40686085,-6.477903842926025,-43.731117248535156
60.18008889,24.83286111,14.698242,2010.0,-0.9741004551724206,3.955498686991632e-05,-13.95,-98.8,-10.406820297241211,-74.8310317993164
38.28,21.79,113.0625,2017.0,-0.2135209154397959,0.0,-3.81,-21.5,-3.2858948707580566,-11.668434143066406
25.7325,-80.16323611,3.5220947,2005.0,-0.6870527672236675,0.0,-0.95,-1.5,-2.7764039039611816,-6.900367736816406
4.466666667,101.3833333,1451.4375,2015.0,-0.680773409477016,0.0001218204051838,-7.68,-45.1,-7.569770336151123,-55.209205627441406
52.88333333,-1.083333333,60.794922,1985.0,0.9510565162951535,0.0,-9.3,-64.0,-7.617389678955078,-52.26465606689453
42.025,35.15833333,61.443359,2022.0,-0.2884824328806098,2.9185099265305325e-05,-9.3,-61.7,-10.473321914672852,-75.3880386352539
28.58,77.2,222.79688,1969.0,-0.9587178169872964,0.0,-12.42,-82.3,-6.9299211502075195,-46.080421447753906
51.6,-1.1,55.042969,1994.0,0.9760105506323683,0.0,-7.3,-51.0,-7.3695502281188965,-50.23554229736328
46.22030867,7.33848445,481.70312,2013.0,-0.9741004551724206,0.0,-11.93,-89.8,-9.24661636352539,-65.49604034423828
-5.333333333,-49.13472222,76.5,1989.0,0.5307300481619334,7.870541594456881e-06,-2.26,-8.26,-3.6352601051330566,-14.937965393066406
10.36512,0.46944,148.03125,2016.0,-0.8359254794186365,7.32259577489458e-05,-3.815,-21.13,-1.6070008277893066,4.043479919433594
49.0422,12.1019,370.21875,1997.0,0.6994583270516471,8.629462172393687e-06,-9.29,-71.5,-12.043783187866211,-88.5419692993164
50.3119,11.8758,564.53125,1988.0,-0.7116566222817751,2.7478530682856217e-05,-8.87,-63.2,-10.516803741455078,-75.75223541259766
-6.18,106.83,5.1230469,1984.0,-0.27195815753410524,0.000136231406941,-9.77,-68.1,-5.510672092437744,-32.488990783691406
19.2,-96.13,0.0,1979.0,-0.2884824328806098,0.0,-1.7,-2.4,-2.861319065093994,-7.695045471191406
50.3381,7.6,86.441406,1993.0,0.9510565162951535,1.264962884306442e-05,-1.99,-16.6,-8.350385665893555,-57.606666564941406
49.5971,11.0055,285.1875,2014.0,-0.680773409477016,9.578304161550476e-05,-9.24,-66.12,-6.336775302886963,-40.220069885253906
49.0975,19.59,572.9375,2019.0,-0.7236440382959123,1.8765345885185525e-05,-10.21,-70.1,-11.892875671386719,-87.27799224853516
53.8713,8.7058,4.7202148,2008.0,-0.7116566222817751,3.2755397114669904e-05,-7.71,-46.5,-8.03514289855957,-54.96623992919922
45.32,-75.67,112.08594,2017.0,0.6994583270516471,0.0,-16.35,-117.9,-13.818864822387695,-103.4097671508789
-40.68,144.69,82.167969,1998.0,0.9760105506323683,0.0,-4.95,-28.9,-4.707617282867432,-24.973609924316406
-75.58333333,-20.56666667,105.53516,1991.0,0.741222010848596,6.6687297659326665e-09,-25.8,-198.6,-18.78388786315918,-151.07101440429688
38.05011111,23.8675,438.375,2001.0,-0.655156357209085,0.0,0.86,-8.2,-5.168585300445557,-29.287574768066406
40.41666667,-7.55,1295.4375,1993.0,-0.9741004551724206,0.0,-8.3,-47.2,-5.943739414215088,-36.541847229003906
45.6,13.93333333,486.53125,2003.0,0.741222010848596,3.285528873675503e-05,-5.82,-34.23,-8.186689376831055,-56.235572814941406
39.48056611,-0.366386255,14.827637,2008.0,0.2802306751992159,0.0,-2.32,-15.35,-4.135046482086182,-19.615211486816406
-22.9,-43.17,0.0,1969.0,-0.9587178169872964,0.0,-2.14,-3.4,-2.890432834625244,-7.967506408691406
53.8713,8.7058,4.7202148,1997.0,0.9760105506323683,0.0,-3.43,-23.0,-7.765544891357422,-53.06745147705078
57.9343266,24.9803513,46.894531,2017.0,0.29671281927349075,0.0,-8.29,-57.8,-7.918765068054199,-53.991477966308594
-65.07944444,-63.9775,286.6875,2004.0,0.9721181966290613,1.0260644692742197e-06,-16.62,-128.1,-9.331459045410156,-82.16365051269531
43.78,87.62,900.71875,1988.0,-0.6932812268869771,0.0,-3.94,-29.5,-4.596014499664307,-23.929176330566406
40.37,-81.8,372.875,1968.0,0.7295575540864875,4.440272459760308e-05,-7.72,-53.4,-6.866888523101807,-45.181129455566406
46.72738634,8.186782163,600.90625,1988.0,-0.23030567023061196,0.0,-6.53,-45.2,-7.180697441101074,-47.75661087036133
32.36666667,35.75,818.96875,2001.0,-0.2884824328806098,5.703057468053885e-05,-6.52,-25.73,-6.094160556793213,-37.949562072753906
32.00325556,44.329025,50.810547,2013.0,0.9700639218515071,0.0,-7.56,-43.9,-2.2232422828674316,-1.7236099243164062
52.1042,8.7519,134.42188,1995.0,-0.680773409477016,1.9011882613995112e-05,-6.5,-42.6,-6.754300117492676,-44.127471923828125
13.06,123.93,618.8125,1997.0,0.741222010848596,0.000150931358803,-4.48,-22.0,-4.021017551422119,-18.548072814941406
46.60305556,13.67138889,2148.125,1991.0,-0.9741004551724206,8.708138011570554e-06,-9.64,-61.5,-8.738078117370605,-60.96052169799805
23.05,-82.21666667,123.02734,2021.0,-0.680773409477016,0.0001663155271671,-5.48,-35.6,-3.065115451812744,-9.602272033691406
50.3119,11.8758,564.53125,1996.0,0.2802306751992159,2.456859874655493e-05,-5.94,-42.0,-7.907894611358643,-53.900428771972656
46.98141401,6.607999655,1046.0625,2002.0,0.741222010848596,0.0,-11.48,-82.58550634,-9.396507263183594,-66.36881256103516
-35.07,173.28,71.449219,1977.0,-0.680773409477016,0.0,-5.36,-28.6,-3.613424777984619,-14.733619689941406
44.88055556,15.61888889,559.65625,2004.0,-0.23030567023061196,0.0,-7.04,-46.04,-6.439280033111572,-41.179359436035156
50.3119,11.8758,564.53125,1990.0,-0.7236440382959123,0.0,-10.67,-80.9,-10.61911392211914,-76.60916900634766
9.29,123.17,800.375,1998.0,0.741222010848596,0.0,-6.37,-40.6,-4.426184177398682,-22.339820861816406
58.38277778,21.81416667,5.9343262,2019.0,0.2386727660059501,9.322788173449226e-06,-11.31,-81.0,-11.401786804199219,-83.16471099853516
4.05,114.81,27.053711,2007.0,0.24702218048093552,0.0003894516848959,-12.53,-89.99,-7.626907825469971,-56.024391174316406
47.07777778,15.44888889,370.03125,1975.0,-0.7236440382959123,0.0,-11.15,-73.2,-11.788007736206055,-86.3996353149414
39.03,141.81,81.234375,2003.0,0.6994583270516471,3.320347559565562e-06,-9.22,-60.3,-6.808652877807617,-45.533729553222656
14.64,121.04,42.933594,2020.0,-0.27195815753410524,0.0,-5.87,-38.8,-5.473066806793213,-32.137062072753906
51.01666667,-114.0166667,1033.25,2001.0,-0.7236440382959123,0.0,-26.5,-185.0,-20.924306869506836,-162.92379760742188
41.91172742,2.763346411,139.71094,2016.0,0.9721181966290613,0.0,-8.26,-59.1,-5.897642612457275,-36.110450744628906
44.73805556,-0.774722222,59.488281,2022.0,0.741222010848596,1.609722494322341e-05,-1.61,-8.0,-5.109144687652588,-28.731300354003906
45.6,13.93333333,486.53125,2003.0,-0.680773409477016,0.0,-3.56,-24.86,-6.286129474639893,-39.74610137939453
31.85,36.81666667,510.6875,1991.0,0.9510565162951535,0.0,-5.36,-25.9,-4.46621561050415,-22.714454650878906
49.0392,8.365,112.44141,1997.0,-0.680773409477016,0.0,-4.81,-32.6,-6.719196796417236,-43.79895782470703
49.82,-74.97,386.4375,2001.0,-0.7236440382959123,0.0,-13.47,-92.1,-16.683549880981445,-127.4039077758789
52.2914,10.4464,80.6875,1979.0,0.9510565162951535,1.2862123185186649e-05,-12.17,-92.3,-9.705995559692383,-68.9610366821289
10.36512,0.46944,148.03125,2018.0,0.9721181966290613,0.0,-0.699,10.58,-1.8107972145080566,2.1362533569335938
41.91595556,13.08333333,499.48438,2001.0,-0.6744436188329457,0.0,-6.84,-36.28,-4.612997531890869,-24.088111877441406
64.58,40.5,0.0,1983.0,-0.680773409477016,0.0,-10.7,-80.0,-10.514952659606934,-75.75392150878906
6.2,100.4,3.8469238,1999.0,-0.680773409477016,8.046787843341008e-05,-7.56,-45.3,-6.016523838043213,-37.222999572753906
38.05011111,23.8675,438.375,2003.0,0.8840675099433636,0.0,-11.73,-80.2,-6.380142688751221,-40.62592315673828
-33.45,-70.7,507.65625,2016.0,-0.27195815753410524,0.0,-5.52,-31.6,-6.082029819488525,-37.836036682128906
49.7478,6.6581,259.26562,2010.0,0.741222010848596,8.561099821235985e-05,-5.41,-40.06,-6.866888523101807,-45.181129455566406
51.93,-10.25,33.068359,2001.0,-0.680773409477016,0.0,-5.24,-32.6,-4.963575839996338,-27.368995666503906
48.78,-123.13,148.02344,2008.0,-0.9634705485641486,0.0,-6.49,-49.2,-8.144086837768555,-58.33252716064453
47.98,-55.82,119.36328,2001.0,-0.9587178169872964,0.0,-7.31,-46.8,-7.103536605834961,-48.004112243652344
49.0975,19.59,572.9375,2003.0,0.9510565162951535,1.5792720660101622e-05,-13.59,-104.1,-10.885120391845703,-78.83719635009766
38.93,100.43,1490.125,1987.0,-0.2135209154397959,0.0,-2.96,-16.1,-4.612997531890869,-24.088111877441406
52.1042,8.7519,134.42188,2006.0,0.9510565162951535,0.0,-9.87,-70.2,-8.60360336303711,-59.727577209472656
46.39864119,6.233803787,434.125,2020.0,0.2802306751992159,0.0,-6.53,-43.75,-7.963525772094727,-54.36638641357422
52.1042,8.7519,134.42188,2006.0,-0.9741004551724206,0.0001134062549681,-5.69,-38.9,-7.797429084777832,-54.9434700012207
31.2025,29.87666667,-7.1420898,2001.0,-0.5380051715382992,0.0,-4.38,-22.5,-4.178717136383057,-20.023902893066406
28.22,-177.37,0.0,1986.0,-0.2884824328806098,0.0002998560667037,-1.96,-4.4,-3.758993625640869,-16.095924377441406
50.06166667,19.84861111,356.8125,1996.0,-0.7116566222817751,0.0,-11.45,-84.1,-11.348073959350586,-82.7148208618164
46.25,48.03,-22.556641,1985.0,0.6994583270516471,0.0,-13.3,-113.0,-13.20500373840332,-98.2681655883789
33.96666667,-4.983333333,500.04688,2012.0,0.9562348265919056,2.7342919565853663e-05,-4.51,-22.24,-3.996756076812744,-18.321022033691406
49.0422,12.1019,370.21875,1982.0,-0.2884824328806098,0.0,-12.26,-91.9,-11.706159591674805,-85.7140884399414
13.73,100.5,5.7392578,1974.0,-0.9587178169872964,2.265223884023726e-05,-9.38,-67.3,-7.395183563232422,-52.718360900878906
41.91172742,2.763346411,139.71094,2018.0,0.9510565162951535,0.0,-7.53,-53.0,-5.957083225250244,-36.666725158691406
52.4672,13.4019,47.5625,2011.0,-0.9741004551724206,5.690944362868322e-06,-4.48,-30.02,-8.194995880126953,-57.72905731201172
43.73238889,7.423583333,8.8959961,2005.0,0.29671281927349075,0.0,3.69,16.35,-4.710043430328369,-24.996315002441406
52.2914,10.4464,80.6875,2008.0,0.9721181966290613,0.0,-8.2,-57.35,-8.69184684753418,-60.46668243408203
-33.94638889,151.1730556,3.6643066,2011.0,-0.2135209154397959,0.0,-6.91,-40.0,-3.453299045562744,-13.235084533691406
10.00036389,-84.10913333,1157.3125,2015.0,-0.7856498550787144,8.42202061903663e-05,-4.78743614,-27.04622128,-6.472014427185059,-43.638160705566406
46.49722222,28.3,150.79688,2017.0,0.6994583270516471,7.85426345828455e-06,-8.9,-65.8,-12.268865585327148,-90.4272232055664
74.72,-94.98,67.636719,1993.0,-0.7236440382959123,0.0,-31.23,-233.7,-29.5388240814209,-235.07760620117188
47.4828,11.0622,716.1875,1988.0,-0.7116566222817751,0.0,-12.96,-91.8,-12.780416488647461,-94.7118911743164
52.93,4.78,0.63311768,1987.0,-0.9587178169872964,1.4064990864426363e-05,-4.99,-29.0,-6.460205554962158,-41.37519073486328
-21.02823729,55.47161911,1175.3125,2014.0,-0.9368813462954315,3.006792439919081e-06,-1.93,3.5,-1.9830536842346191,0.5241928100585938
10.36512,0.46944,148.03125,2018.0,-0.9562348265919058,0.0,-0.649,5.17,-5.139471530914307,-29.015113830566406
54.0967,13.4056,1.5458374,2007.0,-0.9587178169872964,0.0,-10.09,-69.6,-7.441176414489746,-50.417381286621094
38.98916547,-3.920273851,626.8125,2015.0,-0.9741004551724206,0.0,-5.45,-36.1,-6.119028568267822,-38.182289123535156
38.00194982,-1.170837424,61.660156,2011.0,0.9760105506323683,0.0,-1.8,-14.2,-5.015738010406494,-27.857154846191406
46.98141401,6.607999655,1046.0625,1996.0,-0.9634705485641486,0.0001004607038339,-8.89,-58.9,-9.713668823242188,-69.02530670166016
36.98,35.3,22.958008,2022.0,0.741222010848596,0.0,-0.88,-5.9,-2.8103699684143066,-7.218238830566406
36.03,129.38,4.7189941,1975.0,-0.7236440382959123,0.0,-5.29,-23.8,-6.866888523101807,-45.181129455566406
4.05,114.81,27.053711,2011.0,0.6616346182422783,0.0,-15.086,-111.784,-6.17968225479126,-38.749916076660156
-52.2065,-58.8508,5.151123,2015.0,-0.2884824328806098,0.0,-8.4144326,-61.83565955,-7.598964691162109,-55.88753890991211
-3.25,-79.98333333,2.8572998,1992.0,-0.23030567023061196,0.0,-3.78,-21.2,-2.356680393218994,-2.9723892211914062
47.81666667,13.71777778,1616.0625,2001.0,-0.33752289959411347,0.0,-15.27,-115.7,-12.417215347290039,-91.6697769165039
-15.85,-47.93,1012.8125,1985.0,-0.2884824328806098,0.0001310395309701,-7.2,-58.0,-4.513525485992432,-23.157203674316406
50.4972,9.9428,920.40625,1991.0,0.741222010848596,6.874143582535908e-05,-9.44,-69.3,-8.693124771118164,-60.477394104003906
54.5283,11.0603,1.9006348,1998.0,-0.2884824328806098,8.789435378275812e-05,-7.51,-53.6,-10.171506881713867,-72.8600845336914
25.086675,-80.45309444,2.7862549,2002.0,0.6994583270516471,0.0,-2.4,-2.0,-2.6356873512268066,-5.583473205566406
-30.08,-51.18,244.72656,1983.0,-0.2135209154397959,2.4844860035955207e-06,-3.54,-18.2,-5.830923557281494,-35.486061096191406
53.23,6.55,7.7121582,1988.0,-0.9634705485641486,0.0,-6.6,-45.4,-6.525711536407471,-41.98822784423828
4.05,114.81,27.053711,2007.0,-0.8311706263658079,0.0001260495773749,-10.56,-72.8,-8.012359619140625,-61.523658752441406
48.18427778,16.389575,201.11719,2001.0,-0.7638886127905429,2.2078134861658327e-05,-2.93,-15.0,-8.946342468261719,-62.598304748535156
-6.88,39.2,52.724609,1963.0,-0.9741004551724206,5.9793645050376654e-05,-0.3,4.4,-2.6114258766174316,-5.356422424316406
33.88,7.86,80.324219,1999.0,-0.9741004551724206,0.0,-4.04,-23.8,-3.9215455055236816,-17.617164611816406
65.11666667,57.1,53.808594,1981.0,0.2386727660059501,0.0,-16.0,-117.0,-18.32562828063965,-141.15768432617188
4.05,114.81,27.053711,2009.0,0.7295575540864875,6.95563867338933e-05,-9.76,-62.63,-6.228811740875244,-39.209693908691406
37.0,80.8,1388.1875,1991.0,-0.0859647987374467,0.0,-18.48,-161.8,-9.341238021850586,-64.5672378540039
46.96666667,28.9,90.308594,2010.0,-0.2135209154397959,0.0,-5.68146,-37.5314,-6.693418979644775,-43.557716369628906
-0.743055556,-90.30222222,1.7120972,2014.0,0.8359254794186372,3.5860770708495693e-07,-2.509225274,-9.180132793,-3.361105442047119,-12.372291564941406
24.91,91.84533333,16.452148,2012.0,0.7295575540864875,0.0,1.23,15.95,-2.3688111305236816,-3.0859146118164062
53.8713,8.7058,4.7202148,1984.0,0.2802306751992159,0.0,-4.75,-29.9,-6.866888523101807,-45.181129455566406
-33.95833333,18.46111111,109.49609,2000.0,-0.5307300481619331,9.829288501350676e-06,-4.62,-14.0,-3.0190186500549316,-9.170875549316406
39.55339029,2.625298143,5.3820801,2013.0,0.29671281927349075,3.8386275264201686e-05,-5.47,-32.3,-4.329138278961182,-21.431617736816406
-37.82,144.97,6.1674805,1987.0,0.2386727660059501,0.0,-3.69,-20.4,-4.963575839996338,-27.368995666503906
45.8,28.2,40.330078,2014.0,-0.2135209154397959,0.0001574948546476,-5.51,-31.6,-6.365585803985596,-40.48969268798828
20.03333333,110.35,20.03418,1999.0,0.5160623910158528,7.825611100997776e-05,-9.3,-62.0,-3.9749207496643066,-18.116676330566406
-13.0,-38.52,39.933594,1974.0,0.2386727660059501,9.003016748465598e-05,-1.56,-1.1,-2.104361057281494,-0.6110610961914062
42.66,18.08333333,0.0,2003.0,-0.680773409477016,0.0,-4.42,-26.9,-4.759779453277588,-25.461769104003906
48.75,-91.62,405.375,1980.0,0.9562348265919056,0.0,-22.8,-178.0,-14.560613632202148,-109.6225357055664
0.616666667,-69.2,92.0,1972.0,-0.7116566222817751,5.247495209914632e-05,-4.0,-19.0,-3.487265110015869,-13.552955627441406
38.73,-27.31,881.0625,2001.0,0.6994583270516471,9.21316950552864e-06,-4.79,-25.9,-3.3732361793518066,-12.485816955566406
55.75,37.57,130.52344,1979.0,0.9510565162951535,3.603675577323884e-05,-12.6,-103.0,-12.30467414855957,-90.7271499633789
0.604166667,-77.81944444,2835.75,2019.0,0.741222010848596,9.336526090919506e-06,-16.76,-127.6,-10.585359573364258,-98.2328872680664
46.65772518,8.292706832,1061.3125,2016.0,-0.9634705485641486,0.0,-11.03,-77.95,-9.138174057006836,-64.2050552368164
22.31666667,114.1666667,34.056641,1997.0,-0.2135209154397959,9.62023696047254e-05,-7.51,-50.6,-7.202457904815674,-49.968727111816406
4.05,114.81,27.053711,2010.0,0.29671281927349075,0.0001536376221338,-8.69,-59.24,-7.502202987670898,-54.245216369628906
46.49143367,9.898180888,1767.6875,2015.0,0.9510565162951535,6.211502295627724e-06,-9.27,-66.2,-13.169195175170898,-97.9682388305664
51.18,8.4889,841.375,2013.0,0.6994583270516471,5.142658483237028e-05,-10.32,-71.3,-10.151044845581055,-72.6886978149414
47.47051111,21.49041944,105.30859,2006.0,-0.655156357209085,0.0,-4.84,-31.84,-7.724448204040527,-54.26961898803711
4.05,114.81,27.053711,2009.0,0.38566340624360707,0.0,-11.43,-80.97,-7.011773109436035,-47.248207092285156
45.32,-75.67,112.08594,1974.0,-0.9741004551724206,1.098628399631707e-05,-8.15,-53.2,-11.718948364257812,-85.82120513916016
38.98916547,-3.920273851,626.8125,2000.0,-0.27195815753410524,0.0001281572622247,-8.29,-53.7,-6.866888523101807,-45.181129455566406
4.365694444,18.58725,381.14062,2018.0,0.29671281927349075,0.0,-0.98,2.3,-1.4662842750549316,5.360374450683594
4.05,114.81,27.053711,2007.0,0.5086709438521044,0.0,-3.47,-10.18,-6.182714939117432,-38.778297424316406
22.464925,-83.56566667,48.583984,1983.0,-0.9741004551724206,0.0,-3.49,-15.7,-4.185995578765869,-20.092018127441406
59.28333333,39.86666667,117.19141,1983.0,0.29671281927349075,0.0001031438077916,-10.9,-93.0,-9.762266159057617,-69.4323501586914
46.20239,7.84117,1546.1875,2023.0,-0.2884824328806098,0.0,-16.39,-122.67,-13.772825241088867,-103.0241470336914
60.18008889,24.83286111,14.698242,2013.0,0.29671281927349075,0.0,-7.49,-52.2,-9.14968490600586,-64.30146026611328
9.0,38.73,2329.125,1982.0,-0.9741004551724206,0.0,-4.86,-24.9,-1.2867493629455566,7.040550231933594
4.05,114.81,27.053711,2008.0,0.8406184056344782,8.508598693879321e-05,-7.18,-46.23,-6.648383617401123,-43.136253356933594
53.8713,8.7058,4.7202148,1986.0,0.9510565162951535,0.0,-6.43,-46.2,-7.888719081878662,-54.06006622314453
28.46344137,-16.2553441,36.554688,2008.0,-0.970063921851507,0.0,-0.73,4.23,-3.3150086402893066,-11.940895080566406
25.01666667,102.6833333,1907.8125,2002.0,-0.2884824328806098,4.826581516681472e-06,-5.5,-40.0,-5.935854434967041,-36.468055725097656
28.58,77.2,222.79688,2007.0,-0.2135209154397959,0.0005605113110505,-1.37,-0.9,-4.933248996734619,-27.085182189941406
37.01,-7.96,0.0,1994.0,-0.9741004551724206,2.832005702657625e-05,-4.02,-23.8,-4.461363315582275,-22.669044494628906
-17.83,31.02,1473.25,1975.0,-0.9741004551724206,0.0,-0.05,11.7,-1.9976105690002441,0.38796234130859375
-31.95,115.78,12.910645,1992.0,-0.9634705485641486,0.0,-3.79,-14.5,-3.1257691383361816,-10.169898986816406
-5.8,-35.2,40.765625,1973.0,0.741222010848596,3.74772134819068e-05,-2.94,-13.4,-2.686636447906494,-6.060279846191406
49.0422,12.1019,370.21875,2009.0,0.2386727660059501,1.2548230188258458e-05,-14.18,-116.05,-11.58338737487793,-84.6857681274414
47.42692898,9.400776879,758.46875,2021.0,-0.680773409477016,0.0001057654153555,-8.68,-56.11,-6.424723148345947,-41.043128967285156
-0.331666667,31.76111111,1281.8125,2019.0,-0.7236440382959123,5.639748997054994e-05,-5.52,-30.0,-2.6550965309143066,-5.765113830566406
28.50444444,-16.30333333,570.6875,2008.0,-0.6486295610349818,0.0,-2.85,-6.98,-2.579885959625244,-5.061256408691406
35.230556,129.080278,54.740234,2019.0,-0.680773409477016,8.646434434922412e-05,-7.49,-50.9,-7.899898052215576,-59.919166564941406
31.2025,29.87666667,-7.1420898,2001.0,0.7236440382959124,0.0,-3.99,-11.5,-3.3392701148986816,-12.167945861816406
41.64083945,-4.754446679,735.625,2017.0,0.2386727660059501,0.0,-11.0,-77.6,-9.810863494873047,-69.83939361572266
49.0392,8.365,112.44141,2003.0,-0.7236440382959123,0.0,-13.08,-95.05,-9.075510025024414,-63.68018341064453
-20.299175,57.47873889,391.1875,2020.0,-0.27195815753410524,1.421155593561707e-05,0.14,4.9,-2.5192322731018066,-4.493629455566406
36.98,35.3,22.958008,2017.0,-0.2884824328806098,0.0001101528177969,-4.08,-14.3,-5.395430088043213,-31.410499572753906
41.66056063,-1.004162565,244.98438,2017.0,0.6994583270516471,0.0,-5.89,-40.3,-6.46111536026001,-41.383705139160156
36.98972222,32.45972222,1524.125,1967.0,-0.2884824328806098,0.0,-10.85,-65.0,-7.003328800201416,-46.32392883300781
22.71666667,89.08333333,11.063965,2015.0,-0.9587178169872964,0.0,-6.19,-38.4,-7.3439412117004395,-51.987281799316406
46.98141401,6.607999655,1046.0625,2021.0,0.29671281927349075,0.0,-6.48,-39.05,-8.817176818847656,-61.51642608642578
0.966666667,-79.63333333,0.0,1996.0,0.2386727660059501,1.7771313650882803e-05,-3.98,-21.1,-3.0723938941955566,-9.670387268066406
-13.0,-38.52,39.933594,1968.0,-0.23030567023061196,6.416139513021335e-05,0.07,8.3,-1.9757752418518066,0.5923080444335938
53.8713,8.7058,4.7202148,1998.0,-0.2135209154397959,2.4339265110029373e-06,-6.56,-46.1,-6.4380669593811035,-41.168006896972656
51.93,-10.25,33.068359,1999.0,0.741222010848596,4.949418507749215e-05,-4.25,-30.15,-5.756319522857666,-34.787879943847656
29.55,34.9,243.39062,2002.0,0.2386727660059501,0.0,3.327,26.1,-3.1500306129455566,-10.396949768066406
46.49143367,9.898180888,1767.6875,2022.0,0.9510565162951535,2.0851070075877946e-05,-14.88,-106.8,-12.580911636352539,-93.0408706665039
64.13,-21.93,12.141602,1993.0,-0.9741004551724206,3.168630200889311e-06,-4.33,-29.8,-9.516721725463867,-67.3757095336914
19.2,-96.13,0.0,1973.0,-0.9587178169872964,0.0001434524892829,-3.52,-10.8,-5.191633701324463,-29.503273010253906
22.31666667,114.1666667,34.056641,1983.0,-0.2135209154397959,0.0,-6.09,-42.7,-7.582467555999756,-55.390357971191406
39.95,32.88,920.125,2001.0,-0.4787338401157883,0.0001533789909444,-11.91,-89.4,-21.94734001159668,-196.62619018554688
39.95,32.88,920.125,1973.0,0.9510565162951535,0.0,-8.37,-53.1,-8.67010498046875,-60.284584045410156
49.0422,12.1019,370.21875,1982.0,0.6994583270516471,0.0,-13.33,-99.3,-13.20500373840332,-98.2681655883789
12.69325,-7.995494444,382.5625,1967.0,0.9510565162951535,0.0,2.6,23.0,-0.35996103286743164,15.713890075683594
37.1644591,-5.611393166,86.394531,2011.0,0.9510565162951535,0.0,-7.18,-49.0,-4.85439920425415,-26.347267150878906
40.41195035,-3.67806112,671.09375,2014.0,0.29671281927349075,0.0,2.51,14.9,-5.422117710113525,-31.660255432128906
52.4672,13.4019,47.5625,2000.0,-0.9634705485641486,0.0,-7.13,-48.05,-7.424740791320801,-50.759254455566406
39.55339029,2.625298143,5.3820801,2001.0,-0.2135209154397959,0.0,-6.02,-45.0,-3.1742920875549316,-10.624000549316406
49.81666667,23.95,322.9375,1981.0,-0.9741004551724206,0.0001172048941953,-11.9,-81.0,-9.278850555419922,-65.38333892822266
63.52,-116.0,238.64844,2008.0,0.2386727660059501,0.0,-28.51,-217.8,-28.63849449157715,-227.53659057617188
-34.05,115.0249,77.78125,2005.0,-0.3294084822245302,4.894439916824922e-05,-3.9,-10.7,-3.317434787750244,-11.963600158691406
43.71,10.4,9.4057617,1995.0,0.2386727660059501,5.184389465284767e-06,-3.37,-18.4,-6.796909332275391,-44.52622985839844
9.0,38.73,2329.125,2012.0,0.7295575540864875,0.0,-0.09,10.66,-0.7287354469299316,12.262718200683594
45.0,136.6,361.35938,1997.0,-0.680773409477016,0.0,-8.1,-59.9,-9.301870346069336,-65.5761489868164
49.0975,19.59,572.9375,2011.0,-0.680773409477016,0.0,-5.326570378,-33.16475467,-6.689931392669678,-43.52507781982422
54.5283,11.0603,1.9006348,2009.0,-0.680773409477016,9.381525160279123e-06,-6.6,-46.4,-7.48426628112793,-50.35218811035156
11.13,124.66,474.0625,1998.0,-0.2135209154397959,9.00746526895091e-05,-7.59,-47.0,-7.5607008934021,-55.079811096191406
53.7122,7.1519,8.8525391,2007.0,-0.680773409477016,1.020907802740112e-05,-5.33,-33.89,-6.841433048248291,-44.942901611328125
28.50444444,-16.30333333,570.6875,2012.0,0.3456123126707335,0.0,-1.5,-1.87,-3.792959690093994,-16.413795471191406
35.68,139.77,22.099609,1978.0,0.29671281927349075,0.0,-8.81,-65.2,-6.866888523101807,-45.181129455566406
6.417169444,2.329255556,12.735352,2005.0,-0.2135209154397959,0.0,-4.939871685,-26.49642429,-2.254782199859619,-2.0187759399414062
-20.299175,57.47873889,391.1875,2018.0,-0.2135209154397959,2.2395868654712103e-05,-1.68,3.8,-2.5337891578674316,-4.629859924316406
47.42692898,9.400776879,758.46875,2009.0,-0.680773409477016,0.0002847239375114,-6.33,-41.5044213,-6.612901210784912,-42.80419158935547
38.28,21.79,113.0625,2015.0,0.29671281927349075,0.0,-3.6,-23.0,-4.380087375640869,-21.908424377441406
58.65,49.61666667,162.28906,2000.0,-0.7116566222817751,7.357914000749588e-05,-18.1,-139.9,-17.947080612182617,-137.98703002929688
4.05,114.81,27.053711,2007.0,0.11165900712169512,0.000219449357246,-10.26,-68.02,-7.644593238830566,-56.276710510253906
-20.901,55.484,83.28125,2021.0,-0.9587178169872964,6.0721927184204105e-06,-0.85,5.9,-1.7622742652893066,2.5903549194335938
38.28,21.79,113.0625,2016.0,0.7295575540864875,4.995580638933461e-06,-5.84,-37.3,-4.324285984039307,-21.386207580566406
28.58,77.2,222.79688,1981.0,0.741222010848596,0.0,2.67,13.0,-0.8209290504455566,11.399925231933594
45.80666667,15.97,120.36328,2002.0,-0.49377555015997737,0.0,-5.85,-37.8,-7.1515984535217285,-47.56581497192383
46.95222563,7.439320571,542.53125,1988.0,-0.23030567023061196,0.0,-6.23,-42.9,-7.109175682067871,-47.069679260253906
47.98,-55.82,119.36328,2008.0,-0.6932812268869771,0.0,-5.63,-34.8,-6.866888523101807,-45.181129455566406
6.86,37.74,1889.1875,2000.0,-0.7116566222817751,0.0,-0.54,10.3,-2.1989808082580566,-1.4965591430664062
45.65,13.75,0.0,2002.0,-0.9741004551724206,0.0,-7.79,-44.85,-5.9121994972229,-36.246681213378906
-26.61361111,118.5372222,517.78125,2009.0,-0.2884824328806098,0.0,3.28,10.1,-3.181570529937744,-10.692115783691406
-0.13,-67.08,58.835938,1975.0,0.9760105506323683,0.0001267779298359,-5.04,-33.8,-5.617422580718994,-33.488014221191406
22.31666667,114.1666667,34.056641,1997.0,-0.7236440382959123,0.0,-1.4,-1.2,-5.606504917144775,-33.385841369628906
48.8281,9.2,313.79688,1995.0,-0.2135209154397959,0.0,-4.64,-32.4,-6.330709934234619,-40.163307189941406
36.03,129.38,4.7189941,1976.0,-0.970063921851507,0.0,-8.75,-64.2,-6.866888523101807,-45.181129455566406
51.83,6.25,9.5,1983.0,-0.9741004551724206,0.0,-4.06,-25.0,-7.300739288330078,-48.80681610107422
-65.07944444,-63.9775,286.6875,2004.0,-0.23030567023061196,1.120116579571644e-06,-9.79,-73.6,-9.35191535949707,-80.6352310180664
-54.78,-68.28,104.83984,1985.0,-0.9587178169872964,0.0,-12.7,-108.0,-10.32269287109375,-87.18476104736328
52.2914,10.4464,80.6875,2002.0,0.6994583270516471,7.929549610707909e-05,-5.74,-46.05,-9.739246368408203,-69.23954010009766
50.3119,11.8758,564.53125,2000.0,0.2386727660059501,9.655082976678386e-05,-8.31,-59.7,-10.102447509765625,-72.28165435791016
51.67,-110.2,697.40625,2000.0,0.2386727660059501,0.0,-24.67,-189.2,-24.54608726501465,-193.25924682617188
4.7,-74.13,2551.125,1976.0,0.7295575540864875,1.1553395779628772e-05,-13.22,-97.5,-6.953751564025879,-50.490692138671875
-0.92,-75.4,176.47656,2020.0,0.7295575540864875,0.0002153615205315,-12.35,-88.5,-6.526621341705322,-41.996742248535156
40.8203002,0.493333172,52.294922,2010.0,-0.9587178169872964,0.0,-4.86,-27.75,-4.528082370758057,-23.293434143066406
16.73,-169.52,0.0,1963.0,0.6994583270516471,8.973068361228798e-06,0.6,8.1,-3.176718235015869,-10.646705627441406
-45.35,-72.07,583.1875,1989.0,-0.7236440382959123,0.0,-8.0,-56.0,-9.685670852661133,-85.3969497680664
46.39864119,6.233803787,434.125,2009.0,-0.680773409477016,6.037074126652442e-05,-3.32,-14.82141811,-6.183321475982666,-38.783973693847656
13.06805556,-86.39666667,1134.25,2004.0,-0.9634705485641486,4.005835216958076e-05,-5.0,-32.6,-6.299197196960449,-42.893409729003906
49.068224,13.614822,1118.0,2018.0,0.9510565162951535,3.4057247830787674e-05,-14.7,-110.6,-10.423904418945312,-75.11996459960938
53.23,6.55,7.7121582,1971.0,-0.7236440382959123,0.0,-9.02,-57.8,-8.053686141967773,-55.121559143066406
56.93604,24.09549,1.7421875,2018.0,0.29671281927349075,8.276756852865219e-05,-7.9,-56.8,-7.513680458068848,-50.59855651855469
-6.18,106.83,5.1230469,1997.0,-0.7236440382959123,4.430152694112621e-05,-1.59,-3.8,-5.350546360015869,-30.990455627441406
13.73,100.5,5.7392578,1995.0,0.741222010848596,0.0,-3.85,-23.4,-4.520803928375244,-23.225318908691406
5.383333333,103.1,10.330566,2021.0,-0.9741004551724206,6.893368117744103e-05,-5.87,-34.7,-6.352316379547119,-42.609230041503906
53.8713,8.7058,4.7202148,1980.0,0.9562348265919056,2.111928552039899e-05,-6.49,-57.0,-7.937060356140137,-54.83263397216797
4.321388889,117.9405556,168.0625,2008.0,0.6994583270516471,6.554758874699473e-05,-9.02,-59.19,-6.451077938079834,-41.48314666748047
54.6789,13.4342,38.980469,2005.0,-0.9741004551724206,1.707724732114002e-05,-7.38,-51.3,-8.27997875213623,-57.93193817138672
-34.05,115.0249,77.78125,2009.0,-0.8840675099433637,4.900997282675235e-06,-2.92,-13.7,-2.9753479957580566,-8.762184143066406
47.47051111,21.49041944,105.30859,2009.0,-0.07738647923346322,6.105412467150018e-05,0.88,-11.82,-6.9142069816589355,-45.57746124267578
-8.77,-63.92,52.0,1975.0,0.6994583270516471,0.0,-13.02,-94.6,-6.523285388946533,-41.96552276611328
46.32516,16.29311,176.45312,2017.0,-0.2884824328806098,0.0,-13.65,-99.2,-12.64741325378418,-93.5978775024414
40.41195035,-3.67806112,671.09375,2011.0,0.9760105506323683,0.0,-7.95,-51.5,-7.710308074951172,-52.24547576904297
50.7311,13.7514,876.875,2003.0,-0.9587178169872964,0.0,-9.33,-60.4,-8.106121063232422,-55.56073760986328
53.32,-60.42,46.541016,2006.0,-0.2884824328806098,0.0,-22.41,-168.4,-14.298482894897461,-136.6710968017578
10.00036389,-84.10913333,1157.3125,2016.0,-0.99665890175417,0.0006899167201481,-4.137251,-19.862963,-6.661962032318115,-46.437477111816406
47.81666667,13.71777778,1616.0625,2001.0,0.5307300481619334,0.0,-6.62,-39.9,-10.281490325927734,-73.78128814697266
28.58,77.2,222.79688,1991.0,0.6994583270516471,0.0,-3.62,-13.1,-1.1751465797424316,8.084983825683594
13.52,2.09,210.4375,1994.0,-0.9741004551724206,0.0,-0.52,1.4,-1.8787293434143066,1.5005111694335938
36.62,127.46,80.589844,2009.0,-0.9741004551724206,7.23133998690173e-05,-8.78,-47.06,-6.866888523101807,-45.181129455566406
-0.37,-78.55,3064.0,2020.0,-0.6932812268869771,0.0,-9.0,-58.9,-7.466151237487793,-54.4398193359375
56.7193,60.73332,220.07031,2017.0,-0.9741004551724206,9.409442100150043e-06,-15.86266852,-121.7689974,-13.639822006225586,-101.9101333618164
43.73238889,7.423583333,8.8959961,2022.0,0.6994583270516471,0.0,-4.64,-23.8,-5.482771396636963,-32.227882385253906
41.46666667,46.08333333,0.0,2018.0,0.29671281927349075,0.0,-1.05,-6.8,-5.574965000152588,-33.090675354003906
47.59583333,7.594444444,248.26562,2005.0,-0.2884824328806098,8.747729589231312e-05,-10.4,-79.85,-11.307149887084961,-82.3720474243164
44.73805556,-0.774722222,59.488281,2019.0,-0.7236440382959123,4.109972906007897e-06,-6.93,-42.1,-6.411379337310791,-40.918251037597656
14.73333333,-17.5,17.729492,2013.0,-0.680773409477016,3.629477942013182e-05,-3.907471537,-19.14177419,-3.482412815093994,-13.507545471191406
76.76666667,-18.66666667,0.0,2005.0,-0.2135209154397959,0.0,-14.0,-108.67,-14.427610397338867,-108.5085220336914
10.88,-74.78,22.039062,1979.0,-0.680773409477016,9.346840670332313e-06,-3.84,-26.4,-4.935675144195557,-27.107887268066406
39.55339029,2.625298143,5.3820801,2017.0,0.6994583270516471,0.0,-6.21,-42.7,-5.274122714996338,-30.275245666503906
48.24861111,16.35638889,200.63281,2012.0,0.7295575540864875,0.0,-4.04,-30.8,-8.074788093566895,-55.298301696777344
46.49143367,9.898180888,1767.6875,1998.0,0.9760105506323683,2.639259400893934e-05,-16.64,-128.2,-13.808633804321289,-103.3240737915039
49.068224,13.614822,1118.0,2017.0,-0.680773409477016,0.0,-7.1,-46.7,-7.827964782714844,-53.23094940185547
44.13333333,6.333333333,881.625,2014.0,-0.9741004551724206,0.0,-6.14,-36.0,-6.787402153015137,-45.19184112548828
13.17,100.8,23.824219,1987.0,-0.7236440382959123,0.0,-6.76,-45.5,-5.6762566566467285,-34.038612365722656
22.31666667,114.1666667,34.056641,1999.0,0.9510565162951535,2.719316171351238e-06,-1.525,-2.45,-3.729879856109619,-15.823463439941406
58.1,6.57,0.0,1973.0,0.29671281927349075,0.0001141728280344,-5.17,-35.6,-7.697519302368164,-52.13835906982422
50.92,5.78,111.17188,1996.0,0.3777079652039649,0.0,-4.47,-35.8,-6.931272029876709,-45.720394134521484
39.95,32.88,920.125,1983.0,0.6994583270516471,0.0,-17.65,-126.2,-9.8978271484375,-70.56778717041016
41.9,12.5,59.011719,2000.0,-0.994217906893952,1.5238550076901449e-05,-7.29,-45.23,-5.117636203765869,-28.810768127441406
9.31,123.2,400.01562,1998.0,0.9510565162951535,0.00067517044954,-1.06,3.5,-4.454084873199463,-22.600929260253906
37.1644591,-5.611393166,86.394531,2008.0,-0.970063921851507,0.0,-5.76,-36.19,-4.975706577301025,-27.482521057128906
9.93,-84.1,1135.125,2018.0,-0.9587178169872964,0.0001569539745105,-9.15,-61.8,-8.416976928710938,-70.82429504394531
25.07,110.08,385.5,1983.0,0.9510565162951535,1.0037389074568637e-05,-3.63,-10.5,-3.1791443824768066,-10.669410705566406
28.63,-106.07,1444.25,1963.0,-0.680773409477016,0.0001663639268372,-2.8,-18.6,-6.866888523101807,-45.181129455566406
53.23,6.55,7.7121582,1999.0,0.5086709438521044,6.462157034548e-05,-8.131,-49.414,-6.866888523101807,-45.181129455566406
45.32,-75.67,112.08594,1976.0,0.9721181966290613,1.215018710354343e-05,-11.42,-79.7,-10.107563018798828,-72.32450103759766
12.37861111,-1.503111111,292.625,2018.0,-0.680773409477016,0.0,-6.87,-45.7,-4.597227573394775,-23.940528869628906
54.5283,11.0603,1.9006348,2006.0,0.29671281927349075,0.0,-5.12,-33.4,-6.956329822540283,-45.930274963378906
-3.12,-60.02,49.394531,1984.0,0.6994583270516471,0.0,-4.23,-21.1,-5.9121994972229,-36.246681213378906
22.7,90.36,5.9089355,2014.0,-0.2135209154397959,0.0003007728082593,-5.79,-36.9,-6.01894998550415,-37.245704650878906
53.97,-101.1,265.25,1979.0,0.9760105506323683,0.0,-19.4,-140.0,-18.059621810913086,-138.92965698242188
78.91666667,11.93333333,38.650391,2005.0,-0.680773409477016,0.0,-11.6,-86.6,-11.422248840332031,-83.33609771728516
39.55339029,2.625298143,5.3820801,2008.0,-0.7116566222817751,3.246367123210803e-05,-8.91,-58.09,-5.964968204498291,-36.740516662597656
41.75,44.766667,0.0,2017.0,-0.9741004551724206,0.0,-2.38,-15.5,-6.749447822570801,-44.082061767578125
54.5275,9.5486,43.292969,1999.0,-0.2135209154397959,0.0,-5.6,-37.0,-6.400158405303955,-40.81324005126953
46.60305556,13.67138889,2148.125,1987.0,0.9510565162951535,0.0,-15.36,-109.5,-11.447826385498047,-83.55033111572266
46.49143367,9.898180888,1767.6875,2005.0,0.741222010848596,0.0,-11.91,-84.3909538,-11.253437042236328,-81.92215728759766
47.81666667,13.71777778,1616.0625,2019.0,-0.9988797155850335,0.0001470203715143,-1.125,-7.98,-9.271538734436035,-65.70845794677734
-0.13,-67.08,58.835938,1989.0,-0.2884824328806098,0.0,-1.75,-7.0,-3.463003635406494,-13.325904846191406
-40.68,144.69,82.167969,2007.0,0.6994583270516471,3.2427919904876035e-06,-2.81,-8.4,-4.668798923492432,-24.610328674316406
32.81333333,130.7291667,25.359375,2017.0,-0.2135209154397959,0.0001068149213097,-9.76,-64.8,-7.135797500610352,-49.017677307128906
-40.68,144.69,82.167969,2012.0,0.6994583270516471,2.3393517949443776e-06,4.03,35.5,-4.66030740737915,-24.530860900878906
60.18008889,24.83286111,14.698242,2019.0,0.9760105506323683,0.0,-10.24,-73.8,-11.874971389770508,-87.1280288696289
46.22030867,7.33848445,481.70312,2004.0,-0.9634705485641486,5.888260147912661e-06,-3.14,-20.56355236,-8.244294166564941,-56.90673065185547
38.73,-27.22,557.78125,1999.0,0.9510565162951535,3.64902189176064e-05,-4.64,-20.15,-3.516378879547119,-13.825416564941406
39.46666667,-6.333333333,410.0,2017.0,-0.7236440382959123,0.0,-5.59,-31.7,-5.796350955963135,-35.162513732910156
-30.08,-51.18,244.72656,1973.0,-0.9741004551724206,8.066148438956589e-05,-2.91,-10.0,-3.3586792945861816,-12.349586486816406
52.8,5.05,-4.4990234,1997.0,0.30492122465628907,3.150817519781413e-06,-9.54,-70.6,-6.728825569152832,-43.889068603515625
-27.43,153.08,5.7802734,1976.0,0.2386727660059501,0.0,-5.56,-37.9,-3.773550510406494,-16.232154846191406
4.05,114.81,27.053711,2010.0,0.9979171608653922,0.0,-3.58,-16.71,-6.79425573348999,-44.50139617919922
-37.82,144.97,6.1674805,2007.0,0.9510565162951535,8.929967407311779e-06,-3.8,-17.5,-5.160093784332275,-29.208106994628906
32.83888889,36.25694444,580.21875,1990.0,0.2386727660059501,9.943320037564264e-05,-7.05,-41.6,-5.568899631500244,-33.033912658691406
53.8713,8.7058,4.7202148,2006.0,-0.9741004551724206,0.0001220125195686,-6.83,-45.75,-7.573729991912842,-52.604248046875
47.81666667,13.71777778,1616.0625,2002.0,-0.8674563547295971,0.0,-7.85,-47.7,-9.989906311035156,-71.33902740478516
7.208333333,-72.93805556,2527.5,2005.0,0.2386727660059501,0.0,-6.2,-37.46,-4.49437141418457,-38.29414367675781
53.8713,8.7058,4.7202148,1995.0,0.9760105506323683,0.0,-3.52,-26.5,-7.761329650878906,-53.052513122558594
26.58333333,106.7166667,1077.9375,1988.0,0.9721181966290613,0.0,-0.73,16.5,-2.861319065093994,-7.695045471191406
68.96666667,33.05,0.059604645,1982.0,0.29671281927349075,0.0,-12.2,-99.0,-12.693452835083008,-93.9834976196289
34.01937778,-6.838286111,18.375977,2002.0,0.8498170915275278,2.1050818759249523e-05,-5.13,-25.05,-3.8293519020080566,-16.754371643066406
49.0392,8.365,112.44141,2005.0,0.741222010848596,0.0,-5.97,-41.5,-6.866888523101807,-45.181129455566406
46.64833333,14.31833333,448.71875,1994.0,-0.9587178169872964,0.0,-6.46,-41.2,-7.82518196105957,-53.876853942871094
52.98,158.65,0.0,1999.0,0.2386727660059501,0.0,-15.5,-118.2,-17.85500144958496,-137.21578979492188
33.21722222,-87.54305556,64.535156,2005.0,-0.680773409477016,0.0,-4.9,-27.5,-3.9166932106018066,-17.571754455566406
78.91666667,11.93333333,38.650391,2014.0,0.9760105506323683,1.7648362700128928e-05,-14.8,-93.7,-11.874971389770508,-87.1280288696289
-34.05,115.0249,77.78125,2017.0,0.10310169744743485,0.0,-2.68,-6.0,-3.3053040504455566,-11.850074768066406
51.3,3.75,9.4589844,2002.0,0.23030567023061221,5.024708661949262e-05,-5.527,-38.13,-8.113154411315918,-55.619651794433594
38.98916547,-3.920273851,626.8125,2008.0,-0.9634705485641486,3.4732779568003025e-06,-5.35,-32.7,-5.405134677886963,-31.501319885253906
47.6772,9.19,442.90625,2012.0,0.2386727660059501,1.14969816422672e-05,-8.94,-64.87,-12.32002067565918,-90.8556900024414
-35.15833333,147.4572222,211.74219,2011.0,0.741222010848596,8.802180673228577e-06,-5.52,-30.2,-4.412840366363525,-22.214942932128906
13.50277778,-88.51805556,1017.5312,1996.0,-0.2967128192734901,0.000445539568318,-8.07,-56.53,-5.564330101013184,-33.141395568847656
54.5275,9.5486,43.292969,2008.0,-0.23030567023061196,0.0,-6.845,-46.65,-6.500540256500244,-41.752662658691406
37.29611111,14.84138889,155.96094,2000.0,0.7295575540864875,0.0,-0.6,-4.0,-4.076818943023682,-19.070289611816406
-17.83,31.02,1473.25,2000.0,-0.7116566222817751,7.476563041564077e-05,-4.12,-20.6,-3.7080445289611816,-15.619117736816406
27.7,106.88,860.71875,1987.0,-0.9587178169872964,0.0,-9.26,-64.8,-8.85672378540039,-73.5702896118164
35.85888889,-106.3336111,2257.125,1992.0,-0.7526668275320083,0.0,-8.5,-61.1,-8.671871185302734,-66.1713638305664
46.95222563,7.439320571,542.53125,2009.0,0.29671281927349075,3.503271727822721e-05,-5.43,-37.07462755,-7.176056861877441,-47.77067565917969
52.1,5.18,1.7967529,1996.0,0.7354170229639855,0.0,-9.78,-66.8,-6.866888523101807,-45.181129455566406
23.95277778,90.27916667,23.626953,2018.0,0.29671281927349075,0.0,-5.29,-29.7,-4.3982834815979,-22.078712463378906
51.35,12.43,125.46484,2012.0,-0.23030567023061196,0.0,-6.3,-42.8,-6.57969331741333,-42.49341583251953
-27.17,-109.43,140.28906,2004.0,-0.9634705485641486,8.11086647445336e-06,3.62,19.4,-2.8055176734924316,-7.172828674316406
46.39864119,6.233803787,434.125,2019.0,-0.680773409477016,0.0,-4.47,-29.06,-6.247917652130127,-39.38849639892578
22.31666667,114.1666667,34.056641,1994.0,0.6994583270516471,8.125386557367165e-06,-2.44,-6.8,-2.909842014312744,-8.149147033691406
21.44,91.99,9.9770508,2021.0,-0.9741004551724206,0.0001969449658645,-7.96,-53.0,-7.836411952972412,-59.013404846191406
-46.42,168.32,-0.90939331,1987.0,0.9510565162951535,0.0,-8.03,-57.8,-6.866888523101807,-45.181129455566406
46.49722222,28.3,150.79688,2008.0,0.6994583270516471,0.0,-8.35,-54.69,-12.207479476928711,-89.9130630493164
48.65,-123.43,15.649902,1977.0,-0.9741004551724206,0.0,-6.3,-47.0,-7.237682819366455,-51.87877655029297
28.63,-106.07,1444.25,1973.0,0.741222010848596,0.0,-5.27,-28.5,-7.9289960861206055,-54.077171325683594
51.3,3.75,9.4589844,2005.0,0.8996308696522433,0.0,-5.04,-29.68,-6.860870361328125,-45.12480926513672
49.0392,8.365,112.44141,1991.0,-0.9741004551724206,7.638011993549298e-06,-7.07,-45.4,-7.945396423339844,-56.44830322265625
50.4972,9.9428,920.40625,1985.0,-0.680773409477016,0.0001275410613743,-6.68,-44.5,-6.866888523101807,-45.181129455566406
46.37222222,6.470833333,387.75,1994.0,-0.680773409477016,0.0,-4.28,-26.7,-6.220926761627197,-39.135902404785156
49.7478,6.6581,259.26562,1994.0,0.9760105506323683,0.0,-6.55,-44.9,-8.49489974975586,-58.81708526611328
52.1,5.18,1.7967529,2008.0,0.9033558023246845,3.547376400092617e-05,-6.26,-43.28,-7.225275039672852,-48.552921295166016
-5.8,-35.2,40.765625,1962.0,-0.9741004551724206,0.0,0.6,8.1,-1.8010926246643066,2.2270736694335938
-40.35,-9.88,37.345703,1998.0,0.29671281927349075,3.4504125778767047e-06,-4.45,-23.6,-4.600866794586182,-23.974586486816406
7.789855,-76.650846,30.420898,2018.0,0.29671281927349075,2.992098598042503e-05,-10.54,-77.6,-6.431395053863525,-41.105567932128906
47.37233597,8.083138245,397.48438,2023.0,0.741222010848596,0.0,-8.66,-61.83,-7.863773345947266,-53.53087615966797
-33.97,18.6,41.798828,1998.0,-0.680773409477016,0.0,-3.97,-13.1,-3.0141663551330566,-9.125465393066406
51.83,6.25,9.5,1990.0,0.29671281927349075,0.0001869607367552,-6.55,-45.6,-6.829927444458008,-44.83523178100586
53.8713,8.7058,4.7202148,2010.0,-0.9587178169872964,0.0,-6.21,-38.59,-6.675222873687744,-43.387428283691406
-54.78,-68.28,104.83984,1997.0,-0.680773409477016,0.0,-15.4,-118.0,-8.707984924316406,-71.4482192993164
-75.58333333,-20.56666667,105.53516,2005.0,-0.2135209154397959,2.1247952072708693e-07,-29.72,-224.98,-21.768033981323242,-176.82980346679688
41.64083945,-4.754446679,735.625,2013.0,0.6994583270516471,0.0,-10.53,-73.9,-8.72509765625,-60.74518585205078
43.03916667,16.09055556,0.0,2001.0,0.9760105506323683,0.0001317347196163,-4.34,-28.69,-5.818792819976807,-35.372535705566406
40.37,-81.8,372.875,1970.0,-0.9587178169872964,0.0,-7.42,-48.8,-6.007425785064697,-37.137855529785156
36.62,127.46,80.589844,1999.0,0.2386727660059501,0.0,-5.8,-31.2,-6.866888523101807,-45.181129455566406
72.58,-38.4799,3202.0,2012.0,0.19667288979357647,5.5971181609493215e-06,-19.51956761,-139.4489057,-31.216711044311523,-249.13131713867188
23.05,-82.21666667,123.02734,2004.0,0.6994583270516471,1.3349827895581257e-05,-2.78,-12.39,-2.6648011207580566,-5.855934143066406
-37.82,144.97,6.1674805,1983.0,-0.2884824328806098,0.0,-3.83,-17.9,-4.847120761871338,-26.279151916503906
52.8,5.05,-4.4990234,2008.0,-0.9587178169872964,1.2332818187132943e-05,-5.45,-34.28,-6.44170618057251,-41.202064514160156
38.28,21.79,113.0625,2018.0,0.6994583270516471,0.0,-8.1,-54.4,-5.4463791847229,-31.887306213378906
74.72,-94.98,67.636719,1991.0,0.9760105506323683,0.0,-35.3,-275.1,-30.643774032592773,-244.33248901367188
-13.8,-171.78,0.0,1966.0,-0.680773409477016,0.0002962253347504,-1.9,-3.2,-3.7031922340393066,-15.573707580566406
-46.42,168.32,-0.90939331,1979.0,0.9760105506323683,0.0,-6.73,-47.1,-6.866888523101807,-45.181129455566406
0.05,32.45,1135.4375,1970.0,0.9510565162951535,0.0,-5.24,-26.0,-3.244650363922119,-11.282447814941406
36.15,-5.35,1.5737915,1980.0,0.7295575540864875,0.0,-4.18,-25.6,-3.991903781890869,-18.275611877441406
31.33,27.21666667,24.701172,2002.0,-0.9741004551724206,0.0,-3.9,-18.35,-2.9365296363830566,-8.398902893066406
47.7,27.88333333,177.36719,2016.0,0.7295575540864875,0.0,-7.64,-52.3,-8.827407836914062,-61.60211944580078
47.833185,1.940433,113.78516,2009.0,-0.7236440382959123,2.352251249249093e-05,-6.1,-33.2,-7.603521823883057,-51.351051330566406
37.30268,-2.90198,1735.125,2020.0,0.2386727660059501,0.0001578408991917,-5.4,-35.2,-8.0824613571167,-55.362571716308594
33.465,35.575,1032.9375,2005.0,0.2386727660059501,0.0003285924904048,-7.8,-40.72,-5.947378635406494,-36.575904846191406
2.816666667,101.5833333,1.5,2003.0,0.29671281927349075,0.0001111618912545,-6.21,-27.97,-6.035933017730713,-37.404640197753906
32.63333333,-16.9,0.0,2003.0,0.9510565162951535,2.2116955733508803e-06,-1.51,-6.1,-3.336843967437744,-12.145240783691406
40.67,22.96,94.164062,2002.0,-0.680773409477016,0.0,-8.24,-58.0,-5.033934116363525,-28.027442932128906
62.08,129.75,94.992188,1978.0,-0.7236440382959123,0.0,-23.7,-179.0,-30.78700828552246,-245.53219604492188
4.390833333,118.0361111,180.96875,2008.0,-0.7116566222817751,9.345258877146988e-05,-9.33,-63.62,-7.152623176574707,-50.835670471191406
22.31666667,114.1666667,34.056641,1975.0,-0.2135209154397959,0.0,-8.82,-60.7,-7.564328670501709,-55.131568908691406
-26.81666667,-65.21666667,453.07812,2002.0,-0.9587178169872964,0.0,-0.9,3.0,-3.4702820777893066,-13.394020080566406
6.329722222,99.73,3.3973389,1986.0,0.9760105506323683,0.0001151674077846,-6.85,-40.8,-5.286253452301025,-30.388771057128906
42.58834633,-5.651107617,911.78125,2014.0,0.741222010848596,3.279524389654398e-05,-9.22,-61.9,-6.644896030426025,-43.103614807128906
47.59583333,7.594444444,248.26562,1984.0,0.9562348265919056,3.91658213629853e-05,-11.36,-87.9,-10.14337158203125,-72.62442779541016
-36.6395,-72.09198611,118.87109,1991.0,-0.7236440382959123,0.0002379996876697,-6.5,-43.0,-5.122488498687744,-28.856178283691406
48.24861111,16.35638889,200.63281,2021.0,-0.2135209154397959,0.0,-6.03,-36.9,-6.565591335296631,-42.36144256591797
37.90111111,40.20361111,674.46875,2012.0,0.9562348265919056,0.0,-7.71,-45.18,-6.0207695960998535,-37.262733459472656
-37.82,144.97,6.1674805,1997.0,0.9760105506323683,0.0,-1.62,-3.9,-5.163733005523682,-29.242164611816406
7.0,-73.08333333,1079.75,2005.0,0.9760105506323683,8.84147229953669e-05,-7.73,-50.59,-5.878233432769775,-35.928810119628906
51.6,-1.1,55.042969,2006.0,-0.680773409477016,2.1886822651140392e-05,-6.92,-39.6,-6.11175012588501,-38.114173889160156
7.04,125.19,719.1875,1994.0,0.9510565162951535,0.0001522039819974,-4.21,-24.2,-4.896856784820557,-26.744606018066406
-23.75,-65.5,2350.5,1999.0,0.2386727660059501,0.0,-5.5,-25.0,-6.163305759429932,-38.596656799316406
-0.166666667,-78.48333333,2781.625,2017.0,-0.9741004551724206,3.935607674065977e-05,-10.33,-71.2,-8.485784530639648,-68.2780532836914
33.46555556,126.9333333,5.9509277,1997.0,0.995918996147179,0.0,-4.7,-23.0,-4.995115756988525,-27.664161682128906
4.83,-52.37,7.9216309,1963.0,-0.7236440382959123,0.0,-2.7,-13.0,-3.3247132301330566,-12.031715393066406
41.64083945,-4.754446679,735.625,2014.0,0.741222010848596,4.158992669545114e-05,-9.52,-64.3,-6.021982669830322,-37.274085998535156
49.0392,8.365,112.44141,2008.0,-0.970063921851507,0.0,-10.76,-74.95,-8.18052864074707,-58.00861358642578
38.66038889,-27.22009444,77.109375,1999.0,0.24702218048093552,0.0,-2.41,-7.0,-3.623129367828369,-14.824440002441406
46.49143367,9.898180888,1767.6875,2009.0,0.6994583270516471,2.0571369532262903e-05,-21.7,-166.7252417,-15.08751106262207,-114.0357437133789
46.89,7.49,659.34375,2023.0,0.9510565162951535,4.085197360836901e-05,-8.42,-60.28,-11.041143417358398,-80.1440200805664
42.025,35.15833333,61.443359,2010.0,-0.7236440382959123,7.344129699049518e-05,-12.03247568,-81.32870655,-9.175262451171875,-64.51569366455078
-2.716666667,-78.33333333,755.28125,1994.0,0.2386727660059501,0.0,-2.88,-8.6,-3.3150086402893066,-11.940895080566406
32.36666667,-6.4,467.60938,2002.0,0.8840675099433636,0.0,-9.46,-51.25,-3.846334934234619,-16.913307189941406
1.53,110.34,7.5837402,2017.0,-0.2135209154397959,7.812537660356611e-06,-8.78,-58.1,-6.960360527038574,-46.51470184326172
-30.92,-62.67,73.972656,2002.0,0.6994583270516471,0.0,-3.1,-11.0,-6.2197136878967285,-39.124549865722656
-25.73,28.18,1326.75,1965.0,0.9760105506323683,4.530668957158923e-05,-3.9,-11.8,-3.647390842437744,-15.051490783691406
-40.68,144.69,82.167969,1984.0,0.2386727660059501,2.202653377025854e-06,-2.16,-13.5,-4.8058762550354,-25.893165588378906
19.28,166.65,4.0,1962.0,0.9510565162951535,0.0,-0.4,9.9,-2.181997776031494,-1.3376235961914062
31.85,36.81666667,510.6875,1967.0,-0.9741004551724206,0.0,-1.08,-11.5,-4.331564426422119,-21.454322814941406
34.71666667,10.68333333,23.232422,2010.0,-0.9741004551724206,0.0003724955604411,-3.33,-13.2,-3.919119358062744,-17.594459533691406
46.37222222,6.470833333,387.75,2018.0,0.29671281927349075,0.0,-8.43,-56.5,-7.030904769897461,-46.554901123046875
-0.743055556,-90.30222222,1.7120972,2013.0,-0.3294084822245302,3.7436786897160346e-06,-0.560397248,5.563725986,-1.6167054176330566,3.9526596069335938
40.80638889,-104.7547222,1641.75,1997.0,-0.9209712877166346,0.0,-15.0,-104.0,-9.578107833862305,-67.8898696899414
46.17378583,8.788556051,407.5,1991.0,-0.9741004551724206,0.0,-10.17,-67.8,-8.48220443725586,-59.97705841064453
39.95,32.88,920.125,1995.0,-0.680773409477016,0.0,-2.89,-14.3,-5.383299350738525,-31.296974182128906
40.40725278,-3.686133333,653.5,2002.0,-0.989932495087353,0.0,-11.7,-78.3,-7.202600479125977,-47.69171142578125
22.31666667,114.1666667,34.056641,1973.0,-0.7236440382959123,4.8688594688428566e-05,-3.2,-11.3,-5.745401859283447,-34.685707092285156
43.12,0.38,600.53125,1998.0,0.6994583270516471,6.985368963796645e-05,-8.88,-52.9,-7.588814735412598,-51.227867126464844
53.23,6.55,7.7121582,2012.0,0.9721181966290613,1.3209963981353212e-05,-7.507358784,-53.99,-7.573704719543457,-52.046356201171875
68.5,112.4333333,105.19531,1996.0,0.2802306751992159,9.547103218210395e-06,-14.3,-119.2,-15.74229621887207,-119.5201187133789
38.56666667,-7.9,267.98438,2015.0,-0.7236440382959123,2.9226739570731297e-05,-4.47,-21.7,-5.497328281402588,-32.364112854003906
37.77,-25.65,137.14062,2014.0,-0.7236440382959123,2.0608185877790675e-05,-2.69,-9.1,-3.526083469390869,-13.916236877441406
64.13,-21.93,12.141602,2010.0,0.9510565162951535,0.0,-7.72,-54.7,-8.55321979522705,-60.093666076660156
41.15305556,-96.49277778,352.0625,1992.0,0.545240438540651,0.0,-3.3,-13.0,-11.14089584350586,-80.97953033447266
-40.68,144.69,82.167969,2004.0,0.7295575540864875,9.659529496275354e-06,-0.1,2.7,-4.674864292144775,-24.667091369628906
33.65694444,73.26611111,580.9375,1999.0,0.29671281927349075,0.0,1.46,20.44,-1.3304200172424316,6.631858825683594
22.2,92.2,144.05469,2021.0,-0.680773409477016,0.0,-5.0,-33.5,-6.399551868438721,-40.80756378173828
41.9,12.5,59.011719,2003.0,0.9483615800121715,0.0,-5.4,-29.84,-5.630159854888916,-33.607215881347656
49.04,37.577,66.21875,2015.0,0.741222010848596,0.0,-7.09,-49.1,-7.92068338394165,-54.007545471191406
78.07,13.63,0.0,1963.0,0.9510565162951535,1.6736634279368445e-05,-8.2,-50.2,-9.156078338623047,-64.35501861572266
39.48056611,-0.366386255,14.827637,2009.0,0.2386727660059501,0.0,-7.73,-57.57,-5.900675296783447,-36.138832092285156
-0.92,-75.4,176.47656,2020.0,-0.23030567023061196,0.0001498646161053,-5.92,-35.4,-3.7614197731018066,-16.118629455566406
6.166666667,102.2833333,3.2288818,2020.0,-0.23030567023061196,0.0,-8.22,-53.6,-6.866888523101807,-45.181129455566406
52.8,5.05,-4.4990234,2007.0,-0.9959189961471792,6.726265564793721e-05,-8.79,-63.07,-6.804945945739746,-44.6014404296875
0.05,32.45,1135.4375,1965.0,-0.2884824328806098,2.6587631509755735e-05,-0.89,5.0,-4.333990573883057,-21.477027893066406
4.05,114.81,27.053711,2007.0,0.9209712877166346,0.0,-2.34,-8.02,-6.56786584854126,-42.382728576660156
50.06166667,19.84861111,356.8125,2010.0,0.9510565162951535,5.248336037766421e-06,-10.18,-79.2,-10.606325149536133,-76.5020523071289
7.72,81.73,0.0,1984.0,-0.9634705485641486,0.0,-6.55,-38.5,-4.520803928375244,-23.225318908691406
45.32,-75.67,112.08594,2018.0,-0.2135209154397959,2.4794042474241e-05,-6.63,-45.2,-7.396090507507324,-52.731300354003906
40.7930564,-4.010553289,1892.5,2020.0,-0.7116566222817751,2.7281332222628407e-05,-10.0,-62.6,-10.890235900878906,-78.88004302978516
-27.43,153.08,5.7802734,2008.0,-0.27195815753410524,0.0,-0.53,7.4,-2.570181369781494,-4.970436096191406
41.64083945,-4.754446679,735.625,2021.0,0.29671281927349075,0.0,-2.61,-13.8,-5.565260410308838,-32.999855041503906
48.18427778,16.389575,201.11719,2002.0,-0.02581844022713239,7.158221706049517e-05,-9.64,-76.4,-6.937107086181641,-45.76926803588867
-54.78,-68.28,104.83984,1982.0,-0.680773409477016,0.0001931374426931,-11.4,-74.6,-8.996393203735352,-75.5629653930664
-0.331666667,31.76111111,1281.8125,2018.0,-0.9741004551724206,8.472886111121625e-05,-4.63,-25.9,-2.6114258766174316,-5.356422424316406
38.05011111,23.8675,438.375,2002.0,-0.14579919691987442,0.0,-2.08,-17.15,-4.725813388824463,-25.143898010253906
-0.13,-67.08,58.835938,1976.0,0.9721181966290613,0.0001270877692149,-6.43,-42.7,-5.668371677398682,-33.964820861816406
43.57,3.95,12.96875,1997.0,-0.7236440382959123,0.0,-5.57,-27.8,-6.2439751625061035,-39.351600646972656
23.05,-82.21666667,123.02734,2012.0,0.2802306751992159,0.0,-4.27,-28.8,-4.154455661773682,-19.796852111816406
17.45,78.47,527.28125,2000.0,0.9562348265919056,0.0,9.19,62.05,-0.6074280738830566,13.397972106933594
40.95,-5.5,787.9375,2003.0,0.9510565162951535,0.0,-9.43,-66.29,-8.310741424560547,-57.27460479736328
-37.82,144.97,6.1674805,1979.0,0.29671281927349075,4.345422712503933e-05,-4.1,-19.4,-4.956297397613525,-27.300880432128906
2.883333333,101.7833306,55.289062,2000.0,-0.970063921851507,0.0001917835907079,-10.06,-69.1,-6.950933933258057,-49.208595275878906
47.81666667,13.71777778,1616.0625,2001.0,-0.23030567023061196,0.0001487938134232,-8.77,-56.4,-10.294279098510742,-73.8884048461914
46.39864119,6.233803787,434.125,2004.0,-0.6932812268869771,0.0,-4.81,-28.03772559,-6.152994632720947,-38.500160217285156
-33.05536111,-71.60361111,75.496094,1989.0,-0.2135209154397959,1.997862455027644e-05,-6.8,-33.0,-5.424543857574463,-31.682960510253906
10.00036389,-84.10913333,1157.3125,2017.0,-0.47115950767386394,0.0,-10.19888337,-67.336126,-5.440615653991699,-32.543434143066406
51.83,6.25,9.5,1999.0,-0.2135209154397959,0.0,-5.49,-39.65,-6.423813343048096,-41.03461456298828
50.4972,9.9428,920.40625,2007.0,-0.680773409477016,2.206951103289612e-05,-6.54,-42.1,-6.866888523101807,-45.181129455566406
14.64,121.04,42.933594,2006.0,-0.2135209154397959,8.013205660972744e-05,-5.83,-37.05,-6.985471725463867,-46.872962951660156
-22.71,-46.46583333,1095.0625,1996.0,-0.6744436188329457,7.946311961859465e-05,-6.1,-35.9,-3.526083469390869,-13.916236877441406
-34.05,115.0249,77.78125,2018.0,-0.6152845999633277,1.928177880472504e-06,-5.44,-30.0,-3.200979709625244,-10.873756408691406
23.05,-82.21666667,123.02734,2013.0,-0.7236440382959123,7.301585355889983e-06,-1.28,2.2,-2.856466770172119,-7.649635314941406
13.73,100.5,5.7392578,1991.0,0.9760105506323683,0.0001433461729902,-2.53,-12.0,-3.953085422515869,-17.912330627441406
46.49722222,28.3,150.79688,2013.0,-0.2135209154397959,0.0,-9.1,-59.9,-6.7049431800842285,-43.665565490722656
46.64833333,14.31833333,448.71875,2001.0,-0.2884824328806098,0.0002015346981352,-15.22,-111.8,-13.179426193237305,-98.0539321899414
-27.17,-109.43,140.28906,2009.0,0.9760105506323683,0.0,-4.17,-24.2,-3.283468723297119,-11.645729064941406
-15.44583333,-70.1875,3824.75,2002.0,0.9510565162951535,0.0,-19.24,-144.7,-11.869592666625977,-116.5551528930664
-53.0,-70.833333,32.589844,2010.0,-0.7236440382959123,0.0,-9.47,-62.9,-8.488504409790039,-68.3168716430664
50.4972,9.9428,920.40625,1992.0,0.9562348265919056,0.0,-10.74,-75.7,-9.677860260009766,-68.72537994384766
42.58834633,-5.651107617,911.78125,2021.0,0.29671281927349075,0.0,-5.02,-29.7,-5.769663333892822,-34.912757873535156
17.03333333,54.11666667,14.982422,1989.0,-0.09453674981719933,0.0,0.23,11.1,-1.0101685523986816,9.628929138183594
44.23,-79.77,234.99219,2001.0,0.29671281927349075,0.0,-7.93,-51.5,-7.399540901184082,-49.642539978027344
13.06,123.93,618.8125,1997.0,0.2386727660059501,0.0,-2.1,3.4,-2.507101535797119,-4.380104064941406
28.276976,84.30961,2101.5,2017.0,-0.9911140639934546,0.0,-18.86074861,-140.6691147,-8.672615051269531,-70.9435806274414
-34.05,115.0249,77.78125,2009.0,-0.7961828637826154,1.420227090420667e-05,-2.39,-0.7,-2.9996094703674316,-8.989234924316406
47.833185,1.940433,113.78516,2013.0,-0.7236440382959123,0.0,-7.856530815,-51.34829622,-7.552366733551025,-50.922584533691406
74.72,-94.98,67.636719,1990.0,-0.7236440382959123,0.0,-35.55,-269.6,-29.518362045288086,-234.90621948242188
-13.0,-38.52,39.933594,1968.0,0.9721181966290613,0.0,-2.81,-13.7,-2.3348450660705566,-2.7680435180664062
48.75,-91.62,405.375,1979.0,0.741222010848596,4.587654257193208e-05,-10.8,-74.0,-10.493783950805664,-75.5594253540039
47.6772,9.19,442.90625,2008.0,-0.6932812268869771,5.655898712575436e-05,-5.26,-29.95,-6.337988376617432,-40.231422424316406
10.00036389,-84.10913333,1157.3125,2014.0,-0.034421611622745804,0.0001139464075095,0.7134099,9.040804,-6.754676342010498,-47.438697814941406
-34.05,115.0249,77.78125,2017.0,-0.9886775902323404,4.37399512520642e-06,-2.03,-6.9,-2.9607911109924316,-8.625953674316406
47.8008,11.0108,974.96875,1987.0,-0.9587178169872964,4.875904051004909e-05,-8.51,-58.8,-8.64324951171875,-60.05963897705078
51.93,-10.25,33.068359,2017.0,-0.9587178169872964,3.812741852016188e-06,-4.55,-29.5,-5.287466526031494,-30.400123596191406
38.05011111,23.8675,438.375,2001.0,0.9984354211555643,9.573112765792756e-05,-2.23,-11.2,-5.7344841957092285,-34.583534240722656
42.58834633,-5.651107617,911.78125,2020.0,0.2386727660059501,0.000109483829874,-5.71,-30.9,-9.244321823120117,-65.09412384033203
39.03,141.81,81.234375,1982.0,-0.2884824328806098,0.000146989521454,-7.88,-40.3,-6.866888523101807,-45.181129455566406
37.01,-7.96,0.0,1987.0,0.9510565162951535,4.413802525959909e-05,-1.94,-12.0,-4.512312412261963,-23.145851135253906
76.76666667,-18.66666667,0.0,2015.0,-0.2884824328806098,0.0,-17.65,-132.8,-17.875463485717773,-137.38717651367188
0.512102778,25.20643889,414.57812,2020.0,0.2802306751992159,0.0,0.06,13.2,-0.45700693130493164,14.805686950683594
36.88,30.7,0.0,1964.0,0.2386727660059501,0.0,-6.3,-30.8,-5.4851975440979,-32.250587463378906
50.06166667,19.84861111,356.8125,1989.0,0.9760105506323683,0.0,-5.85,-36.0,-11.066720962524414,-80.3582534790039
47.81666667,13.71777778,1616.0625,2020.0,0.545240438540651,0.0001615959918126,-9.58,-62.27,-9.312101364135742,-65.6618423461914
12.69325,-7.995494444,382.5625,1974.0,-0.680773409477016,7.710722275078297e-05,-6.61,-39.5,-5.086096286773682,-28.515602111816406
47.59583333,7.594444444,248.26562,2007.0,-0.2884824328806098,0.0,-8.13,-55.7,-11.309707641601562,-82.39347076416016
41.64083945,-4.754446679,735.625,2010.0,-0.9741004551724206,0.0,-6.87,-47.0,-8.530708312988281,-59.11701202392578
50.4972,9.9428,920.40625,1981.0,-0.680773409477016,2.9425316824926995e-05,-7.85,-56.3,-6.866888523101807,-45.181129455566406
63.37,-135.52,588.34375,1988.0,-0.27195815753410524,0.0,-28.5,-210.0,-23.737836837768555,-186.48947143554688
9.4778,-75.469,40.359375,2017.0,-0.9587178169872964,0.0,-3.57,-18.8,-5.701124668121338,-34.271339416503906
53.8713,8.7058,4.7202148,1993.0,-0.680773409477016,7.804971392033622e-05,-5.81,-38.5,-6.866888523101807,-45.181129455566406
46.28916667,-63.11916667,35.291016,2020.0,-0.23030567023061196,4.667598477681168e-05,-7.02,-47.7,-7.246898174285889,-50.602760314941406
42.58834633,-5.651107617,911.78125,2018.0,0.9760105506323683,0.0,-9.53,-65.6,-9.088298797607422,-63.78730010986328
-27.43,153.08,5.7802734,1999.0,-0.9741004551724206,2.28089265874587e-05,-3.24,-11.3,-2.1456055641174316,-0.9970474243164062
49.0422,12.1019,370.21875,1990.0,-0.2884824328806098,0.0,-11.16,-86.9,-11.726621627807617,-85.8854751586914
36.98,35.3,22.958008,2011.0,0.9760105506323683,0.0,-4.212580333,-20.75537309,-4.4565110206604,-22.623634338378906
50.92,5.78,111.17188,2002.0,-0.4635502709028512,1.4360977729666048e-05,-10.638,-75.8,-7.219538688659668,-48.13487243652344
-27.43,153.08,5.7802734,1975.0,0.2386727660059501,0.0,-2.03,-1.8,-3.749289035797119,-16.005104064941406
13.93111111,-89.86,744.46875,1998.0,-0.12874817745258066,0.0001347643847111,-11.15,-80.05,-6.337632179260254,-42.905860900878906
39.03,141.81,81.234375,1980.0,0.9562348265919056,2.872755658245296e-06,-11.67,-72.3,-6.866888523101807,-45.181129455566406
51.83,6.25,9.5,1995.0,-0.2135209154397959,0.0,-4.15,-25.9,-6.4235100746154785,-41.031776428222656
47.81666667,13.71777778,1616.0625,2019.0,0.4937755501599772,0.0,-20.982,-155.53,-9.826210021972656,-69.96793365478516
-37.82,144.97,6.1674805,2013.0,-0.680773409477016,7.38080461815116e-06,-5.14,-29.5,-4.537786960601807,-23.384254455566406
47.81666667,13.71777778,1616.0625,2020.0,0.8406184056344782,0.0001008715480566,-19.189,-143.08,-9.713668823242188,-69.02530670166016
25.57,91.88,1515.25,1976.0,-0.6932812268869771,0.0,-6.3,-38.9,-9.128807067871094,-77.4521255493164
10.00036389,-84.10913333,1157.3125,2016.0,0.895839290734909,0.0,-6.407996563,-37.08070358,-3.0918030738830566,-9.852027893066406
50.8325,15.14777778,828.84375,2016.0,0.7295575540864875,1.6064432202256285e-05,-8.55,-54.4,-9.384998321533203,-66.27240753173828
-6.88,39.2,52.724609,1969.0,0.29671281927349075,0.0,-1.01,-0.9,-2.7375855445861816,-6.537086486816406
50.11622222,14.39291667,182.82031,2013.0,-0.680773409477016,0.0,-6.16,-39.0,-6.587426662445068,-42.56578826904297
52.93,4.78,0.63311768,1982.0,-0.2884824328806098,0.0001010007981676,-9.41,-62.1,-8.320972442626953,-57.36029815673828
-34.38,-58.28,0.0,2001.0,0.9760105506323683,0.0,-5.3,-31.0,-6.0092453956604,-37.154884338378906
-22.9,-43.17,0.0,1968.0,0.9562348265919056,0.0002302266511833,-5.77,-35.1,-5.122488498687744,-28.856178283691406
51.83,6.25,9.5,1988.0,0.9562348265919056,4.015133890789002e-05,-7.5,-56.5,-7.794922828674316,-54.126991271972656
36.98,35.3,22.958008,2011.0,-0.9587178169872964,0.0,2.878005323,26.80524985,-3.560049533843994,-14.234107971191406
4.05,114.81,27.053711,2009.0,0.051619667223253764,0.0002701038029044,-9.95,-75.0,-7.664546012878418,-56.561378479003906
-3.72,-38.55,19.124023,1990.0,-0.47115950767386394,0.0,-0.74,-6.5,-2.128622531890869,-0.8381118774414062
-54.78,-68.28,104.83984,2000.0,0.7295575540864875,0.0,-14.8,-120.0,-8.498481750488281,-68.4592056274414
35.68,139.77,22.099609,1962.0,0.9510565162951535,3.669192210509209e-06,-6.1,-30.4,-6.974985122680664,-46.723350524902344
4.05,114.81,27.053711,2011.0,0.38566340624360707,5.54935795662459e-05,-8.07,-53.954,-7.124914169311523,-48.862403869628906
9.0,38.73,2329.125,2006.0,-0.680773409477016,0.0002708813990466,-5.19,-27.12,-2.924398899078369,-8.285377502441406
28.63,-106.07,1444.25,1982.0,-0.9587178169872964,0.0001955952029675,-2.55,-20.2,-6.866888523101807,-45.181129455566406
-3.12,-60.02,49.394531,1989.0,0.9992500112396835,0.0001528547581983,-12.43,-82.5,-6.565591335296631,-42.36144256591797
19.28,166.65,4.0,1969.0,-0.2135209154397959,1.0443484825373162e-05,-1.54,3.3,-3.079672336578369,-9.738502502441406
49.7478,6.6581,259.26562,1983.0,0.6994583270516471,2.7495785616338253e-05,-8.16,-61.2,-10.565401077270508,-76.1592788696289
4.7,-74.13,2551.125,2009.0,0.6994583270516471,3.46948072547093e-05,-6.31,-38.6,-9.883384704589844,-88.2177505493164
6.2,100.4,3.8469238,1992.0,-0.7116566222817751,0.0,-6.57,-41.1,-6.193026065826416,-38.874794006347656
-3.12,-60.02,49.394531,1990.0,0.8406184056344782,0.0001163210108643,-3.75,-16.2,-6.485376834869385,-41.610755920410156
36.05,103.88,1519.75,1986.0,0.29671281927349075,5.991140824335162e-06,-2.21,-7.1,-3.851187229156494,-16.958717346191406
41.67805556,26.55916667,95.183594,2012.0,0.6994583270516471,0.0,-7.66,-47.81,-8.416887283325195,-58.163673400878906
38.66038889,-27.22009444,77.109375,1999.0,0.08596479873744647,3.067520810873248e-05,-5.465,-28.9,-3.700766086578369,-15.551002502441406
54.0967,13.4056,1.5458374,2003.0,0.741222010848596,6.567790842382237e-05,-7.6,-54.1,-7.0483293533325195,-46.70084762573242
8.04,79.825,4.4956055,1993.0,-0.7236440382959123,0.0001544039259897,-7.5,-51.0,-6.866888523101807,-45.181129455566406
7.0,125.25,1722.75,1994.0,-0.2135209154397959,7.623426790814847e-05,-14.27,-100.2,-8.10214614868164,-62.804664611816406
10.00036389,-84.10913333,1157.3125,2016.0,0.23030567023061221,0.0001052337465807,-6.924825,-38.68579533,-7.135386943817139,-54.135658264160156
46.22030867,7.33848445,481.70312,2015.0,-0.9741004551724206,7.878986798459664e-05,-10.3,-77.7,-9.184701919555664,-64.95174407958984
48.24861111,16.35638889,200.63281,1997.0,0.9760105506323683,4.513802923611365e-05,-8.15,-60.3,-9.5704345703125,-67.82559967041016
-37.82,144.97,6.1674805,1963.0,0.741222010848596,0.0,-7.1,-49.0,-4.99026346206665,-27.618751525878906
-1.68421,29.01794,1465.6875,2014.0,0.29671281927349075,0.0,-0.81,7.92,-1.1751465797424316,8.084983825683594
49.82,-74.97,386.4375,1999.0,-0.2135209154397959,3.841008947347291e-05,-11.12,-75.7,-9.596080780029297,-71.56681060791016
48.545,13.3528,478.40625,1998.0,-0.7236440382959123,0.0,-11.36,-76.3,-11.885202407836914,-87.2137222290039
43.365884,-8.421399,56.794922,2010.0,0.29671281927349075,1.1962548342125956e-05,-5.88,-41.7,-4.159307956695557,-19.842262268066406
21.04534722,105.7986667,12.334473,2005.0,0.2386727660059501,1.9586598227760987e-06,-1.43,6.76,-3.186422824859619,-10.737525939941406
-21.02823729,55.47161911,1175.3125,2015.0,-0.9455963874271428,0.0,-2.1,-3.72,-1.7088990211486816,3.0898666381835938
52.1,5.18,1.7967529,1985.0,-0.2884824328806098,0.0,-8.83,-58.6,-8.35805892944336,-57.670936584472656
40.41195035,-3.67806112,671.09375,1996.0,-0.9634705485641486,0.0,-0.48,-16.8,-5.639257907867432,-33.692359924316406
55.677,12.56,17.620117,2021.0,0.9760105506323683,0.0,-7.96,-51.6,-8.847869873046875,-61.77350616455078
34.01937778,-6.838286111,18.375977,2001.0,0.2386727660059501,5.687057273462415e-05,-4.85,-25.64,-4.925970554351807,-27.017066955566406
48.8281,9.2,313.79688,1973.0,-0.9741004551724206,0.0001467509428039,-8.94,-63.2,-8.120827674865723,-55.683921813964844
48.8281,9.2,313.79688,2001.0,-0.680773409477016,0.0,-5.19,-37.4,-6.337381839752197,-40.225746154785156
-33.94638889,151.1730556,3.6643066,2008.0,0.2386727660059501,0.0,-3.87,-20.4,-3.890005588531494,-17.321998596191406
46.96666667,28.9,90.308594,2017.0,0.741222010848596,2.8999320420552976e-05,-7.1,-48.9,-7.65851354598999,-51.81165313720703
43.57,3.95,12.96875,1997.0,0.29671281927349075,0.0,-5.28,-33.7,-4.522017002105713,-23.236671447753906
46.39864119,6.233803787,434.125,2019.0,-0.2135209154397959,0.0,-6.47,-38.71,-6.450804233551025,-41.287208557128906
37.97,23.72,100.17578,2002.0,-0.7236440382959123,0.0,-6.41,-32.9,-5.3881516456604,-31.342384338378906
57.9343266,24.9803513,46.894531,2017.0,0.2386727660059501,4.0753442590357736e-05,-8.12,-57.4,-12.061687469482422,-88.69193267822266
-46.88,37.87,0.0,2009.0,-0.7236440382959123,1.7947963897313457e-06,-5.23,-36.07,-4.841055393218994,-26.222389221191406
-0.1968,-78.436,2400.75,2020.0,-0.7116566222817751,4.067231566295959e-05,0.85,7.9,-6.830868244171143,-47.56855010986328
76.76666667,-18.66666667,0.0,2008.0,0.6994583270516471,5.673030045727501e-06,-15.53,-113.7,-18.663251876831055,-143.98556518554688
11.25,75.78,7.1804199,1997.0,0.741222010848596,2.641651371959597e-05,-1.56,-7.0,-3.763845920562744,-16.141334533691406
32.81333333,130.7291667,25.359375,2018.0,-0.7236440382959123,0.0,-5.66,-28.8,-5.895823001861572,-36.093421936035156
13.73,100.5,5.7392578,1998.0,0.2386727660059501,0.0,-2.95,-12.8,-3.720175266265869,-15.732643127441406
43.73238889,7.423583333,8.8959961,2002.0,0.29671281927349075,3.0215849619708024e-05,-0.65,-15.7,-4.750074863433838,-25.370948791503906
10.00036389,-84.10913333,1157.3125,2018.0,-0.9999166586547379,9.295454947277904e-05,-11.95329897,-84.46507009,-8.22675895690918,-65.90738677978516
53.32,-60.42,46.541016,2002.0,0.6994583270516471,7.741065019217785e-06,-19.71,-139.3,-17.650381088256836,-135.50192260742188
4.05,114.81,27.053711,2010.0,0.7583058084785624,0.0,-0.26,5.44,-6.272785663604736,-39.62122344970703
-33.95833333,18.46111111,109.49609,2000.0,-0.9873494423939864,1.055322263709968e-05,-1.34,0.0,-3.069967746734619,-9.647682189941406
52.16666667,0.25,32.667969,1981.0,-0.7236440382959123,1.4086132978263777e-05,-6.8,-42.0,-7.6981587409973145,-52.143714904785156
-15.55555556,-69.98222222,3815.25,2002.0,0.9760105506323683,0.0,-16.32,-117.1,-11.880475997924805,-116.7104263305664
4.05,114.81,27.053711,2007.0,-0.9984354211555643,0.0003878580173477,-4.86,-28.07,-6.874139785766602,-47.886695861816406
52.141,-106.6244,507.71875,1992.0,-0.6932812268869771,0.0001396399311488,-17.4,-133.3,-11.68313980102539,-85.52127838134766
-65.07944444,-63.9775,286.6875,1975.0,0.9510565162951535,4.879670490885417e-06,-8.34,-67.1,-8.869421005249023,-73.7514419555664
45.69356,-65.165193,397.76562,2017.0,0.741222010848596,0.0,-5.77,-35.64,-6.983586311340332,-46.1585693359375
46.78,23.61,336.76562,2015.0,-0.2884824328806098,0.0,-9.29,-63.4,-13.20500373840332,-98.2681655883789
-15.58006389,-67.25855278,415.78125,1983.0,0.741222010848596,0.0,-0.67,6.3,-5.890970706939697,-36.048011779785156
-4.37,15.25,422.4375,1963.0,-0.9741004551724206,0.0,-2.7,-8.1,-3.9652161598205566,-18.025856018066406
-40.35,-9.88,37.345703,1962.0,0.9760105506323683,0.0,-4.0,-11.8,-4.579031467437744,-23.770240783691406
45.03527778,24.28416667,223.875,2018.0,-0.2884824328806098,5.4609013204753865e-06,-12.47,-87.2,-12.555334091186523,-92.8266372680664
46.60305556,13.67138889,2148.125,1998.0,0.9510565162951535,5.741014683735557e-05,-11.87,-83.8,-10.516803741455078,-75.75223541259766
49.82,-74.97,386.4375,2004.0,0.9562348265919056,0.0,-19.0,-142.0,-14.949392318725586,-112.8788833618164
-27.43,153.08,5.7802734,1966.0,0.6994583270516471,0.0001169119641417,-2.8,-5.8,-3.802664279937744,-16.504615783691406
31.33,27.21666667,24.701172,2001.0,0.2386727660059501,3.09929396280495e-06,-6.05,-34.9,-4.059835910797119,-18.911354064941406
-20.3625,57.48555556,565.40625,1995.0,0.9760105506323683,5.703537681256421e-05,-2.36,-5.9,-3.589163303375244,-14.506568908691406
8.727777778,77.71833333,39.275391,2004.0,-0.6932812268869771,0.0,-2.7,-13.5,-2.7521424293518066,-6.673316955566406
-30.08,-51.18,244.72656,1978.0,0.741222010848596,9.716573003970552e-06,-5.9,-38.7,-5.979525089263916,-36.876747131347656
52.1,5.18,1.7967529,1982.0,0.29671281927349075,8.234980487031862e-05,-6.58,-47.8,-6.72685432434082,-43.87062072753906
52.8911,11.7294,21.530273,1998.0,-0.680773409477016,6.051099990145303e-05,-8.27,-57.6,-7.33719539642334,-49.12034606933594
64.13,-21.93,12.141602,2004.0,-0.9634705485641486,4.056357738591032e-06,-6.84,-52.8,-8.347827911376953,-57.585243225097656
46.49143367,9.898180888,1767.6875,2004.0,0.2386727660059501,2.1353263946366496e-05,-21.32,-165.2050786,-15.118204116821289,-114.2928237915039
33.21722222,-87.54305556,64.535156,2005.0,-0.8758917051442433,0.0,-4.1,-11.0,-4.756140232086182,-25.427711486816406
-20.26805556,57.39833333,111.70312,1994.0,0.741222010848596,1.0795546586450657e-05,-1.36,0.6,-3.254354953765869,-11.373268127441406
51.93,-10.25,33.068359,2019.0,0.2386727660059501,2.191638122894801e-05,-4.79,-27.9,-6.129946231842041,-38.284461975097656
60.03333333,-43.11666667,0.0,1978.0,0.741222010848596,0.0,-12.04,-85.7,-10.140813827514648,-72.6030044555664
41.13333333,-8.6,59.621094,1993.0,0.2386727660059501,0.0004407280357554,-2.35,-10.3,-5.749647617340088,-34.725440979003906
51.93,-10.25,33.068359,1999.0,0.2386727660059501,4.659137175622163e-06,-6.1,-36.95,-6.672796726226807,-43.364723205566406
-0.37,35.35,2186.5,1967.0,-0.2884824328806098,0.0,-4.73,-27.3,-5.084883213043213,-28.504249572753906
-22.399288,-47.543743,626.78125,2018.0,-0.9741004551724206,0.00014876757632,-5.05,-26.5,-2.5823121070861816,-5.083961486816406
78.91666667,11.93333333,38.650391,2017.0,-0.9741004551724206,5.782887819805183e-05,-9.98,-73.3,-10.266319274902344,-74.25797271728516
53.5483,13.1931,76.890625,2000.0,-0.27195815753410524,4.4624492147704586e-05,-11.09,-78.9,-10.662595748901367,-76.9733657836914
39.46666667,-6.333333333,410.0,2002.0,-0.7236440382959123,0.0002199063892476,-7.96,-49.17,-5.953444004058838,-36.632667541503906
31.62,25.95,0.0,1979.0,-0.9741004551724206,2.8295446099946275e-05,-4.67,-24.3,-3.142752170562744,-10.328834533691406
22.31666667,114.1666667,34.056641,2016.0,0.2386727660059501,0.0,-3.8,-15.8,-3.2567811012268066,-11.395973205566406
51.05,13.73,119.02734,1999.0,-0.680773409477016,0.0,-6.93,-51.2,-6.853099346160889,-45.05208206176758
40.37,-81.8,372.875,1971.0,0.29671281927349075,0.0,-1.24,3.6,-6.866888523101807,-45.181129455566406
40.8203002,0.493333172,52.294922,2020.0,0.9721181966290613,9.238899656338616e-05,-5.99,-40.7,-5.20376443862915,-29.616798400878906
47.07777778,15.44888889,370.03125,1996.0,0.6994583270516471,1.4697006918140689e-05,-16.83,-121.1,-12.345598220825195,-91.0699234008789
-41.47,-72.93,43.574219,2007.0,0.741222010848596,0.0003345150325912,-5.87,-36.0,-6.21304178237915,-39.062110900878906
47.81666667,13.71777778,1616.0625,2019.0,-0.989932495087353,0.0,-11.232,-76.0,-10.000137329101562,-71.42472076416016
22.7,90.36,5.9089355,2021.0,-0.9741004551724206,0.0003261608362663,-9.01,-62.4,-7.821900844573975,-58.806373596191406
-22.399288,-47.543743,626.78125,2013.0,-0.680773409477016,1.4437995560001582e-05,-0.57,10.0,-3.438742160797119,-13.098854064941406
47.47051111,21.49041944,105.30859,2006.0,0.8311706263658079,0.0001058816778822,-16.8,-130.5,-9.754592895507812,-69.36808013916016
-35.07,173.28,71.449219,1979.0,-0.2135209154397959,2.181562922487501e-05,-5.2,-32.3,-4.045279026031494,-18.775123596191406
36.15,-5.35,1.5737915,2008.0,0.6994583270516471,0.0,-4.03,-22.97,-4.591162204742432,-23.883766174316406
46.65772518,8.292706832,1061.3125,2022.0,0.9510565162951535,0.0,-7.53,-49.6,-11.869855880737305,-87.0851821899414
52.1042,8.7519,134.42188,2007.0,0.29671281927349075,0.0,-5.98,-41.05,-6.866888523101807,-45.181129455566406
47.47051111,21.49041944,105.30859,2002.0,0.017213356155834685,3.653273597592488e-05,-16.86,-126.7,-7.678975582122803,-51.98303985595703
36.83,10.23,0.0,1979.0,0.6994583270516471,0.0,-7.38,-46.8,-5.292318820953369,-30.445533752441406
-34.05,115.0249,77.78125,2012.0,0.8717063187093219,6.657547783106565e-05,-8.7,-60.7,-4.132620334625244,-19.592506408691406
46.72738634,8.186782163,600.90625,2003.0,-0.9741004551724206,0.0,-9.92,-69.76,-10.202199935913086,-73.1171646118164
0.05,32.45,1135.4375,1972.0,-0.23030567023061196,0.0,-2.61,-5.6,-3.215536594390869,-11.009986877441406
46.49143367,9.898180888,1767.6875,1996.0,-0.7116566222817751,4.746444574266207e-06,-13.92,-102.5,-14.934045791625977,-112.7503433227539
-38.006017,-57.5714306,22.926758,2019.0,0.741222010848596,0.0,-6.82,-40.7,-6.068686008453369,-37.711158752441406
43.70555556,-72.28833333,168.71094,1997.0,0.5086709438521044,0.0,-15.8,-99.0,-13.455663681030273,-100.3676528930664
12.13,15.03,294.5,1975.0,0.29671281927349075,0.0,-0.53,9.8,-0.48612070083618164,14.533226013183594
64.13,-21.93,12.141602,1998.0,0.2386727660059501,4.485991303226911e-05,-9.39,-67.0,-9.944833755493164,-71.3288345336914
28.46344137,-16.2553441,36.554688,2019.0,0.9760105506323683,0.0,-2.18,-1.6,-2.2863221168518066,-2.3139419555664062
42.025,35.15833333,61.443359,2016.0,0.7295575540864875,6.669776212220313e-06,-3.65,-18.7,-6.066866397857666,-37.694129943847656
31.62,25.95,0.0,1999.0,-0.7236440382959123,1.0245756129734218e-05,-0.75,8.2,-3.1112122535705566,-10.033668518066406
49.0392,8.365,112.44141,1991.0,-0.680773409477016,4.229899786878377e-05,-6.1,-37.9,-6.578935146331787,-42.48632049560547
41.64083945,-4.754446679,735.625,2001.0,-0.9587178169872964,0.0,-7.48,-56.4,-6.455959796905518,-41.33545684814453
47.8008,11.0108,974.96875,1984.0,-0.7116566222817751,0.000114261318231,-14.64,-106.8,-12.187017440795898,-89.7416763305664
47.07777778,15.44888889,370.03125,1975.0,0.9510565162951535,0.0,-11.44,-78.0,-10.987430572509766,-79.69412994384766
53.23,6.55,7.7121582,1966.0,0.2386727660059501,0.0,-9.1,-66.3,-8.645807266235352,-60.08106231689453
-41.47,-72.93,43.574219,1996.0,0.7295575540864875,0.0,-6.87,-46.0,-6.216681003570557,-39.096168518066406
53.8713,8.7058,4.7202148,1994.0,-0.9741004551724206,3.0186332878656685e-05,-8.3,-59.6,-7.573944091796875,-51.94617462158203
39.46666667,-6.333333333,410.0,2007.0,0.741222010848596,9.734269042382948e-06,-6.61,-45.82,-4.866529941558838,-26.460792541503906
37.97,23.72,100.17578,2006.0,0.9510565162951535,0.0,-8.72,-59.44,-5.103079319000244,-28.674537658691406
-33.97,18.6,41.798828,1972.0,0.7295575540864875,0.0003039572329726,-2.56,0.2,-3.3780884742736816,-12.531227111816406
45.32,-75.67,112.08594,2018.0,0.2386727660059501,0.0,-14.94,-106.6,-14.612260818481445,-108.6330337524414
25.01666667,102.6833333,1907.8125,1997.0,0.9510565162951535,0.0,-3.6,-20.7,-3.264059543609619,-11.464088439941406
13.73,100.5,5.7392578,1990.0,0.2386727660059501,0.0,-4.19,-37.4,-3.5915894508361816,-14.529273986816406
-53.0,-70.833333,32.589844,2002.0,-0.7236440382959123,0.0,-9.89,-79.7,-8.455854415893555,-67.8510513305664
46.17378583,8.788556051,407.5,2005.0,-0.2135209154397959,3.367762474226765e-05,-4.88,-27.5,-6.394699573516846,-40.76215362548828
44.13333333,6.333333333,881.625,2006.0,-0.2135209154397959,0.0,-5.64,-35.0,-5.457296848297119,-31.989479064941406
35.68,139.77,22.099609,1961.0,-0.2884824328806098,0.0,-7.1,-34.1,-6.866888523101807,-45.181129455566406
48.4042,2.6965,79.179688,2021.0,0.29671281927349075,0.0,-3.59,-26.4,-6.286736011505127,-39.75177764892578
0.05,32.45,1135.4375,1972.0,-0.6932812268869771,6.389593181665987e-05,-0.02,12.7,-3.7711243629455566,-16.209449768066406
34.57,69.21333333,1788.0,1975.0,0.2386727660059501,0.0001091344456654,-14.61,-96.8,-6.859094619750977,-44.99351501464844
47.47051111,21.49041944,105.30859,2008.0,0.08596479873744647,5.033355137129547e-06,-11.18,-79.42,-10.168949127197266,-72.83866119384766
62.89179444,27.62542222,94.585938,2016.0,0.9721181966290613,0.0,-12.53,-92.9,-14.453187942504883,-108.7227554321289
-21.02823729,55.47161911,1175.3125,2015.0,0.4482293417404106,0.0001208670291816,-6.54,-39.78,-4.933248996734619,-27.085182189941406
46.95222563,7.439320571,542.53125,1986.0,0.6994583270516471,0.0,-15.78,-118.2,-14.376455307006836,-108.0800552368164
22.74527778,88.49583333,8.7597656,2005.0,0.07738647923346301,0.0,0.71,17.83,-4.011312961578369,-18.457252502441406
-16.49888889,-68.12305556,3582.75,2003.0,0.6994583270516471,0.0,-11.89,-81.9,-11.430631637573242,-110.2924575805664
38.03333333,114.4166667,86.800781,1998.0,-0.9741004551724206,0.0,-6.2,-18.0,-6.870969772338867,-45.239356994628906
42.29055556,-85.58444444,244.73438,1992.0,-0.9741004551724206,0.0,-4.0,-11.0,-8.870889663696289,-61.96631622314453
-31.95,115.97,20.375,2006.0,-0.2135209154397959,6.919538282090798e-05,-3.16,-12.3,-3.147604465484619,-10.374244689941406
53.23,6.55,7.7121582,1970.0,0.9760105506323683,0.0,-8.12,-51.9,-7.740109443664551,-53.13024139404297
-75.58333333,-20.56666667,105.53516,2011.0,0.2386727660059501,1.6786802400811547e-08,-14.47,-114.1,-20.557767868041992,-166.31344604492188
-0.37,-78.55,3064.0,1979.0,-0.7236440382959123,2.19572611968033e-05,-6.7,-38.8,-8.391462326049805,-66.9323501586914
11.12,124.62,231.36719,1998.0,-0.680773409477016,0.000226861127885,-4.87,-24.1,-5.707190036773682,-34.328102111816406
42.7728,-0.33149,1302.3125,2013.0,0.29671281927349075,0.0001666564057813,-8.76,-59.5,-6.461418628692627,-41.38654327392578
36.98,35.3,22.958008,1966.0,-0.2884824328806098,0.0,-6.87,-31.9,-5.1746506690979,-29.344337463378906
6.2,100.4,3.8469238,1984.0,-0.6932812268869771,0.0001362005277769,-5.05,-28.6,-6.314939975738525,-40.015724182128906
47.7,27.88333333,177.36719,2014.0,0.29671281927349075,0.0001361939212074,-4.16,-27.8,-6.9125285148620605,-45.56340026855469
28.2,113.0666667,44.691406,1991.0,-0.9587178169872964,0.0,-11.92,-84.5,-7.777007102966309,-58.165870666503906
46.98141401,6.607999655,1046.0625,2000.0,-0.23030567023061196,0.0,-7.19,-50.7419438,-8.024272918701172,-54.87519073486328
46.72738634,8.186782163,600.90625,1990.0,0.9510565162951535,0.0,-8.68,-59.1,-12.79576301574707,-94.8404312133789
40.40725278,-3.686133333,653.5,2001.0,-0.9510565162951536,0.0,-8.12,-46.6,-5.396643161773682,-31.421852111816406
32.81333333,130.7291667,25.359375,2020.0,-0.6932812268869771,9.121932089328766e-05,-6.76,-47.7,-7.970639705657959,-60.928443908691406
50.12,-104.42,580.5,2010.0,-0.9741004551724206,0.0,-9.75,-74.2,-16.13619041442871,-122.8193130493164
13.52,2.09,210.4375,2017.0,0.741222010848596,9.823447726375887e-06,-0.83,3.0,-2.157736301422119,-1.1105728149414062
47.81666667,13.71777778,1616.0625,2023.0,0.08596479873744647,0.0,-6.656,-48.9,-10.770021438598633,-77.8731460571289
46.37222222,6.470833333,387.75,2021.0,-0.2135209154397959,0.0,-6.89,-47.8,-6.3231282234191895,-40.09235382080078
9.0,38.73,2329.125,2007.0,0.741222010848596,0.0001556918869027,1.81,24.3,-0.6608033180236816,12.898460388183594
33.46555556,126.9333333,5.9509277,1996.0,0.5595892624101765,0.0,-8.1,-51.0,-3.962790012359619,-18.003150939941406
47.4,28.49166667,94.726562,2017.0,0.741222010848596,4.965413609170355e-05,-6.27,-46.2,-7.639969825744629,-51.656333923339844
39.28333333,-7.416666667,492.75,1999.0,-0.9741004551724206,1.0929998097708449e-05,-5.7,-35.1,-5.583456516265869,-33.170143127441406
-34.633575,-56.616825,41.009766,2004.0,-0.970063921851507,0.0002421296521788,-1.68,-23.47,-3.7808289527893066,-16.300270080566406
-34.38,-58.28,0.0,1997.0,-0.9587178169872964,9.220942592946813e-05,-1.6,-1.3,-3.433889865875244,-13.053443908691406
56.97,24.07,4.2321777,1982.0,0.741222010848596,0.0004346093919593,-7.6,-63.0,-7.946260929107666,-54.221778869628906
51.93,-10.25,33.068359,1964.0,0.2386727660059501,0.0001864538789959,-1.7,-14.1,-6.194845676422119,-38.891822814941406
36.846389,-2.356942,16.541016,2007.0,-0.2884824328806098,5.122707807458937e-05,-7.48,-48.67,-4.930822849273682,-27.062477111816406
46.98141401,6.607999655,1046.0625,2015.0,0.9510565162951535,0.0,-8.92,-63.3,-11.859624862670898,-86.9994888305664
46.65772518,8.292706832,1061.3125,2021.0,0.2386727660059501,0.0,-14.93,-109.17,-13.506818771362305,-100.7961196899414
43.71,10.4,9.4057617,1995.0,-0.2135209154397959,2.213152811236796e-06,-3.05,-21.7,-3.7953858375549316,-16.436500549316406
38.79273611,-9.105733333,36.355469,2017.0,0.9510565162951535,2.9021784939686768e-05,-7.17,-40.7,-4.52444314956665,-23.259376525878906
33.21722222,-87.54305556,64.535156,2006.0,0.8311706263658079,0.0,-1.5,-3.4,-3.4411683082580566,-13.121559143066406
9.31,123.2,400.01562,1998.0,-0.2884824328806098,6.770611071260646e-05,-8.39,-53.9,-5.094587802886963,-28.595069885253906
47.6772,9.19,442.90625,2005.0,0.2386727660059501,5.1163053285563365e-05,-9.44,-63.95,-12.02587890625,-88.39200592041016
49.0392,8.365,112.44141,1990.0,0.6994583270516471,0.0001610028702998,-7.55,-55.3,-9.769939422607422,-69.49662017822266
47.6772,9.19,442.90625,2007.0,0.2386727660059501,0.0,-10.67,-80.85,-12.427446365356445,-91.7554702758789
-35.07,173.28,71.449219,1975.0,0.9510565162951535,5.379745743994135e-06,-4.9,-31.8,-4.828924655914307,-26.108863830566406
51.3,3.75,9.4589844,2008.0,0.39359027665646673,0.0,-5.17,-35.41,-6.866888523101807,-45.181129455566406
34.01937778,-6.838286111,18.375977,2002.0,-0.965739937654855,4.619974424713291e-05,-0.65,11.84,-3.977346897125244,-18.139381408691406
9.28,123.15,1077.8125,1998.0,0.29671281927349075,0.0,-8.54,-54.6,-6.386871814727783,-42.015541076660156
13.73,100.5,5.7392578,2001.0,-0.680773409477016,0.0001497499761171,-6.83,-46.0,-6.139650821685791,-38.375282287597656
47.47051111,21.49041944,105.30859,2008.0,-0.594726686960764,0.0,-15.08,-95.91,-9.007728576660156,-63.112464904785156
25.07,110.08,385.5,1990.0,-0.9587178169872964,0.0,-11.82,-75.2,-8.223676681518555,-64.5385513305664
40.95,15.58333333,631.21875,2003.0,0.741222010848596,0.0,-7.1,-42.0,-5.405134677886963,-31.501319885253906
-33.45,-70.7,507.65625,1998.0,0.741222010848596,0.0,-2.48,17.8,-6.3473896980285645,-40.31940460205078
50.06166667,19.84861111,356.8125,2008.0,-0.9634705485641486,0.0,-12.04,-86.4,-8.64286994934082,-60.50627899169922
51.3744,11.2919,162.88281,2003.0,0.2386727660059501,0.0,-11.56,-85.9,-10.069196701049805,-72.0031509399414
22.53695556,-83.64950833,67.328125,1983.0,-0.9587178169872964,0.0,-4.44,-27.1,-4.326712131500244,-21.408912658691406
46.29,-64.15,0.0,2010.0,-0.680773409477016,0.0,-5.82,-35.2,-6.975721836090088,-46.733863830566406
52.141,-106.6244,507.71875,1994.0,0.741222010848596,2.8822174499509856e-05,-10.4,-81.1,-13.916059494018555,-104.2238540649414
13.48,22.45,788.75,1973.0,-0.680773409477016,0.0001706554758129,-3.48,-22.4,-4.178717136383057,-20.023902893066406
53.8713,8.7058,4.7202148,1985.0,-0.680773409477016,0.0,-5.42,-38.6,-6.866888523101807,-45.181129455566406
-31.95,115.97,20.375,2012.0,-0.9634705485641486,5.660217721015215e-05,-3.54,-10.5,-3.0432801246643066,-9.397926330566406
46.095,14.597,283.89062,2001.0,0.6994583270516471,7.484217803721549e-06,-6.8,-47.7,-11.58338737487793,-84.6857681274414
36.55530278,126.635925,59.384766,2024.0,0.2802306751992159,0.0007323651807382,-13.08,-94.9,-7.460483551025391,-53.650001525878906
46.49143367,9.898180888,1767.6875,1997.0,0.9760105506323683,2.2895275833434425e-05,-16.02,-121.3,-13.813749313354492,-103.3669204711914
50.11622222,14.39291667,182.82031,2015.0,0.2386727660059501,2.0882815078948624e-05,-12.13,-87.4,-10.488668441772461,-75.5165786743164
-31.39,-64.78,1778.25,2019.0,-0.7236440382959123,6.055149788153358e-05,-8.22,-46.0,-5.845480442047119,-35.622291564941406
-13.0,28.65,1260.6875,2004.0,0.9562348265919056,0.0,-3.67,-15.5,-5.480345249176025,-32.205177307128906
50.92,5.78,111.17188,2004.0,0.1882267098432442,3.417298285057768e-05,-7.52,-47.46,-7.925159454345703,-54.04503631591797
9.0,38.73,2329.125,2006.0,0.2386727660059501,0.0,-2.4,-9.34,-0.5492005348205566,13.942893981933594
4.05,114.81,27.053711,2010.0,-0.27195815753410524,0.0,-9.577,-62.584,-6.866888523101807,-45.181129455566406
12.13,15.03,294.5,1967.0,0.741222010848596,0.0,-2.81,-13.3,-0.8937134742736816,10.718772888183594
-22.399288,-47.543743,626.78125,2020.0,-0.970063921851507,0.0,0.1,12.7,-2.293600559234619,-2.3820571899414062
26.08333333,119.2833333,13.927246,1990.0,-0.680773409477016,0.0002177895948989,-9.62,-72.7,-7.820993900299072,-58.793434143066406
-1.5075,-77.94388889,958.9375,2014.0,-0.9741004551724206,0.0001720862928777,-9.4,-66.4,-3.9166932106018066,-17.571754455566406
-27.43,153.08,5.7802734,2000.0,0.2802306751992159,0.0,-5.52,-28.3,-2.502249240875244,-4.334693908691406
46.25,48.03,-22.556641,1981.0,-0.7236440382959123,0.0,-13.0,-105.0,-11.92868423461914,-87.57791900634766
49.7478,6.6581,259.26562,2003.0,0.29671281927349075,0.0,-4.23,-27.45,-6.866888523101807,-45.181129455566406
48.75,-91.62,405.375,1978.0,0.9510565162951535,2.5881268811644983e-05,-21.4,-170.0,-14.59642219543457,-109.9224624633789
72.58,-38.4799,3202.0,2011.0,-0.9951053111006974,1.282724133488955e-05,-34.19192973,-270.6284022,-35.57512664794922,-285.6366882324219
32.18,118.18,39.578125,1990.0,0.741222010848596,0.0,-4.69,-25.7,-4.801023960113525,-25.847755432128906
47.67,-124.48,0.0,1962.0,-0.2135209154397959,0.0,-6.7,-55.1,-8.117823600769043,-58.03490447998047
51.3,3.75,9.4589844,1994.0,0.741222010848596,0.0,-5.78,-37.6,-6.734890937805176,-43.945831298828125
52.8,5.05,-4.4990234,1995.0,-0.13727877211326517,7.654147680113965e-07,-11.2,-78.9,-6.564584732055664,-43.56403350830078
35.27,-75.55,0.0,1965.0,0.741222010848596,0.0,-2.2,-8.1,-3.962790012359619,-18.003150939941406
39.66666667,43.85833333,1775.9375,1991.0,0.9760105506323683,2.819567635015119e-05,-4.76,-24.7,-9.171424865722656,-64.48355865478516
28.276976,84.30961,2101.5,2016.0,-0.9760105506323682,0.0004097198252566,-7.372454191,-56.99508318,-8.605501174926758,-69.9860610961914
-33.11011944,-64.24918333,408.09375,2018.0,-0.7236440382959123,0.0,-5.68,-30.9,-5.612570285797119,-33.442604064941406
46.60305556,13.67138889,2148.125,2002.0,-0.3456123126707333,0.0,-6.36,-39.9,-13.051538467407227,-96.9827651977539
36.88,30.7,0.0,1988.0,-0.970063921851507,0.0,-8.55,-59.6,-3.9797730445861816,-18.162086486816406
53.7122,7.1519,8.8525391,2002.0,0.29671281927349075,2.5232309326383984e-06,-5.97,-38.04,-6.866888523101807,-45.181129455566406
48.75,-91.62,405.375,1977.0,0.741222010848596,0.0,-7.0,-61.0,-11.143453598022461,-81.0009536743164
0.604166667,-77.81944444,2835.75,2016.0,0.6994583270516471,0.0001096878986572,-2.97,-14.1,-11.144037246704102,-106.2035903930664
46.60305556,13.67138889,2148.125,2017.0,-0.008606996888688009,0.0,-10.367,-66.14,-11.97728157043457,-87.9849624633789
-20.9731,-66.33189,4333.0,2010.0,-0.2884824328806098,0.0,-9.78,-56.5,-8.39327621459961,-66.9582290649414
33.96666667,-4.983333333,500.04688,1998.0,0.9510565162951535,0.0,-2.36,-7.2,-4.557196140289307,-23.565895080566406
-27.43,153.08,5.7802734,1991.0,-0.9587178169872964,0.0,1.82,19.3,-2.283895969390869,-2.2912368774414062
51.35,12.43,125.46484,2002.0,-0.9741004551724206,0.0,-8.85,-60.5,-8.18345832824707,-58.027809143066406
47.59583333,7.594444444,248.26562,1991.0,0.9510565162951535,0.0,-11.0,-82.4,-9.377325057983398,-66.20813751220703
4.05,114.81,27.053711,2010.0,0.6420547132365637,0.000300666084513,-8.07,-53.53,-6.481434345245361,-41.57386016845703
36.98,35.3,22.958008,2002.0,-0.2884824328806098,0.0002667540393304,-15.94,-117.0,-5.795137882232666,-35.151161193847656
52.93,4.78,0.63311768,1985.0,-0.2135209154397959,1.4095428923610598e-05,-6.33,-43.5,-6.410166263580322,-40.906898498535156
-0.166666667,-78.48333333,2781.625,2009.0,-0.7236440382959123,0.000124457932543,-7.42,-46.82,-8.464017868041992,-67.9675064086914
-0.37,-78.55,3064.0,2000.0,0.9562348265919056,5.207293725106865e-05,-10.61,-76.85,-10.480154037475586,-96.7319107055664
9.0,38.73,2329.125,1993.0,-0.2884824328806098,0.0,-0.47,7.7,-2.0582642555236816,-0.17966461181640625
36.846389,-2.356942,16.541016,2019.0,0.6994583270516471,0.0,0.39,1.4,-4.415266513824463,-22.237648010253906
69.76666667,61.68333333,0.0,1981.0,-0.2884824328806098,6.476415819633985e-06,-18.0,-138.0,-19.85004997253418,-153.92599487304688
51.83,6.25,9.5,1997.0,-0.2135209154397959,0.0,-6.89,-46.4,-6.424116611480713,-41.037452697753906
47.81666667,13.71777778,1616.0625,2022.0,0.7583058084785624,0.0,-5.902,-37.96,-9.207233428955078,-64.78348541259766
25.01666667,102.6833333,1907.8125,2002.0,0.6994583270516471,0.0,-0.67,-20.0,-3.909414768218994,-17.503639221191406
51.83,6.25,9.5,1983.0,0.6994583270516471,2.162864984711632e-05,-9.44,-68.6,-8.069823265075684,-57.93224334716797
-15.6,-56.1,177.79688,1968.0,0.9721181966290613,5.151570439920761e-05,-7.61,-44.2,-4.492903232574463,-22.964210510253906
32.37,-64.68,1.0638428,1964.0,0.2386727660059501,1.0099721293954644e-05,-4.5,-24.9,-4.950232028961182,-27.244117736816406
35.13,-111.67,2151.0,1970.0,-0.2884824328806098,0.0001924811076605,-12.69,-93.3,-7.3915557861328125,-52.666603088378906
4.05,114.81,27.053711,2011.0,0.2386727660059501,0.0002543625887483,-15.418,-113.057,-7.677243232727051,-56.742530822753906
66.53333333,66.66666667,16.196289,1998.0,-0.9587178169872964,0.0,-15.6,-115.9,-12.985036849975586,-96.4257583618164
46.57248471,8.332719621,1924.0,2022.0,0.9760105506323683,0.0,-16.21,-123.5,-12.289327621459961,-90.5986099243164
54.0967,13.4056,1.5458374,2003.0,-0.2135209154397959,1.1576952601899391e-05,-6.98,-48.7,-6.646867275238037,-43.12206268310547
-22.03073263,-60.61868994,167.09375,2020.0,0.9679377830240642,4.419057586346753e-05,-7.136110744,-42.78550802,-5.402708530426025,-31.478614807128906
6.329722222,99.73,3.3973389,1986.0,0.9510565162951535,2.053277967206668e-05,-4.32,-22.3,-5.35903787612915,-31.069923400878906
38.05011111,23.8675,438.375,2002.0,0.9992500112396835,1.079843150364468e-05,-9.88,-67.4,-5.9382805824279785,-36.490760803222656
64.58,40.5,0.0,1985.0,-0.9741004551724206,1.1057682968385052e-05,-14.0,-112.0,-14.003023147583008,-104.9522476196289
47.6772,9.19,442.90625,2012.0,0.9721181966290613,0.0,-9.32,-68.54,-10.754674911499023,-77.7446060180664
11.25,75.78,7.1804199,1997.0,-0.9587178169872964,2.5219173039658926e-05,-6.68,-40.2,-4.241796970367432,-20.614234924316406
-23.8,133.88,544.75,1973.0,0.29671281927349075,0.0,-5.85,-30.6,-4.659094333648682,-24.519508361816406
-21.2,-159.8,7.8220215,1982.0,-0.9587178169872964,0.0,-1.48,3.3,-3.079672336578369,-9.738502502441406
46.29,-64.15,0.0,2010.0,0.9510565162951535,0.0,-10.46,-71.1,-10.115236282348633,-72.3887710571289
47.07777778,15.44888889,370.03125,1996.0,0.2386727660059501,0.0,-17.28,-129.6,-12.135862350463867,-89.3132095336914
41.91172742,2.763346411,139.71094,2009.0,0.9510565162951535,0.0,-6.12,-39.59,-5.96072244644165,-36.700782775878906
52.27,104.35,487.23438,1990.0,0.9760105506323683,0.0,-20.3,-146.0,-16.34592628479004,-124.5760269165039
22.7,90.36,5.9089355,2019.0,-0.2135209154397959,0.0001298715069424,-4.13,-24.0,-6.866888523101807,-45.181129455566406
78.91666667,11.93333333,38.650391,1998.0,0.2386727660059501,2.359112295380328e-05,-16.8,-110.8,-12.545103073120117,-92.7409439086914
0.512102778,25.20643889,414.57812,2018.0,0.6994583270516471,0.0,-0.54,10.8,-2.036428928375244,0.02468109130859375
19.31396667,-99.3094,2965.0,2015.0,-0.24702218048093527,5.287859676172957e-05,-7.835,-48.6,-6.704464912414551,-45.939308166503906
44.42,8.85,5.4519043,1990.0,0.2386727660059501,0.0002861092507373,-4.1,-22.8,-6.903979301452637,-46.15205383300781
49.0392,8.365,112.44141,1994.0,0.741222010848596,0.0,-6.12,-44.7,-6.866888523101807,-45.181129455566406
3.783333333,103.3333333,8.0805664,2019.0,0.29671281927349075,0.0,-8.84,-62.0,-6.2649006843566895,-39.54743194580078
46.65772518,8.292706832,1061.3125,2010.0,0.9510565162951535,3.828981061815284e-05,-14.53,-106.7925233,-12.248403549194336,-90.2558364868164
-34.93,138.58,24.027344,2008.0,0.6994583270516471,0.0,-1.83,-4.9,-4.273336887359619,-20.909400939941406
68.96666667,33.05,0.059604645,1982.0,-0.9587178169872964,0.000108435509901,-11.0,-86.0,-12.007974624633789,-88.2420425415039
47.81666667,13.71777778,1616.0625,2021.0,0.9844738167520922,7.739337888779119e-05,-9.956,-65.77,-11.122991561889648,-80.8295669555664
-22.94916667,-46.54916667,855.53125,1998.0,0.21352091543979612,0.0,-1.97,-0.33,-4.725813388824463,-25.143898010253906
28.58,77.2,222.79688,1989.0,-0.2884824328806098,0.0,0.81,20.6,-2.4027771949768066,-3.4037857055664062
-2.95,-60.2,55.640625,1990.0,0.9741004551724205,4.977702701580711e-05,-2.94,-9.5,-6.526014804840088,-41.991065979003906
25.01666667,102.6833333,1907.8125,1988.0,-0.23030567023061196,3.703887705341913e-05,-11.28,-77.6,-9.12336540222168,-77.3744888305664
46.49143367,9.898180888,1767.6875,2002.0,0.29671281927349075,9.793538629310206e-05,-6.79,-45.05915482,-11.68313980102539,-85.52127838134766
51.93,-10.25,33.068359,1980.0,0.7295575540864875,1.501241513324203e-06,-6.6,-48.4,-5.286253452301025,-30.388771057128906
39.1,117.1666667,3.3602295,1991.0,-0.9587178169872964,8.961671846918762e-05,-6.86,-43.7,-6.866888523101807,-45.181129455566406
38.03333333,114.4166667,86.800781,2001.0,-0.9741004551724206,0.0,-8.21,-52.1,-6.886359691619873,-45.45892333984375
-23.8,133.88,544.75,1968.0,-0.9634705485641486,0.0,-2.6,-23.9,-1.1411805152893066,8.402854919433594
36.15,-5.35,1.5737915,1980.0,-0.7116566222817751,0.0,-5.32,-30.9,-5.052130222320557,-28.197731018066406
-0.13,-67.08,58.835938,1989.0,-0.7236440382959123,8.444778359262273e-05,-4.41,-20.1,-3.5673279762268066,-14.302223205566406
-13.0,28.65,1260.6875,1968.0,-0.27195815753410524,9.494854020886125e-05,-13.05,-97.4,-5.405134677886963,-31.501319885253906
48.22,11.59,494.59375,1996.0,-0.7116566222817751,0.0,-17.32,-128.7,-11.89543342590332,-87.2994155883789
48.18427778,16.389575,201.11719,2002.0,0.8996308696522433,0.0,-3.77,-28.1,-9.836441040039062,-70.05362701416016
37.1644591,-5.611393166,86.394531,2006.0,-0.9741004551724206,0.0,-4.06,-22.84,-4.925970554351807,-27.017066955566406
46.37222222,6.470833333,387.75,2019.0,0.741222010848596,6.968551315367222e-05,-6.75,-48.6,-7.015478134155273,-46.425689697265625
52.4672,13.4019,47.5625,1997.0,0.9510565162951535,1.0554568689258303e-05,-6.0,-43.4,-9.025632858276367,-63.262428283691406
48.24861111,16.35638889,200.63281,1979.0,0.9760105506323683,0.0001052914376487,-14.76,-108.0,-10.560285568237305,-76.1164321899414
-2.53,140.72,68.566406,1963.0,-0.2135209154397959,0.0001017936156131,-6.0,-42.8,-5.880659580230713,-35.951515197753906
45.8,28.2,40.330078,2020.0,-0.970063921851507,0.0,-6.99,-43.7,-8.969362258911133,-62.791114807128906
36.88,30.7,0.0,2018.0,-0.2884824328806098,0.0,-5.0,-23.8,-5.606504917144775,-33.385841369628906
-12.43,130.87,16.515625,1980.0,0.9721181966290613,0.0,-1.64,0.4,-4.700338840484619,-24.905494689941406
-2.53,140.72,68.566406,1988.0,-0.6932812268869771,0.0,-3.32,-19.5,-5.534933567047119,-32.716041564941406
47.98,-55.82,119.36328,2009.0,-0.7236440382959123,0.0,-7.15,-46.2,-8.805665969848633,-61.420021057128906
50.7,5.47,141.75781,1970.0,-0.680773409477016,7.060158623062307e-06,-4.05,-26.0,-6.866888523101807,-45.181129455566406
36.72,3.18,19.595703,2003.0,0.8406184056344782,1.2618444998224732e-05,-6.1,-36.5,-4.862890720367432,-26.426734924316406
45.37,-63.27,12.535156,1977.0,0.2386727660059501,0.0,-12.8,-89.0,-13.716360092163086,-101.1183853149414
-27.43,153.08,5.7802734,1983.0,0.741222010848596,4.3322168494341895e-05,-6.53,-38.7,-3.4945435523986816,-13.621070861816406
-6.18,106.83,5.1230469,1993.0,-0.9741004551724206,0.0001129024240071,-4.65,-27.5,-4.280615329742432,-20.977516174316406
33.65694444,73.26611111,580.9375,1991.0,-0.2884824328806098,0.0,-5.1,-23.06,-4.530508518218994,-23.316139221191406
4.05,114.81,27.053711,2006.0,-0.9932568492674143,0.0,-4.9,-40.32,-6.908260345458984,-47.965614318847656
47.6772,9.19,442.90625,1990.0,0.741222010848596,0.0001022390715661,-6.51,-51.5,-8.52175521850586,-59.042030334472656
62.89179444,27.62542222,94.585938,2012.0,0.9721181966290613,0.0,-13.43,-100.3,-14.458303451538086,-108.7656021118164
49.38,-82.12,243.30469,1999.0,-0.2135209154397959,1.037469701259397e-05,-9.94,-68.7,-9.636816024780273,-71.76374053955078
-17.83,31.02,1473.25,1974.0,0.6994583270516471,1.0548095815465786e-05,-8.96,-43.2,-5.191633701324463,-29.503273010253906
36.98,35.3,22.958008,1994.0,-0.2135209154397959,5.95379424339626e-06,-1.69,-7.9,-3.128195285797119,-10.192604064941406
-36.62,-64.29,175.35938,2019.0,0.6994583270516471,0.0,-3.08,-17.5,-6.099012851715088,-37.994972229003906
52.93,4.78,0.63311768,1987.0,0.9760105506323683,5.35834624315612e-05,-6.36,-43.3,-7.640005111694336,-53.15802001953125
23.05,-82.21666667,123.02734,2005.0,0.29671281927349075,4.113712566322647e-05,-5.0,-31.8,-4.062262058258057,-18.934059143066406
-0.841111111,29.94194444,1574.5,2003.0,-0.7236440382959123,4.090912625542842e-05,-3.95,-17.4,-2.536215305328369,-4.652565002441406
49.38,-82.12,243.30469,2006.0,0.29671281927349075,0.0,-9.72,-67.7,-10.388916015625,-74.68106842041016
46.37222222,6.470833333,387.75,1995.0,-0.2135209154397959,0.0,-3.45,-21.2,-6.307661533355713,-39.947608947753906
41.66056063,-1.004162565,244.98438,2017.0,-0.2884824328806098,0.0,-6.19,-47.0,-6.866888523101807,-45.181129455566406
-6.18,106.83,5.1230469,1979.0,-0.9587178169872964,0.0,-5.79,-35.7,-4.859251499176025,-26.392677307128906
25.7325,-80.16323611,3.5220947,2003.0,-0.9911140639934546,0.0,-3.69,-38.5,-4.164160251617432,-19.887672424316406
47.7,27.88333333,177.36719,2014.0,0.2386727660059501,0.0,-17.01,-124.5,-12.985036849975586,-96.4257583618164
28.2,113.0666667,44.691406,1991.0,0.29671281927349075,0.0,-6.19,-39.6,-6.151175022125244,-38.483131408691406
49.7703,9.9578,265.90625,1979.0,-0.9741004551724206,0.0,-8.04,-58.5,-7.887933731079102,-54.154335021972656
-21.50303,-64.17048,1258.6875,2010.0,0.741222010848596,0.0,-3.46,-6.0,-5.51431131362915,-32.523048400878906
52.2914,10.4464,80.6875,1990.0,-0.2884824328806098,0.0,-12.49,-89.6,-10.2252197265625,-73.30997467041016
-13.8,-171.78,0.0,1966.0,0.9760105506323683,0.0,-4.6,-28.3,-4.365530490875244,-21.772193908691406
47.4828,11.0622,716.1875,1994.0,-0.9587178169872964,0.0,-9.51,-69.4,-8.829965591430664,-61.62354278564453
-7.315277778,72.42805556,2.3126221,1970.0,0.29671281927349075,0.0001343514450127,-2.93,-12.2,-3.7953858375549316,-16.436500549316406
39.48056611,-0.366386255,14.827637,2005.0,0.6994583270516471,0.0,-5.26,-28.81,-5.470640659332275,-32.114356994628906
47.4828,11.0622,716.1875,1996.0,0.2802306751992159,0.0,-6.96,-51.6,-9.524394989013672,-67.43997955322266
65.11666667,57.1,53.808594,1983.0,-0.9587178169872964,0.0,-15.1,-108.0,-12.40186882019043,-91.5412368774414
-12.43,130.87,16.515625,2001.0,-0.2135209154397959,0.0,-3.07,-14.9,-4.8835129737854,-26.619728088378906
4.036666667,9.734166667,39.230469,2020.0,0.7295575540864875,8.331568096764386e-05,-4.91,-25.1,-2.880728244781494,-7.876686096191406
38.56666667,-7.9,267.98438,2016.0,0.6994583270516471,2.6828698537428863e-05,-4.86,-26.1,-5.664732456207275,-33.930763244628906
9.783333333,-83.71666667,733.375,1990.0,-0.680773409477016,0.0,-5.25,-30.1,-6.866888523101807,-45.181129455566406
36.83,10.23,0.0,1981.0,-0.2884824328806098,5.322060678736307e-05,-2.84,-23.8,-4.875021457672119,-26.540260314941406
47.59583333,7.594444444,248.26562,2010.0,-0.7236440382959123,0.0,-14.26,-106.19,-10.347991943359375,-74.33829498291016
43.78,87.62,900.71875,1987.0,-0.680773409477016,1.5553638149867766e-05,-7.63,-52.3,-5.79149866104126,-35.117103576660156
1.685556,33.616389,1096.9375,2011.0,0.9760105506323683,0.0001642218849156,-0.74,5.6,-2.3396973609924316,-2.8134536743164062
53.23,6.55,7.7121582,2001.0,-0.680773409477016,3.604408675528248e-06,-5.55,-35.9,-6.741411209106445,-44.00685119628906
38.05011111,23.866675,444.85938,2002.0,-0.2884824328806098,9.553165000397712e-05,-7.85,-42.63,-7.258224964141846,-48.458900451660156
-3.491666667,-80.06666667,22.397461,2005.0,0.9510565162951535,2.013818266277667e-05,-2.25,-7.22,-4.400709629058838,-22.101417541503906
49.0392,8.365,112.44141,2006.0,-0.9741004551724206,7.789686060277745e-05,-7.8,-54.65,-8.072854042053223,-57.459388732910156
-27.17,-109.43,140.28906,1991.0,-0.9587178169872964,2.579624742793385e-05,-4.4,-25.0,-2.9171204566955566,-8.217262268066406
39.55339029,2.625298143,5.3820801,2018.0,0.9760105506323683,3.984157956438139e-06,-5.69,-38.4,-5.013311862945557,-27.834449768066406
36.88,30.7,0.0,1970.0,-0.7236440382959123,0.0,-5.63,-26.5,-4.947805881500244,-27.221412658691406
-27.43,153.08,5.7802734,2001.0,0.6994583270516471,0.0,-5.62,-34.0,-2.507101535797119,-4.380104064941406
47.47051111,21.49041944,105.30859,2005.0,0.6616346182422783,0.0,-16.4,-119.9,-11.834047317504883,-86.7852554321289
47.833185,1.940433,113.78516,1999.0,0.6994583270516471,0.0,-8.0,-55.2,-8.5099458694458,-60.56873321533203
52.2914,10.4464,80.6875,1997.0,-0.7236440382959123,0.0,-11.94,-99.3,-9.093414306640625,-63.83014678955078
14.64,121.04,42.933594,2012.0,-0.6932812268869771,0.0001131435201386,-5.6,-35.4,-6.554825305938721,-42.26068878173828
53.32,-60.42,46.541016,2009.0,0.6994583270516471,0.0,-18.44,-124.2,-17.517377853393555,-134.38790893554688
-20.901,55.484,83.28125,2008.0,0.2386727660059501,1.928520759975072e-05,-6.81,-43.93,-3.016592502593994,-9.148170471191406
53.23,6.55,7.7121582,1990.0,0.9510565162951535,1.3554058568843176e-05,-4.06,-15.5,-7.811383247375488,-54.007728576660156
9.6678,80.0065,5.8981934,2017.0,0.741222010848596,0.0,-2.13,-5.4,-4.001608371734619,-18.366432189941406
46.98141401,6.607999655,1046.0625,2017.0,-0.680773409477016,0.0,-6.84,-44.7,-6.621999263763428,-42.88933563232422
36.98,35.3,22.958008,1998.0,0.9760105506323683,0.0,-5.01,-25.3,-4.559622287750244,-23.588600158691406
45.32,-75.67,112.08594,2015.0,-0.2884824328806098,0.0,-11.65,-80.4,-10.46743392944336,-98.00183868408203
-0.411,32.526,1192.1875,2003.0,-0.2884824328806098,0.0,0.75,13.6,-3.0966553688049316,-9.897438049316406
38.93,100.43,1490.125,1988.0,0.7295575540864875,0.0,-8.14,-47.7,-7.155115604400635,-47.595272064208984
40.41666667,-7.55,1295.4375,1990.0,0.9510565162951535,0.0,-8.33,-52.0,-6.453230381011963,-41.309913635253906
68.3,-133.4833333,38.167969,1988.0,-0.23030567023061196,6.0666621720884e-05,-16.7,-130.0,-26.050046920776367,-205.85617065429688
41.91172742,2.763346411,139.71094,2019.0,0.9760105506323683,0.0,-4.23,-22.9,-5.853365421295166,-35.696083068847656
13.07176111,-59.48972222,45.302734,1989.0,-0.9741004551724206,0.0001119673106586,-3.17,-15.7,-4.016165256500244,-18.502662658691406
39.46666667,-6.333333333,410.0,2019.0,0.9760105506323683,0.0,-4.68,-25.1,-5.459722995758057,-32.012184143066406
35.68,139.77,22.099609,1966.0,0.9760105506323683,0.0,-5.3,-38.7,-6.431395053863525,-41.105567932128906
-32.88,-68.85,762.84375,1984.0,-0.7116566222817751,0.0,-4.9,-29.0,-5.724173069000244,-34.487037658691406
28.276976,84.30961,2101.5,2017.0,0.9973249731081555,0.0,1.116967936,26.74257403,-0.16586923599243164,17.530296325683594
-0.13,-67.08,58.835938,1978.0,-0.9587178169872964,5.334569505066611e-05,-2.32,-8.5,-2.7666993141174316,-6.809547424316406
50.8325,15.14777778,828.84375,2009.0,0.741222010848596,3.058256334043108e-05,-6.62,-51.4,-8.851705551147461,-61.805641174316406
40.41195035,-3.67806112,671.09375,2013.0,-0.7236440382959123,0.0002581420994829,-15.42,-112.7,-8.852985382080078,-61.81635284423828
39.91055556,41.27555556,1890.5625,2022.0,0.9510565162951535,0.0,-15.64,-110.8,-10.836523056030273,-78.4301528930664
52.4672,13.4019,47.5625,2002.0,-0.9741004551724206,0.0,-10.7,-79.15,-8.188949584960938,-57.69178009033203
7.02,125.23,1213.5625,1995.0,0.29671281927349075,0.0001342290343018,-11.2,-73.2,-7.738461971282959,-57.615943908691406
42.7728,-0.33149,1302.3125,2018.0,0.9510565162951535,0.0,-12.1,-81.8,-9.713668823242188,-69.02530670166016
-46.42,168.32,-0.90939331,2007.0,0.29671281927349075,9.748554475663695e-06,-8.02,-55.6,-6.866888523101807,-45.181129455566406
32.65878,-16.92395,156.85938,2016.0,0.7295575540864875,0.0,-2.53,-6.8,-3.4120545387268066,-12.849098205566406
23.95277778,90.27916667,23.626953,2019.0,-0.9741004551724206,0.0,-10.52,-72.0,-7.671801567077637,-56.664894104003906
45.32,-75.67,112.08594,1996.0,-0.6932812268869771,3.995297811343335e-05,-6.3,-38.9,-7.368428707122803,-52.336647033691406
48.8281,9.2,313.79688,1965.0,-0.9741004551724206,0.0,-6.26,-32.7,-8.051722526550293,-55.13497543334961
46.48,30.63,60.207031,1982.0,-0.9741004551724206,0.0,-8.8,-60.0,-9.157358169555664,-64.36573028564453
61.22,-48.12,20.967773,1966.0,0.2386727660059501,1.463204353058245e-05,-15.19,-113.5,-15.819028854370117,-120.1628189086914
46.60305556,13.67138889,2148.125,2002.0,0.6152845999633276,5.6294760724995285e-05,-13.26,-95.0,-8.369917869567871,-59.83667755126953
31.28,34.17,8.2612305,1977.0,-0.7694148268839381,0.0,0.42,-18.0,-1.4274659156799316,5.723655700683594
-27.17,-109.43,140.28906,2000.0,0.2802306751992159,6.93607807988883e-06,1.48,12.9,-3.142752170562744,-10.328834533691406
45.06767778,22.79993889,366.15625,2020.0,-0.970063921851507,0.0,-8.48,-56.0,-8.744279861450195,-60.905860900878906
52.8911,11.7294,21.530273,2011.0,-0.680773409477016,0.0,-4.19,-28.2,-7.30522346496582,-48.85255432128906
46.72738634,8.186782163,600.90625,2017.0,0.2386727660059501,7.720507710473612e-05,-12.92,-94.8,-12.667875289916992,-93.7692642211914
31.18333333,29.95,-4.0114746,1965.0,-0.9741004551724206,4.466842256078962e-06,-0.6,5.6,-3.526083469390869,-13.916236877441406
4.05,114.81,27.053711,2010.0,-0.154308820664281,0.0002319238556083,-14.664,-102.019,-7.270025253295898,-50.932716369628906
-31.95,115.78,12.910645,1985.0,-0.7236440382959123,0.0,-3.77,-21.4,-3.176718235015869,-10.646705627441406
47.07777778,15.44888889,370.03125,1987.0,0.9760105506323683,2.535697421990335e-05,-10.01,-72.6,-11.005334854125977,-79.8440933227539
6.2,100.4,3.8469238,2016.0,0.6994583270516471,3.877351264236495e-05,0.05,0.1,-4.856825351715088,-26.369972229003906
53.23,6.55,7.7121582,1966.0,0.741222010848596,0.0,-5.8,-40.7,-6.866888523101807,-45.181129455566406
-2.433333333,-54.71666667,57.433594,1989.0,0.5012418134457758,4.367338988231495e-05,-6.48,-35.9,-4.297598361968994,-21.136451721191406
-30.08,-51.18,244.72656,1968.0,-0.23030567023061196,0.0003463725734036,-6.15,-26.8,-4.706404209136963,-24.962257385253906
-27.43,153.08,5.7802734,1973.0,0.9760105506323683,0.0002331349387532,-0.76,9.2,-3.729879856109619,-15.823463439941406
48.24861111,16.35638889,200.63281,2004.0,0.2802306751992159,3.416639083297923e-05,-7.91,-57.16,-8.072230339050293,-55.276878356933594
5.005255556,-74.138175,2765.0,1999.0,0.29671281927349075,0.0,-13.72,-98.55,-9.268476486206055,-79.4448013305664
51.6,-1.1,55.042969,1996.0,-0.7116566222817751,0.0001497192133683,-11.0,-76.0,-7.542135715484619,-50.836891174316406
-15.6,-56.1,177.79688,1966.0,0.6994583270516471,7.128722791094333e-05,-2.2,-8.1,-4.560835361480713,-23.599952697753906
50.9,14.8,240.94531,2021.0,-0.2884824328806098,0.0,-10.08,-72.7,-11.14089584350586,-80.97953033447266
-46.42,168.32,-0.90939331,2012.0,-0.9634705485641486,4.101703598280437e-05,-7.26,-45.4,-6.866888523101807,-45.181129455566406
47.98,-55.82,119.36328,2006.0,-0.9587178169872964,0.0,-7.46,-49.3,-7.059098720550537,-47.6806640625
39.03,141.81,81.234375,2002.0,0.9510565162951535,0.0,-8.25,-56.3,-6.963534832000732,-46.55998992919922
36.72,3.18,19.595703,2002.0,-0.780295851070776,4.968284429196501e-06,-8.91,-51.5,-3.1985535621643066,-10.851051330566406
46.095,14.597,283.89062,2002.0,0.29671281927349075,3.760614708880894e-05,-4.66,-28.6,-6.866888523101807,-45.181129455566406
52.8911,11.7294,21.530273,2003.0,0.741222010848596,0.0001050919308909,-4.08,-31.4,-6.866888523101807,-45.181129455566406
34.01937778,-6.838286111,18.375977,2002.0,-0.05161966722325418,1.6685473838151663e-06,-1.16,3.99,-2.3603882789611816,-9.782608032226562
47.81666667,13.71777778,1616.0625,2001.0,0.4711595076738638,8.216762216761708e-05,-11.33,-78.3,-10.575632095336914,-76.2449722290039
49.0422,12.1019,370.21875,2009.0,0.9510565162951535,0.0,-10.43,-70.4,-10.434955596923828,-75.06668853759766
-5.22,145.8,2.7424316,1969.0,0.741222010848596,8.436490315943956e-05,-4.83,-25.3,-6.153601169586182,-38.505836486816406
-24.11,-65.19,1321.5625,1986.0,0.29671281927349075,0.0,-0.9,-8.0,-5.270483493804932,-30.241188049316406
50.06166667,19.84861111,356.8125,2021.0,0.29671281927349075,1.166715082945302e-05,-5.66,-38.3,-7.048169136047363,-46.69950866699219
52.1042,8.7519,134.42188,1980.0,-0.970063921851507,7.024110527709126e-05,-6.53,-43.9,-7.614075660705566,-51.75402069091797
-15.85,-47.93,1012.8125,1989.0,0.8880573226294932,0.0,-2.52,-5.1,-4.758566379547119,-25.450416564941406
48.65,-123.43,15.649902,1979.0,-0.9741004551724206,0.0,-9.5,-67.0,-7.237532615661621,-51.875144958496094
38.79273611,-9.105733333,36.355469,2002.0,-0.5524353131676203,8.776261529419571e-05,-0.69,2.3,-3.807516574859619,-16.550025939941406
43.97455,10.27266,661.0,2019.0,0.741222010848596,0.0,-6.54,-45.39,-6.197271823883057,-38.914527893066406
19.2,-96.13,0.0,1982.0,0.29671281927349075,0.0001186249355669,-4.3,-26.4,-4.589949131011963,-23.872413635253906
22.53695556,-83.64950833,67.328125,1983.0,0.29671281927349075,8.510924089932814e-05,-4.08,-25.7,-4.062262058258057,-18.934059143066406
0.065481835,18.31282815,311.70312,2021.0,-0.7176769136759615,0.0,-2.26556914,-5.068208661,-1.6943421363830566,3.2260971069335938
47.8008,11.0108,974.96875,2007.0,-0.680773409477016,6.449397187680006e-05,-7.29,-44.69,-6.816091060638428,-44.70574188232422
-31.75,-60.73,12.836426,2001.0,-0.9587178169872964,0.0,-4.9,-26.0,-3.404776096343994,-12.780982971191406
50.4972,9.9428,920.40625,1981.0,-0.9741004551724206,7.612249464727938e-05,-11.88,-81.1,-8.414329528808594,-58.142250061035156
62.28,-114.27,159.84375,1991.0,0.741222010848596,4.471260399441235e-05,-17.2,-133.1,-21.3540096282959,-166.52291870117188
46.89,7.49,659.34375,2023.0,-0.2135209154397959,3.7236572097754106e-05,-4.11,-30.11,-6.553308963775635,-42.246498107910156
25.46411667,-80.33465278,4.0249023,2005.0,0.04302223300453059,0.0,-2.57,-12.9,-2.4221863746643066,-3.5854263305664062
-5.22,145.8,2.7424316,1974.0,-0.7236440382959123,3.381706483196467e-05,-7.68,-47.2,-5.585882663726807,-33.192848205566406
32.6925,74.84611111,295.85938,2006.0,0.9510565162951535,0.0,-4.1,-28.2,-1.7525696754455566,2.6811752319335938
25.7325,-80.16323611,3.5220947,2003.0,-0.8758917051442433,0.0,-1.45,-1.6,-3.851187229156494,-16.958717346191406
54.6789,13.4342,38.980469,2001.0,-0.9741004551724206,0.0,-6.13,-41.0,-8.27131175994873,-57.88739776611328
53.93,27.63,218.125,1981.0,0.9760105506323683,3.1809253414394334e-05,-9.6,-70.0,-11.342958450317383,-82.6719741821289
41.91595556,13.08333333,499.48438,2001.0,0.9398560579418954,1.4920659850758966e-05,-5.36,-31.56,-6.071718692779541,-37.739540100097656
51.3,3.75,9.4589844,2009.0,0.717676913675962,0.0,-4.72,-31.58,-6.543474197387695,-43.064857482910156
13.07176111,-59.48972222,45.302734,1961.0,-0.7236440382959123,9.101755858864637e-05,-1.8,-14.3,-2.7666993141174316,-6.809547424316406
36.846389,-2.356942,16.541016,2006.0,-0.9741004551724206,5.222007075644797e-06,-4.35,-38.25,-4.780401706695557,-25.654762268066406
20.03333333,110.35,20.03418,1989.0,0.29671281927349075,6.935247802175581e-05,-7.07,-46.5,-6.039572238922119,-37.438697814941406
48.545,13.3528,478.40625,2011.0,0.29671281927349075,7.269420166267082e-05,-6.76,-46.1,-7.277088165283203,-48.61689758300781
9.49,138.09,7.6940918,1969.0,0.2386727660059501,1.7825204849941656e-05,-1.08,1.3,-4.992689609527588,-27.641456604003906
58.1,6.57,0.0,1961.0,-0.9741004551724206,5.875356691831257e-06,-7.3,-52.1,-6.866888523101807,-45.181129455566406
50.9,14.8,240.94531,2018.0,0.9510565162951535,0.0,-15.49,-119.3,-9.74947738647461,-69.32523345947266
43.97455,10.27266,661.0,2019.0,-0.2884824328806098,0.0,-7.23,-50.5,-8.861936569213867,-61.891334533691406
-38.006017,-57.5714306,22.926758,2011.0,-0.2135209154397959,0.000326049659634,-7.67,-45.5,-6.082029819488525,-37.836036682128906
-65.07944444,-63.9775,286.6875,1966.0,0.2386727660059501,1.3659397761027017e-07,-7.0,-58.7,-9.475428581237793,-80.57977294921875
52.1,5.18,1.7967529,1999.0,0.15430882066428117,6.346402369672433e-05,-8.35,-60.3,-7.12154483795166,-47.314090728759766
4.05,114.81,27.053711,2011.0,0.9813064702716093,0.0,-15.699,-113.464,-6.830249786376953,-44.83824920654297
53.32,-60.42,46.541016,1999.0,0.9760105506323683,1.807114495022688e-05,-11.57,-85.4,-14.627115249633789,-110.1795425415039
13.7,-89.12,612.5,1975.0,-0.680773409477016,1.1749096302082762e-05,-6.82,-45.3,-6.2876458168029785,-39.760292053222656
49.0975,19.59,572.9375,2005.0,-0.2884824328806098,0.0,-17.16,-126.68,-12.493947982788086,-92.3124771118164
-19.87086111,-43.96733333,844.875,2018.0,0.2386727660059501,1.8017928596236743e-05,-11.4,-78.2,-5.264418125152588,-30.184425354003906
-18.9,47.53,1259.9375,1974.0,0.29671281927349075,9.985083124774974e-06,-5.71,-31.1,-5.33962869644165,-30.888282775878906
50.3119,11.8758,564.53125,2003.0,-0.9741004551724206,0.0,-8.63,-56.7,-8.73660659790039,-60.841590881347656
82.5,-62.33333333,62.875,1991.0,0.9760105506323683,0.0,-35.4,-277.3,-31.42133140563965,-250.84518432617188
-30.08,-51.18,244.72656,1980.0,-0.7116566222817751,0.0,-4.66,-22.9,-4.502607822418213,-23.055030822753906
42.66,18.08333333,0.0,2002.0,0.9510565162951535,0.0,-2.9,-16.1,-5.7830071449279785,-35.037635803222656
9.0,38.73,2329.125,2003.0,0.9760105506323683,0.0,-1.36,3.5,0.21260976791381836,21.072288513183594
38.56666667,-7.9,267.98438,2014.0,-0.9741004551724206,0.0,-7.02,-41.9,-5.352972507476807,-31.013160705566406
51.18,8.4889,841.375,2005.0,0.6994583270516471,0.0,-13.57,-98.0,-10.189411163330078,-73.01004791259766
4.501352778,-74.29085833,2725.25,1999.0,0.741222010848596,0.0,-13.61,-99.0,-9.110668182373047,-77.1933364868164
-18.9,47.53,1259.9375,1973.0,0.29671281927349075,0.0,-3.04,-4.9,-5.2328782081604,-29.889259338378906
28.58,77.2,222.79688,2007.0,-0.680773409477016,0.0001713164529064,-1.94,-4.2,-5.502180576324463,-32.409523010253906
46.72738634,8.186782163,600.90625,1990.0,-0.9741004551724206,0.0,-11.68,-89.2,-10.227777481079102,-73.3313980102539
47.81666667,13.71777778,1616.0625,2020.0,0.7638886127905428,0.0,-13.802,-102.77,-9.171424865722656,-64.48355865478516
51.35,12.43,125.46484,1990.0,-0.7236440382959123,0.0,-9.6,-71.0,-10.15871810913086,-72.75296783447266
46.095,14.597,283.89062,1992.0,-0.9634705485641486,0.0,-8.0,-54.2,-7.309143543243408,-49.97705078125
46.60305556,13.67138889,2148.125,2018.0,-0.5452404385406507,0.0001112448153435,-5.577,-36.69,-10.381242752075195,-74.6167984008789
-0.743055556,-90.30222222,1.7120972,2013.0,-0.9338372288229252,3.719362894116784e-06,-0.556611416,4.593334217,-1.4905457496643066,5.133323669433594
-41.47,-72.93,43.574219,1964.0,-0.23030567023061196,0.0,-10.7,-67.0,-6.2503437995910645,-39.41120147705078
47.67,-124.48,0.0,1965.0,-0.9587178169872964,0.0001318284776061,-4.29,-34.1,-7.402883052825928,-52.71517562866211
51.35,12.43,125.46484,2010.0,0.741222010848596,0.0,-8.77,-61.0,-7.079182147979736,-46.959266662597656
46.64833333,14.31833333,448.71875,1997.0,-0.2135209154397959,0.0,-7.26,-49.7,-6.741107940673828,-44.00401306152344
-15.55,-69.5,3895.25,2002.0,0.2386727660059501,0.0,-14.05,-96.8,-11.427003860473633,-110.2406997680664
45.03527778,24.28416667,223.875,2014.0,0.29671281927349075,3.747306618606672e-05,-3.52,-26.7,-6.821739196777344,-44.758602142333984
50.06166667,19.84861111,356.8125,2012.0,-0.9634705485641486,0.0002147607883671,-6.21,-39.0,-8.884650230407715,-62.742774963378906
9.966666667,-84.83333333,0.0,1993.0,0.29671281927349075,0.0001021190255414,-9.0,-61.2,-7.098295211791992,-51.337806701660156
46.78,23.61,336.76562,2017.0,0.29671281927349075,2.5756020477274436e-05,-3.89,-24.2,-7.095168113708496,-47.093162536621094
47.8008,11.0108,974.96875,1986.0,0.9510565162951535,0.0,-11.7,-84.6,-12.345598220825195,-91.0699234008789
6.2,100.4,3.8469238,1983.0,0.29671281927349075,0.0002233738778159,-5.9,-38.3,-5.875807285308838,-35.906105041503906
13.73,100.5,5.7392578,2020.0,-0.9634705485641486,9.47799053392373e-05,-8.7,-60.0,-7.50673770904541,-54.309913635253906
46.60305556,13.67138889,2148.125,1979.0,-0.2884824328806098,0.0,-12.97,-92.7,-14.560613632202148,-109.6225357055664
40.67,109.85,1068.9375,1990.0,0.741222010848596,5.677579247276299e-05,0.73,-8.8,-6.866888523101807,-45.181129455566406
-1.43,-48.48,4.737793,1986.0,-0.7236440382959123,3.508797817630693e-05,-0.4,-3.0,-2.3445496559143066,-2.8588638305664062
14.64,121.04,42.933594,2000.0,0.9721181966290613,0.0,-3.64,-17.3,-5.086096286773682,-28.515602111816406
12.69325,-7.995494444,382.5625,2014.0,-0.680773409477016,0.0001656019740039,-5.51,-34.7,-4.830137729644775,-26.120216369628906
-27.43,153.08,5.7802734,2004.0,0.9721181966290613,0.0,-1.72,4.8,-3.205832004547119,-10.919166564941406
38.03333333,114.4166667,86.800781,2000.0,0.2802306751992159,5.424904884421267e-06,-7.2,-56.5,-6.866888523101807,-45.181129455566406
28.46344137,-16.2553441,36.554688,2005.0,-0.7236440382959123,3.4260747270309366e-06,-3.55,-20.44,-2.298452854156494,-2.4274673461914062
41.78,-87.75,186.0,1970.0,-0.2135209154397959,0.0,-3.58,-26.9,-5.186781406402588,-29.457862854003906
46.22030867,7.33848445,481.70312,2017.0,0.9510565162951535,0.0,-12.5,-95.5,-11.227859497070312,-81.70792388916016
14.64,121.04,42.933594,2019.0,0.741222010848596,0.0,-4.57,-24.1,-4.972067356109619,-27.448463439941406
-40.35,-9.88,37.345703,2011.0,0.9510565162951535,1.7836125607573194e-06,-1.8180123,-9.4580864,-4.682142734527588,-24.735206604003906
57.9343266,24.9803513,46.894531,2016.0,0.6994583270516471,0.0,-10.75,-75.4,-13.143617630004883,-97.7540054321289
-33.45,-70.7,507.65625,2017.0,-0.680773409477016,0.0,-7.78,-52.5,-5.362677097320557,-31.103981018066406
-34.05,115.0249,77.78125,2011.0,0.9829265519799822,0.0,-3.52,-9.6,-4.188421726226807,-20.114723205566406
44.73805556,-0.774722222,59.488281,2011.0,0.2386727660059501,4.049313793075271e-05,-4.413547251,-26.53523884,-6.769766807556152,-44.272216796875
46.28916667,-63.11916667,35.291016,2021.0,-0.7236440382959123,7.211156480479985e-05,-10.43,-65.8,-8.890071868896484,-62.126991271972656
46.49143367,9.898180888,1767.6875,2012.0,0.2802306751992159,0.0,-10.94,-80.08,-12.56556510925293,-92.9123306274414
43.49111613,-3.800555816,50.095703,2004.0,0.9721181966290613,1.2241063814144582e-05,-5.25,-31.3,-5.6374382972717285,-33.675331115722656
46.64833333,14.31833333,448.71875,1993.0,0.9760105506323683,7.330912922043353e-05,-10.69,-82.1,-11.307149887084961,-82.3720474243164
17.25,54.08333333,863.25,1989.0,0.008606996888688698,0.0,-0.93,9.9,-1.0829529762268066,8.947776794433594
41.15305556,-96.49277778,352.0625,1993.0,0.9999166586547379,1.92399511433905e-05,-15.0,-104.0,-9.691915512084961,-69.42314910888672
48.951944,14.469722,396.5625,2018.0,0.9510565162951535,7.659212860744447e-05,-14.57,-113.9,-10.570516586303711,-76.2021255493164
-34.93,138.58,24.027344,1973.0,0.741222010848596,0.0,-3.91,-21.0,-4.377661228179932,-21.885719299316406
7.789855,-76.650846,30.420898,2014.0,0.741222010848596,0.0001814754796214,-5.34,-31.2,-6.290467262268066,-40.940834045410156
46.39864119,6.233803787,434.125,2019.0,-0.9741004551724206,3.64133738912642e-05,-6.39,-38.47,-8.69069766998291,-61.768775939941406
-20.299175,57.47873889,391.1875,2021.0,0.9760105506323683,3.5525945349945687e-06,-2.59,-6.1,-3.293173313140869,-11.736549377441406
-34.05,115.0249,77.78125,2012.0,0.39359027665646673,0.0,-8.46,-54.7,-3.6692261695861816,-15.255836486816406
30.62,114.13,25.587891,1997.0,-0.2135209154397959,0.0002491433988325,-9.1,-64.6,-7.446425914764404,-53.449440002441406
4.05,114.81,27.053711,2008.0,0.5808002734538009,9.053439134731887e-05,-2.97,-8.96,-6.0498833656311035,-37.535194396972656
36.98,35.3,22.958008,2015.0,0.9510565162951535,0.0,-4.82,-18.7,-4.44680643081665,-22.532814025878906
35.67805556,-106.3547222,1727.9375,1993.0,-0.5452404385406507,2.1110106899868697e-05,-10.08,-67.2,-7.642779350280762,-56.250831604003906
49.0422,12.1019,370.21875,2005.0,-0.680773409477016,0.0,-7.35,-52.2,-6.468393802642822,-41.451820373535156
52.4672,13.4019,47.5625,1991.0,-0.9741004551724206,2.758990012807772e-05,-6.5,-41.8,-8.194799423217773,-57.812904357910156
40.008,-105.2682583,1647.3125,2009.0,0.29671281927349075,0.0,-7.38,-56.56,-8.076705932617188,-55.314369201660156
39.95,32.88,920.125,2003.0,0.2386727660059501,1.676846295595169e-05,-12.97,-95.2,-10.833965301513672,-78.40872955322266
52.2914,10.4464,80.6875,2009.0,0.9510565162951535,1.711645927571226e-05,-8.74,-60.55,-8.826128005981445,-61.591407775878906
4.466666667,101.3833333,1451.4375,2002.0,0.6994583270516471,4.302114393794909e-05,-7.59,-36.0,-6.344357013702393,-40.29102325439453
-33.11011944,-64.24918333,408.09375,2009.0,-0.9587178169872964,0.0,-5.8,-28.0,-4.215109348297119,-20.364479064941406
35.74,51.58,1484.125,2002.0,0.741222010848596,0.0,-0.89,18.9,-2.4901185035705566,-4.221168518066406
49.0422,12.1019,370.21875,1996.0,-0.23030567023061196,1.8540800738264807e-05,-7.88,-60.5,-6.826752662658691,-44.67285919189453
37.75,30.55,1113.25,1990.0,0.9510565162951535,0.0,-10.65,-83.3,-6.351318836212158,-40.26231384277344
50.3381,7.6,86.441406,1991.0,0.741222010848596,1.9814273400697857e-05,-5.12,-39.0,-6.866888523101807,-45.181129455566406
-40.68,144.69,82.167969,1980.0,0.2802306751992159,0.0,-6.39,-40.7,-4.898069858551025,-26.755958557128906
-1.43,-48.48,4.737793,1990.0,0.8406184056344782,0.0001301913871429,-2.62,-4.8,-4.964788913726807,-27.380348205566406
74.72,-94.98,67.636719,1989.0,0.2386727660059501,0.0,-36.03,-302.3,-35.16588592529297,-282.2089538574219
63.52,-116.0,238.64844,2001.0,0.6994583270516471,0.0,-29.39,-228.0,-25.978429794311523,-205.25631713867188
7.102222222,-73.06944444,1429.5,2005.0,-0.2135209154397959,0.0,-6.86,-45.13,-6.5373358726501465,-45.716346740722656
53.8713,8.7058,4.7202148,2008.0,-0.6932812268869771,0.0,-8.4,-55.85,-6.6855340003967285,-43.483924865722656
37.53,121.4,27.091797,1991.0,0.9510565162951535,1.5166655430221e-05,-8.1,-52.7,-6.155420780181885,-38.522865295410156
46.60305556,13.67138889,2148.125,2017.0,-0.27195815753410524,0.0,-7.805,-46.27,-13.916059494018555,-104.2238540649414
44.18900278,10.47625833,1371.25,1995.0,-0.2884824328806098,0.0,-10.44,-73.4,-10.238008499145508,-73.4170913696289
-4.37,15.25,422.4375,1962.0,0.9760105506323683,6.252872117329389e-05,-4.9,-27.3,-4.285467624664307,-21.022926330566406
36.15,-5.35,1.5737915,2006.0,-0.2884824328806098,3.1684663554187864e-05,-5.39,-24.64,-5.037573337554932,-28.061500549316406
47.7,27.88333333,177.36719,2021.0,0.6994583270516471,0.0,-16.02,-122.6,-12.151208877563477,-89.4417495727539
52.8911,11.7294,21.530273,2000.0,-0.6932812268869771,0.0,-5.61,-39.7,-6.852087497711182,-45.19462585449219
46.48,30.63,60.207031,1982.0,-0.2135209154397959,6.160936209198553e-06,-6.4,-46.0,-6.536022663116455,-42.08472442626953
32.36666667,35.75,818.96875,2000.0,0.9562348265919056,0.0,-6.51,-27.6,-4.673651218414307,-24.655738830566406
51.93,-10.25,33.068359,1964.0,-0.27195815753410524,5.805634282296524e-05,-5.3,-32.9,-6.066866397857666,-37.694129943847656
-37.43333333,-65.16666667,308.89062,2000.0,-0.23030567023061196,0.0,-7.4,-70.0,-5.8654961585998535,-35.809608459472656
4.7,-74.13,2551.125,2004.0,-0.27195815753410524,0.000108839427412,-4.26,-21.2,-7.860899448394775,-59.362770080566406
46.17378583,8.788556051,407.5,2007.0,0.29671281927349075,1.9985202015959654e-05,-5.06,-31.4,-7.035860061645508,-46.59640884399414
46.29,-64.15,0.0,2003.0,0.2386727660059501,0.0,-17.9,-126.1,-13.805704116821289,-102.20584869384766
4.05,114.81,27.053711,2010.0,-0.8214765533024145,0.0001765574270393,-10.42,-70.79,-8.13661003112793,-63.296363830566406
41.38333333,12.91666667,0.0,2001.0,-0.5667017562911184,8.52009452501079e-06,-2.9,1.36,-4.845907688140869,-26.267799377441406
12.13,15.03,294.5,2021.0,-0.9741004551724206,0.0,-1.65,-5.1,-2.220816135406494,-1.7009048461914062
76.76666667,-18.66666667,0.0,2011.0,0.6994583270516471,0.0,-15.38,-105.2,-18.42793846130371,-142.01461791992188
47.6772,9.19,442.90625,1998.0,-0.2884824328806098,7.68722929933574e-06,-10.11,-68.6,-12.355829238891602,-91.1556167602539
50.3119,11.8758,564.53125,1985.0,-0.7236440382959123,0.0,-13.8,-97.7,-10.468206405639648,-75.3451919555664
46.17378583,8.788556051,407.5,2007.0,0.6994583270516471,7.800223102094606e-05,-9.38,-67.4,-11.639657974243164,-85.1570816040039
17.46,106.62,2.4233398,2015.0,-0.2135209154397959,4.433550566318445e-05,-4.56,-34.4,-6.882481575012207,-47.371559143066406
47.6772,9.19,442.90625,1987.0,-0.680773409477016,0.0,-5.71,-41.2,-6.814309120178223,-44.68906784057617
47.37233597,8.083138245,397.48438,2014.0,-0.7236440382959123,0.0,-20.8,-157.6,-10.984872817993164,-79.6727066040039
1.685556,33.616389,1096.9375,2020.0,-0.9634705485641486,9.295257041230798e-05,-2.2,-4.1,-1.9078431129455566,1.2280502319335938
33.96666667,35.66666667,506.5,2002.0,-0.0859647987374467,0.0,-1.03,-9.5,-4.791319370269775,-25.756935119628906
-22.71,-46.46583333,1095.0625,1997.0,0.4482293417404106,0.0001494560419814,-15.1,-106.3,-4.71853494644165,-25.075782775878906
-35.15833333,147.4572222,211.74219,2007.0,-0.9587178169872964,0.0,-3.23,-17.3,-3.395071506500244,-12.690162658691406
34.91313571,33.40214238,333.67188,2019.0,0.9760105506323683,0.0,-4.69,-20.1,-4.612997531890869,-24.088111877441406
49.0975,19.59,572.9375,2020.0,0.9562348265919056,1.4350771380122753e-05,-8.67,-66.0,-10.79815673828125,-78.10880279541016
-27.47,-58.83,60.339844,1981.0,-0.9587178169872964,0.000130308442749,-1.0,2.1,-3.5285096168518066,-13.938941955566406
51.18,8.4889,841.375,2004.0,0.9562348265919056,0.0,-7.31,-45.9,-9.326169967651367,-65.77967071533203
1.685556,33.616389,1096.9375,2019.0,0.741222010848596,0.0,-4.04,-20.3,-2.017019748687744,0.20632171630859375
38.28,21.79,113.0625,2001.0,0.9510565162951535,0.0,-8.04,-49.4,-5.192846775054932,-29.514625549316406
37.90111111,40.20361111,674.46875,2011.0,0.741222010848596,5.448087449622108e-06,-4.963066228,-16.84984654,-4.58267068862915,-23.804298400878906
51.18,8.4889,841.375,2005.0,-0.7236440382959123,2.7096379199065268e-05,-10.27,-66.7,-10.043619155883789,-71.7889175415039
-0.166666667,-78.48333333,2781.625,2012.0,-0.970063921851507,0.0,-7.57,-47.41,-7.780181407928467,-58.211158752441406
52.93,4.78,0.63311768,1985.0,0.741222010848596,4.316672129789367e-05,-5.34,-32.7,-6.866888523101807,-45.181129455566406
-30.92,-62.67,73.972656,1996.0,-0.6932812268869771,0.0,-3.4,-17.0,-3.676504611968994,-15.323951721191406
44.23,-79.77,234.99219,1998.0,0.9510565162951535,0.0,-14.92,-108.5,-10.542381286621094,-75.96646881103516
-2.77,-171.72,2.7612305,1964.0,-0.23030567023061196,4.463676305022091e-05,-1.1,4.4,-3.3877930641174316,-12.622047424316406
52.1,5.18,1.7967529,1989.0,0.9510565162951535,2.1746125639765523e-05,-9.87,-66.9,-7.743651390075684,-53.549949645996094
39.48056611,-0.366386255,14.827637,2001.0,0.741222010848596,0.0,-1.4,-11.4,-4.500181674957275,-23.032325744628906
56.9,35.9,136.57812,1986.0,0.741222010848596,5.644065367960138e-06,-7.0,-55.0,-9.680418014526367,-68.7468032836914
0.31524,9.44157,0.0,2019.0,-0.2135209154397959,2.9379839361354243e-06,-2.84,-10.3,-1.7962403297424316,2.2724838256835938
43.365884,-8.421399,56.794922,2014.0,-0.2884824328806098,4.800918395631015e-05,-6.35,-40.7,-5.668371677398682,-33.964820861816406
6.99,125.24,1928.125,1998.0,0.29671281927349075,0.0,-11.53,-80.0,-7.306303024291992,-51.450294494628906
0.104722222,-79.28333333,243.28906,1993.0,-0.2884824328806098,0.0,-3.35,-14.8,-2.793386936187744,-7.059303283691406
52.88333333,-1.083333333,60.794922,1991.0,-0.2884824328806098,0.0,-4.3,-29.0,-8.09716796875,-55.485755920410156
45.12083333,14.52611111,20.811523,2001.0,0.6994583270516471,2.1129953893250782e-05,-5.87,-33.3,-7.707887172698975,-52.26744079589844
35.68,139.77,22.099609,1978.0,-0.680773409477016,9.205806418322028e-05,-5.72,-37.5,-6.980426788330078,-46.800987243652344
4.05,114.81,27.053711,2010.0,-0.7961828637826154,0.0002297452010679,-10.68,-72.25,-8.118471145629883,-63.037574768066406
26.27,50.62,2.3325195,1964.0,0.6994583270516471,0.0,1.5,16.8,-0.8743042945861816,10.900413513183594
-0.121944444,-67.14916667,97.964844,1975.0,0.2386727660059501,0.0001222859864355,-2.8,-13.0,-4.001608371734619,-18.366432189941406
46.60305556,13.67138889,2148.125,2002.0,0.6680638642135335,0.0,-6.66,-39.8,-9.959213256835938,-71.08194732666016
31.83410278,47.14969722,10.561035,2023.0,-0.661634618242279,0.0,-3.26,-14.12,-4.375235080718994,-21.863014221191406
-38.47,-62.16,195.67188,1986.0,-0.9741004551724206,1.5630028428859077e-05,-4.1,-32.0,-4.331564426422119,-21.454322814941406
5.383333333,103.1,10.330566,2017.0,-0.9741004551724206,9.430073259864002e-05,-7.95,-50.7,-6.331377029418945,-42.316444396972656
-33.97,18.6,41.798828,2010.0,-0.9741004551724206,2.158079587388784e-05,-1.795074829,-5.657117013,-3.006887912750244,-9.057350158691406
47.81666667,13.71777778,1616.0625,2019.0,-0.7055836101071774,2.2044927391107198e-05,-7.719,-51.41,-10.79815673828125,-78.10880279541016
-34.93,138.58,24.027344,1975.0,0.9510565162951535,0.0,-5.36,-26.4,-4.463789463043213,-22.691749572753906
28.46344137,-16.2553441,36.554688,2019.0,-0.7236440382959123,0.0,0.3,12.6,-2.550772190093994,-4.788795471191406
44.13333333,6.333333333,881.625,2001.0,0.8631421280499114,0.0001616365916561,-4.91,-27.2,-8.067754745483398,-55.23938751220703
40.40725278,-3.686133333,653.5,2002.0,-0.6486295610349818,0.0,-5.37,-33.9,-5.746614933013916,-34.697059631347656
19.31396667,-99.3094,2965.0,2011.0,-0.9455963874271428,1.6110659998958e-05,-10.64,-69.1,-7.736194610595703,-57.583595275878906
46.48,30.63,60.207031,1982.0,0.9760105506323683,0.0,-8.7,-61.0,-9.26478385925293,-65.26551055908203
-33.97,18.6,41.798828,1998.0,0.9510565162951535,0.0,-1.67,1.0,-3.327139377593994,-12.054420471191406
68.75944444,161.3425,38.8125,2007.0,0.29671281927349075,0.0,-15.94,-122.87,-19.870512008666992,-154.09738159179688
36.15,-5.35,1.5737915,1961.0,-0.7236440382959123,0.0,-6.3,-36.6,-5.016951084136963,-27.868507385253906
47.12,9.49,459.84375,2019.0,0.9760105506323683,2.2117981643532403e-05,-13.38,-96.29,-10.839080810546875,-78.45157623291016
-37.82,144.97,6.1674805,2013.0,-0.2135209154397959,0.0,-5.04,-25.8,-4.855612277984619,-26.358619689941406
41.733333,43.516667,0.0,2013.0,-0.2135209154397959,0.0,-4.97,-22.7,-4.818006992340088,-26.006690979003906
-7.66,-72.65,174.50781,1989.0,0.741222010848596,0.0,-10.21,-67.1,-6.866888523101807,-45.181129455566406
6.2,100.4,3.8469238,1994.0,0.9760105506323683,0.0002023767301579,-6.28,-38.5,-5.39785623550415,-31.433204650878906
25.07,110.08,385.5,1988.0,-0.6932812268869771,0.0,-11.34,-74.1,-8.385112762451172,-66.8417739868164
46.96666667,28.9,90.308594,2010.0,0.741222010848596,4.848026583204046e-05,-6.59944,-46.3626,-7.64124870300293,-51.66704559326172
47.37233597,8.083138245,397.48438,2023.0,0.9760105506323683,1.2518384210125078e-05,-8.11,-58.12,-10.304510116577148,-73.9740982055664
42.66,18.08333333,0.0,2002.0,0.741222010848596,0.0,-4.1,-21.3,-5.200125217437744,-29.582740783691406
12.13,15.03,294.5,2019.0,0.29671281927349075,0.0,-3.7,-20.3,-1.5584778785705566,4.497581481933594
40.37,-81.8,372.875,1966.0,0.9510565162951535,0.0,-6.81,-41.6,-6.866888523101807,-45.181129455566406
-2.433333333,-54.71666667,57.433594,1972.0,-0.7116566222817751,0.0,-1.2,-1.0,-3.273764133453369,-11.554908752441406
78.91666667,11.93333333,38.650391,2012.0,0.2386727660059501,0.0,-10.47,-80.9,-12.207479476928711,-89.9130630493164
-20.901,55.484,83.28125,2021.0,0.9760105506323683,1.953076025529299e-05,-3.33,-14.0,-3.288321018218994,-11.691139221191406
50.92,5.78,111.17188,2008.0,0.9992500112396835,0.0,-7.22,-47.98,-7.794713973999023,-52.95244598388672
-20.299175,57.47873889,391.1875,2020.0,-0.9634705485641486,7.47476879041642e-05,-1.45,-0.8,-1.6070008277893066,4.043479919433594
46.17378583,8.788556051,407.5,1983.0,0.9510565162951535,0.0,-11.37,-79.3,-10.60120964050293,-76.4592056274414
41.78,-87.75,186.0,1963.0,0.9510565162951535,0.0002096490788972,-5.9,-52.1,-6.866888523101807,-45.181129455566406
-34.05,115.0249,77.78125,2009.0,0.6420547132365637,1.2024978786939757e-05,-3.67,-18.4,-4.198126316070557,-20.205543518066406
10.00036389,-84.10913333,1157.3125,2014.0,-0.9368813462954315,0.0002052369673037,-6.187546575,-40.70609486,-6.614343166351318,-47.416419982910156
47.47051111,21.49041944,105.30859,2005.0,0.7354170229639855,0.0,-18.7,-139.2,-7.7915167808532715,-52.92566680908203
7.789855,-76.650846,30.420898,2015.0,-0.680773409477016,8.978418918559328e-05,-4.57,-27.3,-6.207582950592041,-39.011024475097656
-1.61374,29.25533,1773.0625,2015.0,0.9760105506323683,7.384063064819202e-05,-4.604,-18.47,-2.764273166656494,-6.786842346191406
49.5971,11.0055,285.1875,2016.0,0.9562348265919056,0.0,-12.15,-91.16,-9.47323989868164,-67.01151275634766
22.31666667,114.1666667,34.056641,1993.0,0.29671281927349075,0.0,-6.36,-41.8,-6.496901035308838,-41.718605041503906
-1.68218,29.22716,1527.1875,2019.0,-0.9741004551724206,0.0,-0.54,-3.0,-2.3057312965393066,-2.4955825805664062
-27.17,-109.43,140.28906,2016.0,-0.27195815753410524,0.0001612473133718,-3.34,-14.6,-3.1791443824768066,-10.669410705566406
47.81666667,13.71777778,1616.0625,2022.0,0.8165380514459161,8.092267671599984e-05,-6.06,-36.22,-9.228975296020508,-64.96558380126953
32.2361,-110.9439,753.21875,2004.0,-0.9634705485641486,0.0,-5.077464789,-32.8028169,-7.123100280761719,-48.836524963378906
-34.93,138.58,24.027344,1965.0,0.9510565162951535,0.0,-4.2,-14.3,-4.463789463043213,-22.691749572753906
-37.82,144.97,6.1674805,1986.0,-0.2884824328806098,5.5338183301500976e-05,-4.37,-20.8,-4.885939121246338,-26.642433166503906
44.42,8.85,5.4519043,1978.0,0.741222010848596,0.0,-4.55,-30.1,-5.086096286773682,-28.515602111816406
4.05,114.81,27.053711,2010.0,0.717676913675962,0.0,-10.54,-75.8,-6.209402561187744,-39.028053283691406
-0.743055556,-90.30222222,1.7120972,2015.0,0.3536761221763716,0.0,-0.904561901,1.291755352,-1.9078431129455566,1.2280502319335938
49.0392,8.365,112.44141,1985.0,0.9760105506323683,0.0,-7.79,-55.3,-9.009008407592773,-63.12317657470703
51.35,12.43,125.46484,1990.0,-0.9587178169872964,0.0,-6.8,-46.0,-7.225858211517334,-49.34538650512695
45.32,-75.67,112.08594,1989.0,-0.9587178169872964,0.0,-7.61,-45.9,-8.288999557495117,-57.092506408691406
-35.07,173.28,71.449219,1973.0,0.2386727660059501,2.6234611141262576e-06,-2.63,-13.0,-4.855612277984619,-26.358619689941406
34.57,69.21333333,1788.0,1985.0,0.2386727660059501,0.0,-13.58,-97.5,-7.313216686248779,-48.91950225830078
-0.166666667,-78.48333333,2781.625,1997.0,-0.8674563547295971,2.6801675630849783e-05,-14.18,-101.4,-7.2174224853515625,-50.182228088378906
37.90111111,40.20361111,674.46875,2019.0,-0.9741004551724206,0.0,-4.66,-28.1,-3.613424777984619,-14.733619689941406
37.97,23.72,100.17578,2013.0,0.6994583270516471,0.0,-6.12,-35.73,-5.35903787612915,-31.069923400878906
-2.53,140.72,68.566406,1969.0,-0.9741004551724206,0.0,-7.77,-52.9,-5.187994480133057,-29.469215393066406
52.4672,13.4019,47.5625,1988.0,0.7295575540864875,1.7742217096383683e-05,-7.01,-55.5,-7.595848560333252,-51.286781311035156
31.62,25.95,0.0,1997.0,0.2386727660059501,4.1578987293178216e-06,-5.03,-20.7,-3.8730225563049316,-17.163063049316406
-34.38,-58.28,0.0,1998.0,-0.9587178169872964,0.0,-2.4,-2.0,-3.210684299468994,-10.964576721191406
-0.13,-67.08,58.835938,1975.0,-0.7236440382959123,8.33173471619375e-05,0.07,5.8,-3.1597352027893066,-10.487770080566406
64.13,-21.93,12.141602,2017.0,-0.2135209154397959,2.935696784334141e-06,-9.0,-64.9,-8.095890045166016,-55.47504425048828
4.7,-74.13,2551.125,2011.0,-0.2884824328806098,0.0,-14.60267754,-103.6573942,-7.706718921661377,-57.163063049316406
43.49111613,-3.800555816,50.095703,2017.0,-0.2135209154397959,5.323054665495874e-06,-2.72,-12.1,-3.5188050270080566,-13.848121643066406
51.35,12.43,125.46484,2008.0,0.6994583270516471,3.688175274874084e-05,-9.11,-69.8,-10.140813827514648,-72.6030044555664
-34.23583333,142.0866667,49.828125,2009.0,-0.7236440382959123,0.0,-3.57,-14.0,-3.307730197906494,-11.872779846191406
52.4672,13.4019,47.5625,1983.0,0.6994583270516471,3.1344530725618824e-05,-10.27,-68.9,-10.780252456665039,-77.9588394165039
52.4672,13.4019,47.5625,1986.0,0.9510565162951535,0.0,-9.79,-71.4,-9.062721252441406,-63.57306671142578
48.24861111,16.35638889,200.63281,2010.0,0.741222010848596,0.0,-7.94,-58.8,-7.292754650115967,-48.74811553955078
-34.05,115.0249,77.78125,2012.0,0.6807734094770161,0.0,-3.0,-1.9,-4.101080417633057,-19.297340393066406
46.49143367,9.898180888,1767.6875,2014.0,-0.9587178169872964,0.000184215925401,-9.07,-63.6,-10.266143798828125,-73.65274810791016
47.81666667,13.71777778,1616.0625,2021.0,-0.5452404385406507,0.0,-9.791,-63.34,-11.084625244140625,-80.50821685791016
4.399,117.887,264.3125,2008.0,0.7295575540864875,5.256244912743568e-05,-6.66,-38.87,-7.243950843811035,-50.560707092285156
-8.77,-63.92,52.0,1965.0,-0.9587178169872964,4.05069331463892e-05,1.5,18.7,-2.856466770172119,-7.649635314941406
-0.743055556,-90.30222222,1.7120972,2015.0,-0.4093559588156211,3.54761914422852e-06,-0.649792135,1.953605325,-1.6991944313049316,3.1806869506835938
51.83,6.25,9.5,2001.0,0.9510565162951535,3.306686630821787e-05,-11.34,-83.0,-7.754635334014893,-53.642616271972656
43.91281944,4.888775,30.959961,2006.0,0.9510565162951535,6.276104249991477e-05,-2.71,-22.3,-5.870954990386963,-35.860694885253906
43.933,-60.007,2.6035156,2018.0,-0.23030567023061196,0.0,-6.1,-39.2,-5.701124668121338,-34.271339416503906
30.79,34.78,562.53125,1977.0,-0.154308820664281,0.0,-4.29,-28.0,-4.976919651031494,-27.493873596191406
37.01,-7.96,0.0,1993.0,0.741222010848596,0.0,-5.08,-28.2,-3.933676242828369,-17.730690002441406
-37.82,144.97,6.1674805,2012.0,0.7295575540864875,0.0,-8.92,-57.6,-5.127340793609619,-28.901588439941406
52.4672,13.4019,47.5625,2007.0,-0.9587178169872964,0.0,-8.55,-57.95,-7.387236595153809,-50.393699645996094
51.3744,11.2919,162.88281,2005.0,-0.2135209154397959,0.0,-4.66,-34.0,-6.501753330230713,-41.764015197753906
-33.95833333,18.46111111,109.49609,1996.0,-0.9634705485641486,1.6289333188979072e-06,-2.98,-11.0,-3.069967746734619,-9.647682189941406
-13.0,28.65,1260.6875,1989.0,0.2386727660059501,0.0001665028103161,-9.26,-63.8,-5.139471530914307,-29.015113830566406
42.66,18.08333333,0.0,2002.0,-0.680773409477016,0.0,-5.0,-27.7,-4.75735330581665,-25.439064025878906
-0.13,-67.08,58.835938,1966.0,-0.9741004551724206,0.0,-2.0,-5.9,-2.594442844390869,-5.197486877441406
-24.78,-65.4,1227.625,1983.0,0.6994583270516471,0.0,-5.2,-31.0,-5.505819797515869,-32.443580627441406
22.71666667,89.08333333,11.063965,2015.0,0.29671281927349075,0.0,-6.48,-43.6,-4.360678195953369,-21.726783752441406
48.545,13.3528,478.40625,2000.0,-0.6932812268869771,7.151189493015409e-05,-6.52,-42.0,-6.552399158477783,-42.23798370361328
17.46,106.62,2.4233398,2016.0,-0.7116566222817751,0.0,-3.65,-13.7,-5.071539402008057,-28.379371643066406
15.6,32.55,385.92188,1962.0,-0.9587178169872964,0.0,-4.0,-23.0,-0.8888611793518066,10.764183044433594
39.91055556,41.27555556,1890.5625,2014.0,0.6994583270516471,0.0,-11.32,-79.8,-13.143617630004883,-97.7540054321289
66.49686111,25.75518056,108.88672,2008.0,-0.27195815753410524,6.834825035184622e-05,-13.17,-93.4,-16.80632209777832,-128.43222045898438
-12.43,130.87,16.515625,1963.0,-0.9741004551724206,9.06157038116362e-06,-0.6,8.7,-2.5337891578674316,-4.629859924316406
-38.006017,-57.5714306,22.926758,2012.0,-0.7116566222817751,2.1975622075842693e-05,-2.53,-6.4,-4.982985019683838,-27.550636291503906
45.80666667,15.97,120.36328,1989.0,-0.680773409477016,0.0,-6.54,-43.0,-6.427149295806885,-41.065834045410156
53.32,-60.42,46.541016,2005.0,-0.9587178169872964,1.513984170742333e-05,-14.1,-102.4,-10.908140182495117,-79.0300064086914
36.62,127.46,80.589844,2008.0,-0.970063921851507,0.0,-5.37,-29.35,-7.031725883483887,-47.532875061035156
-34.38,-58.28,0.0,1979.0,0.29671281927349075,0.0,-6.0,-36.4,-4.993902683258057,-27.652809143066406
6.166666667,102.2833333,3.2288818,2021.0,-0.7236440382959123,5.5124004575191066e-05,-7.78,-49.9,-6.6556620597839355,-43.204368591308594
52.4672,13.4019,47.5625,1987.0,-0.680773409477016,0.0,-6.61,-44.6,-7.193801403045654,-47.9193000793457
44.09,11.08,1145.625,1975.0,-0.9587178169872964,0.0,-9.25,-56.4,-6.868588924407959,-46.14917755126953
25.7325,-80.16323611,3.5220947,2003.0,-0.9995462806873573,9.98059258563444e-05,-3.04,-33.9,-4.450445652008057,-22.566871643066406
54.5283,11.0603,1.9006348,2002.0,-0.2135209154397959,4.657733370549977e-05,-6.93,-46.9,-6.482344150543213,-41.582374572753906
-7.315277778,72.42805556,2.3126221,1997.0,0.741222010848596,0.0002396924828644,-8.15,-54.1,-4.617849826812744,-24.133522033691406
47.47051111,21.49041944,105.30859,2008.0,0.9829265519799822,1.3901788406656124e-05,-9.59,-67.27,-9.580665588378906,-67.91129302978516
46.64833333,14.31833333,448.71875,1985.0,-0.9587178169872964,4.960934165865183e-05,-6.41,-39.4,-7.937948226928711,-54.15215301513672
50.06166667,19.84861111,356.8125,1998.0,0.29671281927349075,0.0001065653123077,-6.5,-45.6,-7.154955863952637,-47.59393310546875
13.7,-89.12,612.5,1970.0,-0.9741004551724206,0.0002716245653573,-7.26,-42.8,-6.629123210906982,-45.319923400878906
51.83,6.25,9.5,2008.0,-0.6932812268869771,0.0,-6.07,-40.1,-6.309177875518799,-39.96179962158203
52.1,5.18,1.7967529,1988.0,-0.23030567023061196,0.0,-5.66,-31.1,-6.340717792510986,-40.25696563720703
-31.95,115.97,20.375,1962.0,-0.2135209154397959,4.95542844873853e-05,-4.3,-18.0,-3.2955994606018066,-11.759254455566406
-75.58333333,-20.56666667,105.53516,2010.0,0.9760105506323683,0.0,-22.47,-173.2,-18.83504295349121,-151.49948120117188
2.883333333,101.7833306,55.289062,2005.0,0.9510565162951535,0.0,-5.16,-23.51,-5.340841770172119,-30.899635314941406
37.01,-7.96,0.0,1987.0,-0.2884824328806098,0.0,-5.88,-35.0,-5.322645664215088,-30.729347229003906
47.07777778,15.44888889,370.03125,1988.0,-0.23030567023061196,4.540058580460027e-05,-5.06,-34.0,-6.736179828643799,-43.95789337158203
41.05916667,-100.7463889,918.34375,1995.0,-0.19667288979357622,0.0,-7.0,-52.0,-6.866888523101807,-45.181129455566406
50.8325,15.14777778,828.84375,2006.0,-0.2884824328806098,0.0,-11.6,-80.3,-10.918371200561523,-79.1156997680664
41.66056063,-1.004162565,244.98438,2005.0,0.9760105506323683,0.0,-4.23,-30.06,-6.406527042388916,-40.872840881347656
51.93,-10.25,33.068359,1961.0,0.9510565162951535,1.0593162187433336e-05,-2.8,-10.6,-6.564924716949463,-44.100318908691406
-40.68,144.69,82.167969,2013.0,-0.2884824328806098,0.0,-3.44,-16.2,-4.025869846343994,-18.593482971191406
-40.68,144.69,82.167969,2009.0,0.9510565162951535,0.0,-3.09,-15.8,-4.697912693023682,-24.882789611816406
41.02444444,40.52,10.936523,2013.0,-0.7236440382959123,0.0,-8.61,-51.21,-8.416887283325195,-58.163673400878906
40.41666667,-7.55,1295.4375,1995.0,-0.9741004551724206,0.0002467967569828,-6.04,-34.6,-6.19909143447876,-38.931556701660156
51.3,3.75,9.4589844,2000.0,0.9562348265919056,5.333192530088127e-05,-6.02,-39.3,-7.198160648345947,-48.6671028137207
36.83,10.23,0.0,1995.0,-0.9741004551724206,0.0,-3.23,-17.9,-4.067114353179932,-18.979469299316406
18.29888889,-65.695,59.626953,2006.0,0.9562348265919056,2.6554700525593944e-05,-1.06,6.7,-2.1116394996643066,-0.6791763305664062
2.883333333,101.7833306,55.289062,2015.0,0.9760105506323683,0.0001514057366875,-5.17,-33.1,-5.39785623550415,-31.433204650878906
10.30944444,-84.8075,1486.125,2004.0,-0.3294084822245302,0.0001046866818796,-8.9,-64.0,-5.88730525970459,-37.588539123535156
-16.49888889,-68.12305556,3582.75,2001.0,-0.2135209154397959,0.0,-9.41,-59.7,-9.4407958984375,-81.9032974243164
0.05,32.45,1135.4375,1973.0,-0.2884824328806098,0.0,1.27,22.8,-4.304876804351807,-21.204566955566406
-3.12,-60.02,49.394531,1989.0,-0.7236440382959123,0.0002187982026953,-9.32,-56.2,-3.904562473297119,-17.458229064941406
47.8008,11.0108,974.96875,2002.0,-0.9587178169872964,3.6442303098738194e-05,-13.46,-93.39,-8.647085189819336,-60.091773986816406
48.545,13.3528,478.40625,2010.0,-0.680773409477016,9.079657320398836e-05,-8.52,-58.0,-6.437157154083252,-41.15949249267578
47.81666667,13.71777778,1616.0625,2002.0,0.09453674981719912,3.22745181620121e-05,-6.16,-40.0,-11.27389907836914,-82.09354400634766
48.8281,9.2,313.79688,1989.0,0.741222010848596,5.039616735302843e-05,-4.5,-25.5,-6.95113468170166,-45.88676071166992
42.85,-80.27,228.9375,1978.0,0.6994583270516471,1.0828394806594588e-05,-24.8,-192.0,-12.836687088012695,-95.1832046508789
6.116666667,81.13333333,0.0,1984.0,0.9562348265919056,0.0,-7.06,-44.8,-4.420118808746338,-22.283058166503906
47.6772,9.19,442.90625,1996.0,-0.7116566222817751,0.0,-15.1,-112.2,-12.054014205932617,-88.6276626586914
62.08,129.75,94.992188,1978.0,-0.2884824328806098,0.0,-33.6,-250.0,-36.700538635253906,-295.0629577636719
46.39864119,6.233803787,434.125,2018.0,-0.9587178169872964,0.0,-2.65,-13.3,-7.3515801429748535,-50.25556182861328
-33.97,18.6,41.798828,1972.0,-0.23030567023061196,5.335020887287101e-06,-2.92,-7.5,-3.1015076637268066,-9.942848205566406
50.3119,11.8758,564.53125,2010.0,-0.2884824328806098,5.983662413200364e-05,-13.57,-109.22,-11.09229850769043,-80.5724868774414
37.6045,108.7969333,1334.5,2003.0,0.29671281927349075,1.0766460036393257e-05,-2.5,-24.0,-6.241549015045166,-39.328895568847656
-20.901,55.484,83.28125,2014.0,-0.9587178169872964,3.581384817152866e-06,-1.29,-0.7,-1.6070008277893066,4.043479919433594
37.90111111,40.20361111,674.46875,2009.0,-0.7236440382959123,0.0001916299952426,-9.22,-65.17,-5.332350254058838,-30.820167541503906
46.98141401,6.607999655,1046.0625,2006.0,0.741222010848596,8.779040945228189e-05,-8.96,-60.2970581,-9.255830764770508,-65.1905288696289
9.0,38.73,2329.125,1985.0,-0.9587178169872964,0.0,0.16,17.2,-0.8403382301330566,11.218284606933594
7.47,151.85,0.0,1973.0,0.29671281927349075,0.0001708978816168,-3.67,-22.2,-5.6422905921936035,-33.720741271972656
4.365694444,18.58725,381.14062,2011.0,-0.2135209154397959,0.0,-0.757873901,10.04201581,-1.2091126441955566,7.767112731933594
-34.38,-58.28,0.0,1999.0,-0.2135209154397959,6.370327901095152e-05,-4.1,-19.0,-4.649389743804932,-24.428688049316406
25.62,88.66,39.710938,2017.0,-0.680773409477016,0.0002299058396602,-6.78,-44.1,-6.26914644241333,-39.58716583251953
-34.05,115.0249,77.78125,2009.0,-0.16280701293851646,1.7428347973691416e-06,-2.94,-5.0,-3.395071506500244,-12.690162658691406
-27.17,-109.43,140.28906,2016.0,-0.6932812268869771,3.573757931008004e-05,-0.64,2.1,-3.1888489723205566,-10.760231018066406
-51.7,-57.87,50.568359,1973.0,0.9760105506323683,3.455328987911344e-05,-9.82,-67.9,-7.334004878997803,-54.614356994628906
53.8713,8.7058,4.7202148,1987.0,-0.2884824328806098,2.903630957007408e-05,-6.61,-47.4,-9.056325912475586,-63.519508361816406
4.466666667,101.3833333,1451.4375,2020.0,0.6994583270516471,0.0,-5.58,-31.8,-6.60007381439209,-44.711952209472656
48.18427778,16.389575,201.11719,2001.0,-0.888057322629493,0.0,-5.53,-36.4,-7.598944664001465,-53.59686279296875
9.49,138.09,7.6940918,1973.0,-0.2884824328806098,7.277432450791821e-05,-4.32,-24.0,-4.957510471343994,-27.312232971191406
38.05011111,23.8675,438.375,2003.0,0.7694148268839378,0.0,-10.08,-61.1,-5.412413120269775,-31.569435119628906
-26.61361111,118.5372222,517.78125,2008.0,0.9721181966290613,0.0,-2.4,-14.6,-4.628767490386963,-24.235694885253906
13.52,2.09,210.4375,1999.0,-0.680773409477016,7.159978849813342e-05,-8.4,-59.0,-4.797384738922119,-25.813697814941406
47.07777778,15.44888889,370.03125,1986.0,-0.9587178169872964,0.0002446636208333,-6.26,-37.0,-7.8022027015686035,-53.19866943359375
46.49143367,9.898180888,1767.6875,2019.0,0.6994583270516471,0.0,-21.16,-164.22,-14.739656448364258,-111.1221694946289
53.97,-101.1,265.25,1978.0,0.29671281927349075,0.0,-13.0,-100.0,-13.327775955200195,-99.2964859008789
51.88,-176.65,1.6268311,1967.0,0.6994583270516471,2.6892765163211152e-05,-7.7,-56.5,-8.544733047485352,-63.001319885253906
4.036666667,9.734166667,39.230469,2007.0,0.741222010848596,4.835568688577041e-05,-3.78,-14.36,-2.987478733062744,-8.875709533691406
31.62,-97.22,151.59375,1962.0,0.9760105506323683,0.0,-4.4,-28.0,-3.1548829078674316,-10.442359924316406
13.07176111,-59.48972222,45.302734,1986.0,-0.2135209154397959,9.585372754372656e-05,-0.69,-0.9,-2.837057590484619,-7.467994689941406
37.77,-25.65,137.14062,1962.0,-0.9741004551724206,2.144895734090824e-05,-4.4,-23.6,-4.246649265289307,-20.659645080566406
78.91666667,11.93333333,38.650391,1996.0,0.2802306751992159,0.0,-13.68,-103.9,-12.621835708618164,-93.3836441040039
-53.0,-70.833333,32.589844,2007.0,-0.9587178169872964,0.0,-10.13,-75.8,-8.419576644897461,-67.3334732055664
47.81666667,13.71777778,1616.0625,2002.0,0.6084768701151261,2.9386246751528237e-05,-9.8,-71.6,-9.654840469360352,-68.5325698852539
4.036666667,9.734166667,39.230469,2021.0,-0.7236440382959123,6.530198152177036e-05,-2.49,-3.7,-2.710897922515869,-6.287330627441406
-40.68,144.69,82.167969,2009.0,0.9760105506323683,9.556868462823331e-06,-4.7,-22.9,-4.712469577789307,-25.019020080566406
60.72,-135.07,695.0,1989.0,0.6994583270516471,1.1185416042280847e-05,-22.7,-153.0,-23.36952018737793,-183.40451049804688
33.96666667,-4.983333333,500.04688,2000.0,-0.970063921851507,3.990486584370956e-05,-7.72,-45.35,-4.671225070953369,-24.633033752441406
33.96666667,-4.983333333,500.04688,2000.0,-0.27195815753410524,0.0,-5.0,-28.4,-5.192846775054932,-29.514625549316406
47.47051111,21.49041944,105.30859,2009.0,0.4327755925504312,0.0,-8.8,-80.21,-8.418167114257812,-58.17438507080078
-27.43,153.08,5.7802734,2006.0,-0.7236440382959123,0.0,-2.92,-9.6,-2.118917942047119,-0.7472915649414062
50.3381,7.6,86.441406,2001.0,0.741222010848596,6.826663593528792e-05,-3.61,-29.9,-6.866888523101807,-45.181129455566406
36.15,-5.35,1.5737915,1981.0,0.9760105506323683,0.0,-4.85,-25.1,-4.580244541168213,-23.781593322753906
53.97,-101.1,265.25,1975.0,-0.7236440382959123,0.0,-19.8,-150.0,-20.821996688842773,-162.06686401367188
38.73,-27.31,881.0625,1999.0,-0.680773409477016,1.5452471870958109e-06,-3.715,-16.55,-4.414053440093994,-22.226295471191406
36.84694444,-2.906944444,618.34375,2006.0,0.8880573226294932,0.0,-3.63,-19.98,-5.499754428863525,-32.386817932128906
58.38277778,21.81416667,5.9343262,2013.0,-0.680773409477016,5.458545274450444e-05,-8.26,-55.9,-8.080986022949219,-59.78838348388672
-33.97,18.6,41.798828,1997.0,0.9510565162951535,0.0,1.51,16.4,-3.302877902984619,-11.827369689941406
44.13333333,6.333333333,881.625,2018.0,0.741222010848596,0.0,-6.14,-40.7,-6.866888523101807,-45.181129455566406
-54.78,-68.28,104.83984,1984.0,-0.970063921851507,0.0,-13.3,-100.0,-11.127883911132812,-95.68143463134766
53.23,6.55,7.7121582,2000.0,-0.7116566222817751,8.387123671127483e-05,-11.15,-93.4,-7.862494468688965,-53.520164489746094
-1.65,-78.68,2830.5,2016.0,-0.970063921851507,2.1778336304123517e-05,-7.99,-53.1,-7.271385669708252,-50.952125549316406
51.83,6.25,9.5,2002.0,-0.2884824328806098,1.5317922589019872e-05,-10.38,-75.8,-8.416887283325195,-58.163673400878906
72.58,-38.4799,3202.0,2011.0,-0.655156357209085,1.8279954019817524e-05,-32.09023031,-237.3957556,-27.9018611907959,-221.36666870117188
34.88,35.88,0.0,1992.0,0.9562348265919056,7.141327660065144e-05,-3.36,-14.1,-4.142324924468994,-19.683326721191406
-20.901,55.484,83.28125,2008.0,0.7295575540864875,1.4355236089613754e-05,-2.68,-10.33,-3.2761902809143066,-11.577613830566406
49.38,-82.12,243.30469,2002.0,-0.7236440382959123,0.000430940388469,-22.38,-163.3,-18.37678337097168,-141.58615112304688
76.76666667,-18.66666667,0.0,1993.0,0.9760105506323683,0.0,-13.24,-87.8,-21.6814022064209,-169.26510620117188
-0.166666667,-78.48333333,2781.625,2016.0,-0.9634705485641486,1.8360507965553552e-05,-8.48,-55.4,-7.274786949157715,-51.000648498535156
38.03333333,114.4166667,86.800781,1986.0,0.29671281927349075,0.0,-10.24,-71.1,-6.755134105682373,-44.135276794433594
-0.743055556,-90.30222222,1.7120972,2015.0,0.9951053111006976,0.0,-3.093315547,-17.35835898,-3.3247132301330566,-12.031715393066406
51.387367,-0.325697,10.34082,2021.0,-0.4014879892059737,0.0,-6.660468301,-40.89617203,-6.866888523101807,-45.181129455566406
50.11622222,14.39291667,182.82031,2015.0,-0.2884824328806098,3.66086169378832e-05,-9.08,-63.9,-11.036027908325195,-80.1011734008789
46.60305556,13.67138889,2148.125,1997.0,-0.2135209154397959,9.385255907545798e-06,-9.06,-59.3,-6.952813148498535,-45.90081787109375
32.18,118.18,39.578125,1989.0,0.6994583270516471,0.0,-6.46,-33.2,-4.270910739898682,-20.886695861816406
78.91666667,11.93333333,38.650391,2017.0,0.9760105506323683,6.144925282569602e-05,-6.52,-43.0,-11.97728157043457,-87.9849624633789
-35.15833333,147.4572222,211.74219,2007.0,-0.680773409477016,9.889989087241702e-06,-3.81,-15.6,-3.4508728981018066,-13.212379455566406
49.0975,19.59,572.9375,2021.0,-0.7236440382959123,2.1957472199574116e-05,-13.3,-97.3,-11.908222198486328,-87.40653228759766
52.88333333,-1.083333333,60.794922,1996.0,0.6994583270516471,3.817983451881446e-05,-11.3,-78.0,-7.843599319458008,-56.522308349609375
-3.12,-60.02,49.394531,1974.0,-0.9741004551724206,4.381299368105829e-05,-3.14,-12.0,-2.7181763648986816,-6.355445861816406
46.49143367,9.898180888,1767.6875,2013.0,0.29671281927349075,3.1789975764695555e-05,-10.0,-70.46,-11.570598602294922,-84.57865142822266
51.88,-176.65,1.6268311,1964.0,0.7295575540864875,3.356970410095528e-06,-8.3,-56.4,-8.54163932800293,-62.96472930908203
36.05,103.88,1519.75,1986.0,-0.7236440382959123,6.77908246871084e-06,-16.12,-106.9,-7.385473251342773,-49.52471160888672
53.23,6.55,7.7121582,2007.0,0.2386727660059501,1.0819256203831172e-05,-6.68,-45.63,-8.744279861450195,-60.905860900878906
52.2914,10.4464,80.6875,2006.0,-0.7236440382959123,0.0,-7.14,-47.4,-9.179098129272461,-64.5478286743164
43.54983333,13.60116667,546.1875,2015.0,-0.9741004551724206,5.101441274746321e-05,-6.48,-36.9,-5.9625420570373535,-36.717811584472656
-1.61374,29.25533,1773.0625,2013.0,-0.2884824328806098,4.686979082180187e-05,-0.94,11.21,-1.5778870582580566,4.315940856933594
43.73238889,7.423583333,8.8959961,2013.0,-0.2135209154397959,0.0,-4.34,-27.83,-3.7323060035705566,-15.846168518066406
42.025,35.15833333,61.443359,2008.0,-0.27195815753410524,5.000403234589612e-06,-9.61,-59.33,-10.670269012451172,-77.03763580322266
44.53333333,15.38333056,569.15625,2008.0,-0.6932812268869771,0.0,-6.35,-37.18,-5.076391696929932,-28.424781799316406
52.1042,8.7519,134.42188,2003.0,-0.680773409477016,1.3474217666953336e-05,-4.3,-23.2,-6.8076372146606445,-44.62662887573242
-3.12,-60.02,49.394531,1986.0,-0.2135209154397959,0.0,-2.2,-4.0,-3.191275119781494,-10.782936096191406
-35.07,173.28,71.449219,1976.0,0.9721181966290613,0.0001366545911878,-4.73,-26.4,-4.824072360992432,-26.063453674316406
9.29255,123.1759167,823.65625,1991.0,-0.2135209154397959,0.0001520069345133,-8.0,-53.0,-7.955221652984619,-60.708473205566406
8.92,-79.6,11.163086,1989.0,-0.9741004551724206,0.0,-3.84,-20.5,-6.4298787117004395,-41.09137725830078
37.97,23.72,100.17578,2010.0,-0.7236440382959123,0.0,-3.150052661,-16.60320309,-5.323858737945557,-30.740699768066406
48.8281,9.2,313.79688,1987.0,0.6994583270516471,0.0,-11.43,-87.6,-11.299476623535156,-82.30777740478516
46.60305556,13.67138889,2148.125,2003.0,0.1202080448993527,0.0,-22.06,-164.1,-12.89295768737793,-95.6545181274414
46.37222222,6.470833333,387.75,1999.0,0.9510565162951535,0.0,-14.84,-112.3,-9.659955978393555,-68.5754165649414
41.66056063,-1.004162565,244.98438,2013.0,0.6994583270516471,0.0,-10.03,-70.9,-6.509941577911377,-41.84064483642578
-23.8,133.88,544.75,2013.0,0.6994583270516471,0.0,2.49,28.3,-5.035147190093994,-28.038795471191406
40.41666667,-7.55,1295.4375,2004.0,0.7295575540864875,0.0002154363755835,-4.63,-30.5,-6.385298252105713,-40.674171447753906
46.65772518,8.292706832,1061.3125,2014.0,0.9760105506323683,1.021007392409956e-05,-15.67,-116.4,-12.279096603393555,-90.5129165649414
1.6,103.6666667,43.185547,2018.0,-0.2135209154397959,4.868921678280458e-05,-6.58,-41.6,-6.866888523101807,-45.181129455566406
47.81666667,13.71777778,1616.0625,2020.0,0.6744436188329455,0.0,-7.227,-36.47,-12.217710494995117,-89.9987564086914
52.405,9.823,59.224609,2021.0,0.741222010848596,3.062311952817254e-05,-8.5,-59.6,-6.866888523101807,-45.181129455566406
9.357072,-75.289167,200.4375,2017.0,0.741222010848596,0.0,-15.75,-113.3,-5.28140115737915,-30.343360900878906
13.73,100.5,5.7392578,2012.0,0.6994583270516471,0.0,-4.61,-29.7,-4.471067905426025,-22.759864807128906
18.29888889,-65.695,59.626953,2006.0,0.1797665857255624,2.526949901948683e-05,-1.72,-4.4,-1.8787293434143066,1.5005111694335938
-33.95833333,18.46111111,109.49609,2003.0,-0.2135209154397959,0.0,-2.71,-16.0,-3.5139527320861816,-13.802711486816406
31.62,25.95,0.0,2003.0,0.811539059007361,0.0,-2.2,5.0,-3.254354953765869,-11.373268127441406
46.64833333,14.31833333,448.71875,2002.0,-0.2135209154397959,0.0,-6.14,-37.5,-6.69720983505249,-43.59319305419922
35.68,51.32,1161.1875,1962.0,0.2386727660059501,0.0,-6.1,-26.1,-6.126307010650635,-38.250404357910156
-31.95,115.78,12.910645,1992.0,-0.7116566222817751,0.0,-4.92,-20.1,-3.162161350250244,-10.510475158691406
52.1042,8.7519,134.42188,2007.0,-0.7236440382959123,0.0001408359094057,-7.38,-45.8,-9.218744277954102,-64.87989044189453
35.27,-75.55,0.0,1963.0,0.6994583270516471,0.0003754160716198,-4.8,-18.6,-4.678503513336182,-24.701148986816406
46.17378583,8.788556051,407.5,2022.0,0.2386727660059501,0.0,-6.08,-37.1,-11.197166442871094,-81.45084381103516
2.816666667,101.5833333,1.5,1999.0,-0.680773409477016,0.0,-6.23,-35.72,-6.068079471588135,-37.705482482910156
35.68,139.77,22.099609,1979.0,0.9760105506323683,0.0,-6.42,-41.4,-5.667158603668213,-33.953468322753906
52.141,-106.6244,507.71875,2004.0,-0.6932812268869771,0.0,-18.36,-140.5,-13.94163703918457,-104.4380874633789
42.025,35.15833333,61.443359,2016.0,0.2802306751992159,0.0,-4.2,-24.6,-6.289465427398682,-39.777320861816406
50.7311,13.7514,876.875,2006.0,-0.2135209154397959,0.000106403742393,-5.32,-38.7,-7.389486312866211,-49.511688232421875
36.85194444,-3.009444444,510.65625,2006.0,0.8359254794186372,0.0001792832917999,-3.51,-21.89,-5.10671854019165,-28.708595275878906
-6.88,39.2,52.724609,1967.0,0.6994583270516471,0.0,-1.58,-3.9,-2.647818088531494,-5.696998596191406
32.70555556,36.57,1061.9375,1990.0,0.2386727660059501,7.48827078496106e-05,-8.76,-52.5,-5.33962869644165,-30.888282775878906
46.60305556,13.67138889,2148.125,2002.0,0.8919813464595485,8.713814168004319e-05,-3.88,-15.0,-9.303150177001953,-65.58686065673828
30.67,104.02,504.75,1987.0,0.29671281927349075,0.0001541599922347,-5.35,-25.4,-5.658667087554932,-33.874000549316406
9.0,38.73,2329.125,1998.0,-0.9587178169872964,0.0001535723422421,-0.33,11.05,-0.8063721656799316,11.536155700683594
-12.43,130.87,16.515625,2007.0,-0.9741004551724206,2.227331970061641e-05,-1.73,-0.5,-1.6700806617736816,3.4531478881835938
64.69939722,-148.2525028,121.98047,2004.0,0.2802306751992159,0.0,-15.54,-131.8,-18.110776901245117,-139.35812377929688
44.12,15.24,20.870117,2001.0,0.2386727660059501,0.0,-7.44,-56.0,-7.848722457885742,-54.114768981933594
49.7703,9.9578,265.90625,2010.0,-0.680773409477016,3.937045039492659e-05,-7.98,-54.23,-6.302809238433838,-39.902198791503906
10.00036389,-84.10913333,1157.3125,2016.0,0.9999166586547379,0.0,-0.623662688,10.82683449,-2.672079563140869,-5.924049377441406
8.92,-79.6,11.163086,1986.0,-0.7236440382959123,0.00018983145128,-3.3,-19.6,-5.9625420570373535,-36.717811584472656
50.4972,9.9428,920.40625,1978.0,-0.9587178169872964,0.0,-7.04,-43.1,-7.849066257476807,-53.407691955566406
54.5275,9.5486,43.292969,2006.0,-0.2884824328806098,0.0,-6.855,-44.95,-10.194526672363281,-73.05289459228516
43.49111613,-3.800555816,50.095703,2006.0,0.741222010848596,1.9046938177780248e-05,-3.57,-18.51,-5.20376443862915,-29.616798400878906
38.03333333,114.4166667,86.800781,2002.0,-0.680773409477016,0.0,-4.21,-24.0,-7.541201591491699,-54.801612854003906
46.60305556,13.67138889,2148.125,1974.0,-0.2135209154397959,3.9102314275396566e-08,-9.41,-62.0,-6.866888523101807,-45.181129455566406
4.05,114.81,27.053711,2010.0,-0.8717063187093217,0.0001760787417879,-7.7,-53.37,-8.118471145629883,-63.037574768066406
-34.05,115.0249,77.78125,2016.0,-0.6287628145958345,1.8759094018605534e-05,-4.75,-20.0,-3.215536594390869,-11.009986877441406
44.81666667,14.98333333,1534.5,2003.0,-0.2884824328806098,0.0,-9.64,-57.3,-13.772825241088867,-103.0241470336914
39.95,32.88,920.125,2020.0,-0.27195815753410524,2.468862112436909e-05,-9.19,-62.4,-10.130582809448242,-72.5173110961914
47.81666667,13.71777778,1616.0625,2021.0,0.4093559588156213,0.0,-11.591,-82.09,-10.48611068725586,-75.49515533447266
49.38,-82.12,243.30469,2002.0,0.741222010848596,8.854010957293212e-06,-9.65,-64.6,-11.000219345092773,-79.8012466430664
-18.91472222,47.55805556,1278.5,2021.0,0.9510565162951535,0.0,-8.11,-53.0,-5.201338291168213,-29.594093322753906
22.31666667,114.1666667,34.056641,1962.0,0.29671281927349075,0.0006095104035921,-6.0,-39.1,-5.979791641235352,-37.82135772705078
-0.121944444,-67.14916667,97.964844,1972.0,-0.9634705485641486,0.0,-0.6,13.0,-2.8200745582580566,-7.309059143066406
49.7478,6.6581,259.26562,1998.0,0.29671281927349075,0.0,-5.12,-36.6,-6.866888523101807,-45.181129455566406
47.7,27.88333333,177.36719,2018.0,-0.9587178169872964,0.0,-6.59,-45.1,-7.748767852783203,-54.09571838378906
31.99730278,34.81616111,44.347656,1969.0,0.6994583270516471,3.947729965148028e-06,-5.11,-17.4,-3.652243137359619,-15.096900939941406
33.86666667,35.56666667,226.0625,2003.0,0.06880242680231986,8.366509428014979e-05,-3.04,-13.9,-5.335989475250244,-30.854225158691406
36.98,35.3,22.958008,2007.0,-0.9741004551724206,0.0,-0.91,4.35,-4.101080417633057,-19.297340393066406
51.57,4.93,17.209961,1984.0,0.9721181966290613,0.0,-11.89,-84.6,-7.574032783508301,-51.892822265625
43.73238889,7.423583333,8.8959961,2000.0,0.2802306751992159,0.0,0.3,4.35,-4.814367771148682,-25.972633361816406
51.6,-1.1,55.042969,2019.0,-0.2135209154397959,2.3300803150050345e-05,-4.59,-30.9,-6.1257004737854,-38.244728088378906
13.73,100.5,5.7392578,2004.0,0.9562348265919056,0.0,-4.2,-20.8,-4.309729099273682,-21.249977111816406
-54.78,-68.28,104.83984,1990.0,-0.9741004551724206,0.0,-11.5,-83.0,-9.376099586486816,-77.610595703125
-1.43,-48.48,4.737793,1978.0,-0.2884824328806098,7.96676758909598e-05,-0.28,8.2,-2.5095276832580566,-4.402809143066406
4.05,114.81,27.053711,2007.0,-0.661634618242279,8.813013846520334e-05,-10.39,-73.59,-7.170488357543945,-49.512611389160156
41.91595556,13.08333333,499.48438,2003.0,0.9510565162951535,1.4215743249224032e-05,-7.46,-48.89,-6.065046787261963,-37.677101135253906
51.93,-10.25,33.068359,2011.0,0.9760105506323683,2.2350915969582275e-05,-2.27,-8.6,-5.803629398345947,-35.230628967285156
-21.50303,-64.17048,1258.6875,2011.0,0.29671281927349075,0.0,-0.11,7.8,-5.355398654937744,-31.035865783691406
33.42,36.52,607.25,1993.0,0.9760105506323683,0.0,4.21,31.0,-4.887152194976807,-26.653785705566406
11.08333333,39.7175,1856.6875,2002.0,-0.9587178169872964,0.0,-0.5,7.94,-0.9470887184143066,10.219261169433594
38.75,-27.08,59.087891,1998.0,-0.680773409477016,1.663861894485308e-06,-1.93,-5.4,-3.0093140602111816,-9.080055236816406
-34.05,115.0249,77.78125,2006.0,0.9175836260593937,0.0,-6.82,-38.3,-4.261206150054932,-20.795875549316406
37.97,23.72,100.17578,2017.0,-0.2135209154397959,0.0,-4.58,-31.4,-3.191275119781494,-10.782936096191406
4.365694444,18.58725,381.14062,2016.0,0.7295575540864875,0.0,-2.09,-5.3,-1.3158631324768066,6.768089294433594
-75.58333333,-20.56666667,105.53516,1980.0,0.9721181966290613,0.0,-18.23,-131.8,-16.566865921020508,-133.39389038085938
-20.901,55.484,83.28125,2007.0,0.6994583270516471,7.331120286835357e-06,-6.07,-40.13,-3.249502658843994,-11.327857971191406
-18.91472222,47.55805556,1278.5,2015.0,-0.680773409477016,1.2852246982220096e-05,-4.22,-26.1,-3.860891819000244,-17.049537658691406
51.18,8.4889,841.375,2001.0,0.2386727660059501,2.8172220481792465e-05,-13.01,-93.7,-9.74947738647461,-69.32523345947266
47.42692898,9.400776879,758.46875,2007.0,0.9510565162951535,2.287953975610435e-05,-13.76,-101.2536534,-11.478519439697266,-83.80741119384766
43.365884,-8.421399,56.794922,2020.0,0.2386727660059501,0.0001312233798671,-6.25,-42.9,-6.266113758087158,-39.55878448486328
4.93,-52.32,5.0107422,2020.0,0.2802306751992159,0.0001763269829098,-5.91,-35.3,-5.083670139312744,-28.492897033691406
6.116666667,81.13333333,0.0,1983.0,-0.9741004551724206,9.287974535254762e-05,-3.71,-18.0,-5.225599765777588,-29.821144104003906
12.69325,-7.995494444,382.5625,2014.0,-0.2135209154397959,0.0001402804045937,-2.6,-11.6,-4.467428684234619,-22.725807189941406
34.33664722,45.37399722,185.57031,2011.0,-0.49377555015997737,0.0,-1.92,-4.23,-3.642538547515869,-15.006080627441406
-12.43,130.87,16.515625,1976.0,-0.27195815753410524,2.3234551917994395e-05,-2.74,-11.9,-4.467428684234619,-22.725807189941406
44.42,8.85,5.4519043,1975.0,0.6994583270516471,0.0,-6.91,-45.5,-6.126913547515869,-38.256080627441406
-18.9,47.53,1259.9375,1962.0,-0.9587178169872964,0.0,-1.6,-8.7,-2.0291504859924316,0.09279632568359375
46.095,14.597,283.89062,1986.0,-0.7236440382959123,0.0,-12.12,-94.0,-10.391473770141602,-74.7024917602539
52.88333333,-1.083333333,60.794922,1985.0,-0.2135209154397959,0.0,-5.0,-35.0,-6.2148613929748535,-39.079139709472656
-17.97472,-67.08,3703.375,2013.0,0.6994583270516471,2.319194027222693e-05,-14.5,-98.6,-11.245615005493164,-107.6528091430664
-19.23,-66.95972,3702.875,2010.0,0.9760105506323683,0.0,-9.604172413,-65.2,-11.21296501159668,-107.1869888305664
52.4672,13.4019,47.5625,1999.0,-0.9741004551724206,0.0001794912677723,-6.92,-46.0,-8.247411727905273,-58.48065948486328
34.95,32.83,1417.1875,2019.0,0.9510565162951535,0.0,-8.19,-44.0,-5.4075608253479,-31.524024963378906
52.2914,10.4464,80.6875,1989.0,-0.2135209154397959,1.7384478269377723e-05,-6.87,-50.0,-6.35436487197876,-40.384681701660156
34.57,69.21333333,1788.0,1973.0,0.741222010848596,0.0,0.96,17.8,-2.444021701812744,-3.7897720336914062
46.39864119,6.233803787,434.125,1999.0,0.741222010848596,0.0,-5.77,-41.78336635,-7.412010192871094,-49.746978759765625
-8.77,-63.92,52.0,1974.0,-0.7236440382959123,3.598358671297319e-05,-2.65,-10.8,-4.387365818023682,-21.976539611816406
52.8,5.05,-4.4990234,2005.0,-0.965739937654855,0.0001639135443838,-5.77,-35.88,-6.56364107131958,-42.3348274230957
-17.83,31.02,1473.25,1970.0,0.9760105506323683,0.0,-3.63,-12.0,-5.304449558258057,-30.559059143066406
39.95,32.88,920.125,1986.0,-0.2135209154397959,0.0,-4.22,-19.5,-4.463789463043213,-22.691749572753906
19.72,-155.07,7.4401855,1962.0,-0.9741004551724206,9.265538392355666e-05,-1.3,-10.6,-3.031149387359619,-9.284400939941406
36.75027778,-3.015277778,19.902344,2005.0,0.9844738167520922,0.0,-5.28,-33.58,-4.730665683746338,-25.189308166503906
47.4828,11.0622,716.1875,1981.0,-0.680773409477016,5.751425851485692e-05,-6.7,-45.8,-6.750736713409424,-44.09412384033203
23.64,88.85,18.375977,2020.0,-0.970063921851507,0.0002911972114816,-7.36,-48.4,-7.337811470031738,-53.209815979003906
14.64,121.04,42.933594,2006.0,0.2386727660059501,3.647114863269962e-05,-4.12,-30.28,-3.7226014137268066,-15.755348205566406
49.7703,9.9578,265.90625,1990.0,0.2386727660059501,2.4373362975893546e-05,-6.08,-41.6,-10.0615234375,-71.93888092041016
47.07777778,15.44888889,370.03125,2002.0,0.9760105506323683,1.614033135410864e-05,-9.18,-66.1,-10.350549697875977,-74.3597183227539
53.32,-60.42,46.541016,1963.0,0.9510565162951535,0.0001839151373133,-17.6,-132.9,-15.394441604614258,-116.6065444946289
-0.166666667,-78.48333333,2781.625,2001.0,-0.9587178169872964,0.0001480349164921,-7.83,-52.9,-7.247124671936035,-50.605995178222656
47.6772,9.19,442.90625,1984.0,-0.970063921851507,1.126289862440899e-05,-12.23,-88.7,-9.659955978393555,-68.5754165649414
33.65694444,73.26611111,580.9375,1993.0,-0.2135209154397959,4.4814518332714215e-05,-6.65,-38.65,-4.535531997680664,-25.102699279785156
37.77,-25.65,137.14062,2016.0,-0.6932812268869771,0.0,-0.23,4.8,-3.2470765113830566,-11.305152893066406
48.24861111,16.35638889,200.63281,2019.0,-0.9587178169872964,4.322166569181718e-05,-5.38,-30.5,-7.8108930587768555,-55.243873596191406
31.62,-97.22,151.59375,1973.0,0.741222010848596,0.0,-0.72,1.2,-3.4605774879455566,-13.303199768066406
-75.58333333,-20.56666667,105.53516,2002.0,0.2386727660059501,3.679299169860953e-09,-16.32,-128.6,-20.593250274658203,-166.57858276367188
60.18008889,24.83286111,14.698242,2018.0,0.2386727660059501,8.045980393944774e-06,-14.0,-102.8,-13.481241226196289,-100.5818862915039
69.2666,-53.469,93.789062,2022.0,-0.2135209154397959,3.822472990577808e-06,-13.27,-96.2,-11.470937728881836,-93.22245025634766
43.73238889,7.423583333,8.8959961,2010.0,0.9510565162951535,0.0,-3.911613468,-28.87281071,-5.949804782867432,-36.598609924316406
1.685556,33.616389,1096.9375,2011.0,-0.9741004551724206,7.244187145261094e-05,-1.73,1.7,-3.016592502593994,-9.148170471191406
50.62,-96.98,216.5,1980.0,0.9562348265919056,0.0,-23.1,-174.0,-15.609292984008789,-118.4061050415039
49.068224,13.614822,1118.0,2019.0,-0.9741004551724206,0.0001408845128025,-10.67,-73.8,-8.65859603881836,-60.18817901611328
-1.43,-48.48,4.737793,1979.0,-0.9587178169872964,9.52855625655502e-05,-0.37,8.8,-1.8156495094299316,2.0908432006835938
33.21722222,-87.54305556,64.535156,2006.0,0.5595892624101765,0.0,0.9,14.9,-4.251501560211182,-20.705055236816406
41.91172742,2.763346411,139.71094,2010.0,-0.7236440382959123,0.0,-7.93,-46.6,-6.464148044586182,-41.412086486816406
46.095,14.597,283.89062,1998.0,-0.2884824328806098,0.0,-8.07,-53.3,-12.667875289916992,-93.7692642211914
39.03,141.81,81.234375,1999.0,-0.7236440382959123,0.0,-6.59,-40.7,-6.866888523101807,-45.181129455566406
54.6789,13.4342,38.980469,1998.0,-0.2884824328806098,7.710141653660685e-05,-10.46,-75.0,-10.695846557617188,-77.25186920166016
50.3119,11.8758,564.53125,1987.0,-0.9741004551724206,4.293135862099007e-05,-8.12,-55.8,-8.705913543701172,-60.584510803222656
72.58,-38.4799,3202.0,2012.0,0.2386727660059501,0.0,-41.14085143,-329.5630396,-31.19624900817871,-248.95993041992188
52.09444444,23.70583333,142.89844,1982.0,-0.9587178169872964,5.632581451209262e-05,-7.2,-56.0,-7.842724323272705,-53.731590270996094
10.00036389,-84.10913333,1157.3125,2017.0,0.48627270710869,8.509846520610154e-05,-3.547964,-36.5432101,-8.063148498535156,-62.248268127441406
-2.883333333,-78.98333333,2530.0,1993.0,-0.9587178169872964,2.403894177405164e-05,-5.72,-31.7,-5.383299350738525,-31.296974182128906
-34.05,115.0249,77.78125,2016.0,-0.6680638642135333,7.52436972106807e-05,-4.64,-24.7,-3.2228150367736816,-11.078102111816406
64.13,-21.93,12.141602,1997.0,-0.680773409477016,0.0,-10.07,-77.7,-8.405378341674805,-58.06726837158203
51.1622,14.9506,238.80469,2004.0,0.9562348265919056,8.494980647810735e-06,-8.19,-56.4,-9.565319061279297,-67.78275299072266
68.96666667,33.05,0.059604645,1983.0,-0.9587178169872964,0.0,-8.5,-65.0,-11.887760162353516,-87.23514556884766
-2.6,-44.23,60.449219,1989.0,0.9510565162951535,9.948285878635944e-05,-4.21,-19.0,-5.042425632476807,-28.106910705566406
44.73805556,-0.774722222,59.488281,2012.0,0.6994583270516471,0.0001126893475884,-6.83,-38.08,-6.262171268463135,-39.521888732910156
25.62,88.66,39.710938,2020.0,0.9562348265919056,0.0,-2.74,-10.1,-2.050985813140869,-0.11154937744140625
-0.743055556,-90.30222222,1.7120972,2014.0,-0.7116566222817751,0.0,-1.29743101,-1.717026713,-1.8010926246643066,2.2270736694335938
36.15,-5.35,1.5737915,2022.0,0.9510565162951535,0.0,-5.44,-31.3,-4.025869846343994,-18.593482971191406
49.0422,12.1019,370.21875,2013.0,0.29671281927349075,0.0,-6.82,-54.98,-7.004527568817139,-46.3339729309082
46.39864119,6.233803787,434.125,2016.0,-0.7116566222817751,2.4627601305837743e-05,-11.45,-79.68,-11.179262161254883,-81.3008804321289
-3.12,-60.02,49.394531,1990.0,0.9992500112396835,7.31117106624879e-05,-5.77,-32.0,-6.55057954788208,-42.22095489501953
46.98141401,6.607999655,1046.0625,2008.0,-0.6932812268869771,9.237688936991616e-05,-6.72,-39.99293053,-6.726702690124512,-43.86920166015625
45.32,-75.67,112.08594,1998.0,-0.2884824328806098,0.0,-10.3,-67.2,-10.840065002441406,-103.03833770751953
37.77,-25.65,137.14062,2015.0,0.9760105506323683,0.0,-2.86,-12.9,-3.317434787750244,-11.963600158691406
40.7930564,-4.010553289,1892.5,2017.0,0.29671281927349075,0.0,-5.75,-30.7,-6.257925510406494,-39.482154846191406
-7.66,-72.65,174.50781,1989.0,-0.9741004551724206,8.677685400471091e-05,-4.59,-24.1,-3.919119358062744,-17.594459533691406
7.0,125.25,1722.75,1994.0,0.9510565162951535,0.0001522039819974,-6.74,-41.6,-6.866888523101807,-45.181129455566406
24.91,91.84533333,16.452148,2020.0,0.9721181966290613,0.0003632142324931,-0.35,4.2,-2.065542697906494,-0.24777984619140625
-17.56222222,-149.5194444,581.59375,2000.0,0.29671281927349075,4.339398401498329e-06,-1.95,-5.2,-3.5042481422424316,-13.711891174316406
46.095,14.597,283.89062,1983.0,0.9510565162951535,0.0,-11.63,-87.6,-10.741886138916016,-77.63748931884766
56.9,35.9,136.57812,1983.0,0.6994583270516471,0.0001272615772904,-18.3,-133.0,-16.253847122192383,-123.8047866821289
32.55,35.85,570.125,1991.0,0.9510565162951535,0.0,-3.11,-10.8,-4.733091831207275,-25.212013244628906
-23.0,-47.13333333,635.21875,1997.0,-0.9999166586547379,2.2922381504031364e-06,-2.46,-0.26,-2.7327332496643066,-6.491676330566406
39.91055556,41.27555556,1890.5625,2021.0,0.29671281927349075,0.0,-0.62,2.3,-6.0498833656311035,-37.535194396972656
48.15,15.15,264.90625,1967.0,0.2386727660059501,0.0,-13.44,-92.6,-11.87752914428711,-87.14945220947266
53.23,6.55,7.7121582,1981.0,0.9510565162951535,0.0,-7.96,-54.1,-7.767504692077637,-53.42314910888672
52.4672,13.4019,47.5625,1992.0,0.6994583270516471,1.70671810337808e-05,-6.2,-46.5,-10.09477424621582,-72.2173843383789
47.833185,1.940433,113.78516,2002.0,-0.2135209154397959,0.0,-6.1,-40.2,-5.678682804107666,-34.061317443847656
-1.53085,29.25038,3229.25,2014.0,-0.2884824328806098,6.404036685125902e-05,-2.25,2.32,-1.4662842750549316,5.360374450683594
48.24861111,16.35638889,200.63281,2007.0,0.741222010848596,0.0,-7.66,-56.68,-7.283802509307861,-48.673133850097656
-53.0,-70.833333,32.589844,2007.0,0.9760105506323683,0.0,-11.74,-87.1,-8.04410171508789,-61.976539611816406
49.0392,8.365,112.44141,1985.0,0.2386727660059501,0.0,-13.14,-97.5,-9.810863494873047,-69.83939361572266
44.73805556,-0.774722222,59.488281,2021.0,0.6994583270516471,0.0,-7.21,-48.5,-5.741762638092041,-34.651649475097656
51.116535,17.029468,118.94141,2007.0,0.6994583270516471,0.0,-13.74373543,-111.346077,-10.542381286621094,-75.96646881103516
51.387367,-0.325697,10.34082,2021.0,-0.47115950767386394,0.0,-2.356307285,-11.79253553,-6.866888523101807,-45.181129455566406
-13.0,-38.52,39.933594,1976.0,0.9721181966290613,3.985709190601483e-05,-0.91,4.5,-2.725454807281494,-6.423561096191406
9.357072,-75.289167,200.4375,2004.0,-0.9634705485641486,0.0002079430705634,-4.07,-21.2,-5.722959995269775,-34.475685119628906
43.55833333,1.469444444,154.53906,2011.0,-0.9741004551724206,1.401891313435044e-05,-6.59,-36.73,-6.031687259674072,-37.364906311035156
34.01937778,-6.838286111,18.375977,2002.0,-0.6870527672236675,0.0,-4.27,-20.1,-3.530935764312744,-13.961647033691406
46.17378583,8.788556051,407.5,2010.0,-0.2135209154397959,5.577641422860325e-05,-3.31,-21.66778759,-6.398945331573486,-40.80188751220703
40.008,-105.2682583,1647.3125,2012.0,-0.9634705485641486,0.0,-10.02,-69.8,-12.504179000854492,-92.3981704711914
46.49143367,9.898180888,1767.6875,2007.0,0.9760105506323683,7.359839946730062e-05,-8.0,-55.39131799,-13.665399551391602,-102.1243667602539
21.03,105.84,12.522461,2018.0,-0.2135209154397959,0.0002485541626811,-11.57,-83.7,-7.553898811340332,-54.982765197753906
54.5283,11.0603,1.9006348,2004.0,0.2802306751992159,0.0,-6.97,-50.9,-7.679615020751953,-51.98839569091797
50.06166667,19.84861111,356.8125,2016.0,-0.27195815753410524,5.392595539888134e-06,-10.31,-70.2,-12.100053787231445,-89.0132827758789
48.8281,9.2,313.79688,1983.0,0.6994583270516471,2.0081482944078743e-05,-7.4,-60.8,-11.734294891357422,-85.94974517822266
47.7,27.88333333,177.36719,2009.0,-0.9587178169872964,0.0,-6.06,-45.23,-7.759533882141113,-54.19657897949219
11.13,124.66,474.0625,1998.0,-0.9587178169872964,0.0001510254951426,-8.07,-48.7,-6.866888523101807,-45.181129455566406
61.22,-48.12,20.967773,1963.0,0.29671281927349075,0.0,-9.4,-88.5,-10.982315063476562,-79.65128326416016
64.13,-21.93,12.141602,2019.0,0.2386727660059501,0.0001640013651922,-8.67,-55.6,-8.939949035644531,-62.54474639892578
45.32,-75.67,112.08594,2004.0,0.6994583270516471,0.0,-15.08,-104.6,-14.064409255981445,-105.4664077758789
51.83,6.25,9.5,1990.0,0.9760105506323683,7.1192471295944415e-06,-6.87,-47.8,-7.601223468780518,-52.258148193359375
50.92,5.78,111.17188,2007.0,0.6486295610349814,1.4725557775818745e-05,-10.61,-78.63,-8.57674789428711,-59.50263214111328
58.26388889,26.46138889,70.085938,2022.0,0.29671281927349075,0.0,-7.47,-55.2,-8.29411506652832,-57.135353088378906
38.98916547,-3.920273851,626.8125,2002.0,-0.9741004551724206,0.0001432142889825,-4.97,-30.45,-6.097799777984619,-37.983619689941406
4.05,114.81,27.053711,2006.0,-0.2135209154397959,0.0001739731815177,-4.76,-31.58,-7.105188369750977,-48.580970764160156
41.66056063,-1.004162565,244.98438,2020.0,0.2386727660059501,3.757861122721806e-05,-8.18,-53.8,-7.053569793701172,-46.873558044433594
43.68333333,-1.066666667,17.238281,2002.0,-0.9587178169872964,0.0,-3.7,-19.3,-4.731878757476807,-25.200660705566406
47.47051111,21.49041944,105.30859,2008.0,-0.9984354211555643,0.0,-8.7,-49.17,-7.244630813598633,-50.570411682128906
46.17378583,8.788556051,407.5,2016.0,-0.9634705485641486,0.0,-5.13,-28.98,-7.530735015869141,-51.96034240722656
81.6,-16.67,27.780273,1962.0,0.29671281927349075,1.58601289967919e-06,-19.1,-140.3,-23.91176414489746,-187.94625854492188
10.00036389,-84.10913333,1157.3125,2013.0,-0.7856498550787144,4.324963811086491e-05,-11.268,-77.301,-6.478998184204102,-43.690162658691406
49.0422,12.1019,370.21875,2000.0,0.9562348265919056,0.0,-6.45,-49.55,-10.376127243041992,-74.5739517211914
40.2778,-111.7148,1406.625,2021.0,-0.7236440382959123,0.0,-17.34,-135.1,-11.037118911743164,-84.74271392822266
51.93,-10.25,33.068359,1985.0,-0.2135209154397959,1.4041173926671036e-05,-3.42,-20.8,-4.745222568511963,-25.325538635253906
49.0975,19.59,572.9375,2002.0,0.9760105506323683,1.7199383364641108e-05,-8.05,-58.5,-10.841638565063477,-78.4729995727539
47.81666667,13.71777778,1616.0625,2021.0,0.4635502709028509,0.0,-11.592,-82.28,-10.038503646850586,-71.7460708618164
-0.13,-67.08,58.835938,1979.0,0.9510565162951535,0.0001670587807893,-6.99,-45.2,-5.756319522857666,-34.787879943847656
45.03527778,24.28416667,223.875,2021.0,-0.2884824328806098,8.147795597324148e-06,-11.16,-75.5,-12.524641036987305,-92.5695571899414
76.76666667,-18.66666667,0.0,2019.0,-0.680773409477016,0.0,-17.0,-131.4,-14.586191177368164,-109.8367691040039
-2.53,140.72,68.566406,1977.0,0.6994583270516471,7.938077760627493e-05,-10.34,-71.6,-5.9510178565979,-36.609962463378906
-16.49888889,-68.12305556,3582.75,2005.0,0.9510565162951535,5.83764303883072e-05,-10.47,-73.58,-11.572114944458008,-112.3110122680664
4.377083333,18.56247222,359.875,2012.0,-0.23030567023061196,0.0001003961297101,-2.53,-4.41,-1.9854798316955566,0.5014877319335938
38.05011111,23.8675,438.375,2001.0,-0.5380051715382992,1.7653706890996546e-05,-4.3,-13.0,-5.431822299957275,-31.751075744628906
-6.18,106.83,5.1230469,1990.0,0.741222010848596,2.1507217752514407e-05,-5.84,-32.0,-5.63076639175415,-33.612892150878906
4.036666667,9.734166667,39.230469,2020.0,-0.9634705485641486,0.0001632838684599,-3.8,-19.9,-4.628767490386963,-24.235694885253906
-40.68,144.69,82.167969,2003.0,-0.9587178169872964,4.305670518078841e-05,-3.55,-17.2,-3.812368869781494,-16.595436096191406
41.66056063,-1.004162565,244.98438,2019.0,-0.7236440382959123,0.0,-8.29,-61.2,-7.615031719207764,-51.44745635986328
4.7,-74.13,2551.125,2007.0,-0.2135209154397959,0.0,-10.58,-75.86,-7.9243855476379395,-60.268531799316406
46.98141401,6.607999655,1046.0625,2004.0,0.7295575540864875,5.629544466501102e-05,-12.75,-92.48409699,-10.197084426879883,-73.0743179321289
-23.8,133.88,544.75,1984.0,0.9721181966290613,0.0,-5.45,-38.9,-4.950232028961182,-27.244117736816406
7.0,-73.08333333,1079.75,2006.0,0.9760105506323683,1.6220697943936102e-05,-4.78,-29.55,-4.500181674957275,-23.032325744628906
10.86,0.2,372.54688,2017.0,-0.9988797155850335,0.0,-3.197,-13.97,-3.103933811187744,-9.965553283691406
50.06166667,19.84861111,356.8125,1988.0,-0.7116566222817751,0.0,-10.45,-71.9,-11.547578811645508,-84.3858413696289
4.05,114.81,27.053711,2006.0,-0.7961828637826154,9.964041964849456e-05,-3.83,-20.99,-7.851830005645752,-59.233375549316406
47.81666667,13.71777778,1616.0625,2021.0,-0.9999166586547379,0.0,-7.895,-45.22,-9.598569869995117,-68.0612564086914
41.64083945,-4.754446679,735.625,2012.0,0.2386727660059501,0.000153004846652,-10.19,-64.4,-8.578025817871094,-59.513343811035156
8.92,-79.6,11.163086,1975.0,-0.2884824328806098,0.0001602145785,-3.34,-12.9,-5.109144687652588,-28.731300354003906
-1.43,-48.48,4.737793,1990.0,0.5307300481619334,0.0002555568353272,-1.67,1.6,-3.5915894508361816,-14.529273986816406
-0.694444444,-90.325,182.40625,1997.0,0.9510565162951535,1.654135667195078e-05,-2.19,-9.9,-3.487265110015869,-13.552955627441406
52.93,4.78,0.63311768,1984.0,0.2802306751992159,0.0,-6.48,-41.9,-6.655055522918701,-43.198692321777344
36.98,35.3,22.958008,2001.0,-0.2884824328806098,9.374362707603724e-05,-7.98,-44.75,-5.895823001861572,-36.093421936035156
-21.2,-159.8,7.8220215,1991.0,-0.680773409477016,0.0,-1.38,-0.7,-3.4751343727111816,-13.439430236816406
-34.05,115.0249,77.78125,2017.0,0.7856498550787147,7.363640906987712e-05,-3.7,-4.1,-3.9894776344299316,-18.252906799316406
50.62,-96.98,216.5,1979.0,-0.9587178169872964,6.375724751706002e-06,-9.2,-70.0,-13.000383377075195,-96.5542984008789
6.99,125.24,1928.125,1998.0,0.741222010848596,0.0,-7.29,-47.5,-6.472639560699463,-41.491554260253906
36.29166667,81.00833333,2226.875,1991.0,-0.37770796520396466,0.0,4.95,46.5,2.0467772483825684,38.237327575683594
52.8,5.05,-4.4990234,2008.0,-0.5307300481619331,2.693570604606066e-05,-6.72,-46.4,-6.866888523101807,-45.181129455566406
46.96666667,28.9,90.308594,2008.0,0.2802306751992159,0.0001356119319098,-6.0,-37.25,-7.348705291748047,-49.21675109863281
12.69325,-7.995494444,382.5625,1978.0,-0.9741004551724206,0.0,-3.2,-18.5,-4.745222568511963,-25.325538635253906
4.7,-74.13,2551.125,2008.0,0.7295575540864875,2.860006679838989e-05,-16.38,-120.09,-9.604045867919922,-84.2323989868164
45.80666667,15.97,120.36328,1994.0,-0.9587178169872964,0.0,-4.5,-25.9,-6.88554573059082,-45.963050842285156
23.03,72.55,52.095703,2007.0,-0.04302223300453034,6.09586677455809e-05,-0.7,5.1,-2.764273166656494,-6.786842346191406
47.42692898,9.400776879,758.46875,2008.0,-0.23030567023061196,8.386697300011292e-05,-7.76,-52.82063822,-7.307462692260742,-48.861881256103516
23.95277778,90.27916667,23.626953,2018.0,-0.9587178169872964,0.0002658756275195,-6.73,-45.1,-7.206530570983887,-50.98401641845703
47.4828,11.0622,716.1875,2012.0,-0.23030567023061196,6.71069574309513e-05,-4.91,-26.8,-6.906092643737793,-45.475135803222656
0.453055556,33.195,1174.25,2017.0,-0.680773409477016,0.0,-1.5,2.8,-1.5099549293518066,4.951683044433594
8.92,-79.6,11.163086,1977.0,0.2386727660059501,0.0,1.13,14.4,-2.468283176422119,-4.016822814941406
52.1,5.18,1.7967529,2008.0,0.5380051715382996,0.0,-7.12,-45.33,-6.866888523101807,-45.181129455566406
48.24861111,16.35638889,200.63281,2008.0,0.2802306751992159,0.0,-4.21,-28.09,-8.419445037841797,-58.185096740722656
-75.58333333,-20.56666667,105.53516,2004.0,-0.23030567023061196,1.3636401440130106e-07,-31.92,-248.61,-21.83134651184082,-177.13034057617188
46.06666667,14.51666667,298.53125,2002.0,-0.5524353131676203,0.0,-4.27,-25.92,-6.866888523101807,-45.181129455566406
46.64833333,14.31833333,448.71875,1980.0,0.9562348265919056,0.0,-13.58,-98.1,-11.869855880737305,-87.0851821899414
46.60305556,13.67138889,2148.125,1991.0,-0.680773409477016,0.0001877740287454,-7.67,-47.1,-6.924734592437744,-46.00642395019531
6.906666667,79.87,14.911133,1983.0,0.6994583270516471,0.0,-3.29,-12.3,-3.788107395172119,-16.368385314941406
4.05,114.81,27.053711,2008.0,0.545240438540651,0.0004170476167928,-7.26,-46.32,-6.445648670196533,-41.23896026611328
-40.68,144.69,82.167969,1999.0,0.9510565162951535,9.22259823710192e-06,-2.68,-11.1,-4.697912693023682,-24.882789611816406
-51.7,-57.87,50.568359,1976.0,-0.23030567023061196,3.126953743048944e-05,-10.04,-72.4,-6.784243106842041,-45.417701721191406
53.23,6.55,7.7121582,1990.0,0.9760105506323683,3.7304985198716167e-06,-8.27,-55.4,-7.633694648742676,-52.495391845703125
52.2914,10.4464,80.6875,1986.0,0.6994583270516471,0.0,-14.95,-117.4,-9.739246368408203,-69.23954010009766
22.7,90.36,5.9089355,2016.0,-0.23030567023061196,0.000126565224491,-8.77,-59.2,-6.714344501495361,-43.75354766845703
-40.68,144.69,82.167969,2013.0,0.6994583270516471,0.0,-2.03,-7.5,-4.656668186187744,-24.496803283691406
50.06166667,19.84861111,356.8125,1994.0,-0.680773409477016,0.0,-5.9,-41.4,-6.629429340362549,-42.95886993408203
43.73238889,7.423583333,8.8959961,2018.0,-0.7236440382959123,0.0,-5.97,-34.8,-6.26914644241333,-39.58716583251953
-34.05,115.0249,77.78125,2012.0,0.3294084822245304,6.617922190343961e-05,-10.72,-70.0,-3.681356906890869,-15.369361877441406
-65.07944444,-63.9775,286.6875,1974.0,0.9510565162951535,1.3797371475784864e-09,-8.45,-78.1,-8.871234893798828,-73.7773208618164
38.28,21.79,113.0625,2013.0,-0.2884824328806098,0.0,-8.48,-56.59,-5.98013162612915,-36.882423400878906
-27.43,153.08,5.7802734,1996.0,0.9721181966290613,0.0,-3.03,-10.3,-3.142752170562744,-10.328834533691406
39.28333333,-7.416666667,492.75,1997.0,-0.9587178169872964,0.0,-3.94,-23.5,-4.9223313331604,-26.983009338378906
25.01666667,102.6833333,1907.8125,1991.0,-0.2884824328806098,8.016811989364214e-06,-2.12,-25.0,-5.934641361236572,-36.456703186035156
51.83,6.25,9.5,1983.0,-0.2884824328806098,1.1763085240090732e-05,-5.83,-42.2,-8.405378341674805,-58.06726837158203
51.6,-1.1,55.042969,2017.0,0.741222010848596,0.0,-6.54,-44.8,-6.194845676422119,-38.891822814941406
0.05,32.45,1135.4375,2004.0,0.9721181966290613,6.109690002631396e-05,-3.19,-16.3,-2.589590549468994,-5.152076721191406
1.6,103.6666667,43.185547,2013.0,-0.2884824328806098,3.2110732718138024e-05,-9.2,-66.6,-6.866888523101807,-45.181129455566406
23.02269167,-81.22339722,11.122559,1997.0,-0.7236440382959123,2.2061854906496592e-05,-1.67,-2.7,-2.938955783843994,-8.421607971191406
33.96666667,-4.983333333,500.04688,2001.0,0.9760105506323683,0.0,1.1,11.2,-4.380087375640869,-21.908424377441406
18.47,-70.02,1.0,2002.0,-0.2135209154397959,0.0002704373910091,-4.13,-25.3,-3.123342990875244,-10.147193908691406
60.96666667,69.06666667,17.537109,1996.0,-0.970063921851507,7.224746514111757e-05,-15.0,-115.5,-13.481241226196289,-100.5818862915039
45.6,13.93333333,486.53125,2002.0,0.9510565162951535,0.0,-2.23,-8.8,-11.427364349365234,-83.37894439697266
-22.94805556,17.1525,1690.0,1965.0,-0.7236440382959123,7.735882536508143e-05,-1.73,-2.5,-2.492544651031494,-4.243873596191406
47.81666667,13.71777778,1616.0625,2002.0,0.6354323008901774,2.7544401746126823e-05,-7.53,-45.9,-9.55508804321289,-67.69705963134766
32.37,-64.68,1.0638428,1965.0,-0.9741004551724206,0.0001217608951264,-4.7,-31.0,-5.515524387359619,-32.534400939941406
5.93,116.06,4.5031738,2017.0,-0.9741004551724206,4.039371196995489e-05,-7.83,-58.0,-6.519407272338867,-44.424476623535156
19.72,-155.07,7.4401855,1966.0,-0.9741004551724206,1.3962640878162348e-05,-0.8,2.8,-3.1257691383361816,-10.169898986816406
-21.25428,-63.4069,394.96875,2010.0,-0.9741004551724206,5.8002427977044135e-05,1.53,38.3,-2.4561524391174316,-3.9032974243164062
-0.743055556,-90.30222222,1.7120972,2015.0,-0.9911140639934546,2.2273618469625944e-06,-0.478271531,8.357817261,-1.7428650856018066,2.7719955444335938
43.945,4.825277778,23.490234,2002.0,-0.5524353131676203,0.0,-4.98,-30.9,-5.173437595367432,-29.332984924316406
60.72,-135.07,695.0,1963.0,-0.2135209154397959,0.0,-15.9,-131.1,-21.804174423217773,-170.29342651367188
48.24861111,16.35638889,200.63281,2011.0,-0.680773409477016,1.6559662981308065e-05,-5.61,-38.0,-6.478704929351807,-41.548316955566406
-29.89805556,-71.2425,14.506836,2010.0,0.741222010848596,6.395224045263603e-05,-4.92,-31.2,-6.388330936431885,-40.702552795410156
35.27,-75.55,0.0,1964.0,-0.7116566222817751,0.0,-5.4,-21.1,-4.086523532867432,-19.161109924316406
49.93333333,36.28333333,149.28125,2020.0,-0.6932812268869771,0.0,-8.27,-55.9,-6.7074103355407715,-44.043304443359375
35.33,25.18,55.933594,1966.0,0.2386727660059501,1.096807636713493e-06,-8.54,-52.8,-5.276548862457275,-30.297950744628906
50.3119,11.8758,564.53125,1994.0,-0.7236440382959123,5.502941348822787e-06,-10.3,-72.4,-10.657480239868164,-76.9305191040039
48.545,13.3528,478.40625,1998.0,0.9760105506323683,7.846139487810433e-05,-12.3,-87.2,-10.693288803100586,-77.2304458618164
6.9506,79.8795,3.7172852,2012.0,0.7295575540864875,8.232739492086694e-05,-0.92,4.07,-3.938528537750244,-17.776100158691406
36.846389,-2.356942,16.541016,2002.0,0.2386727660059501,0.0,-0.17,-1.74,-5.255926609039307,-30.104957580566406
51.3,3.75,9.4589844,2006.0,0.9999166586547379,6.8229455791879445e-06,-4.52,-29.32,-6.872156620025635,-45.256290435791016
52.1,5.18,1.7967529,1987.0,0.9510565162951535,0.0,-9.33,-65.5,-7.687697410583496,-52.76671600341797
47.37233597,8.083138245,397.48438,2019.0,-0.680773409477016,0.0,-5.05,-32.21,-6.357397556304932,-40.413063049316406
31.99730278,34.81616111,44.347656,2000.0,0.2386727660059501,2.7543946998775937e-06,-7.4,-26.2,-3.7031922340393066,-15.573707580566406
-21.02823729,55.47161911,1175.3125,2014.0,-0.6680638642135333,1.3740039321419316e-05,-5.03,-27.79,-3.822073459625244,-16.686256408691406
47.37233597,8.083138245,397.48438,2021.0,-0.9587178169872964,0.0,-9.53,-66.43,-7.525403022766113,-52.01607894897461
31.28,34.17,8.2612305,1977.0,-0.3049212246562894,6.659902737737866e-06,-6.94,-38.0,-4.273336887359619,-20.909400939941406
6.906666667,79.87,14.911133,1986.0,-0.2135209154397959,0.0002396783820586,-1.29,0.4,-2.5531983375549316,-4.811500549316406
47.37233597,8.083138245,397.48438,2014.0,-0.9741004551724206,0.0,-6.34,-40.6,-8.776873588562012,-62.350318908691406
47.81666667,13.71777778,1616.0625,2022.0,-0.6084768701151264,0.0,-15.157,-104.4,-11.117876052856445,-80.7867202758789
-23.8,133.88,544.75,1968.0,0.6994583270516471,0.0,-6.96,-42.3,-4.972067356109619,-27.448463439941406
4.7,-74.13,2551.125,2006.0,0.2386727660059501,0.0,-4.99,-25.88,-2.8765625953674316,-30.745113372802734
41.64083945,-4.754446679,735.625,2014.0,-0.7236440382959123,4.271777288522571e-05,-8.6,-58.7,-9.208513259887695,-64.79419708251953
-35.07,173.28,71.449219,1989.0,-0.2135209154397959,9.16305543796625e-06,-6.47,-40.1,-4.033148288726807,-18.661598205566406
45.37,-63.27,12.535156,1976.0,-0.27195815753410524,0.000193782732822,-11.9,-74.0,-10.060258865356445,-94.9570083618164
-46.88,37.87,0.0,1973.0,-0.9741004551724206,3.124603972537443e-05,-4.69,-25.4,-4.841055393218994,-26.222389221191406
51.93,-10.25,33.068359,2001.0,-0.7236440382959123,2.9015595828241203e-06,-3.49,-19.1,-7.125606536865234,-47.10657501220703
51.116535,17.029468,118.94141,2004.0,-0.7055836101071774,0.0,-3.39875,-22.81744245,-10.50401496887207,-75.6451187133789
54.6789,13.4342,38.980469,2003.0,-0.7236440382959123,0.0,-9.07,-63.3,-9.468124389648438,-66.96866607666016
53.32,-60.42,46.541016,1964.0,0.9721181966290613,0.0,-19.2,-140.9,-15.83949089050293,-120.3342056274414
13.52,2.09,210.4375,1998.0,-0.2135209154397959,0.0,-3.0,-28.0,-4.467428684234619,-22.725807189941406
43.54983333,13.60116667,546.1875,2014.0,0.9510565162951535,0.0,-9.9,-63.0,-6.312513828277588,-39.993019104003906
19.32622222,-99.17605556,2276.625,2013.0,0.2802306751992159,0.0,-8.99,-63.3,-7.228532791137695,-50.340736389160156
51.18,8.4889,841.375,2009.0,-0.9587178169872964,0.0,-8.09,-51.0,-7.751232147216797,-52.58824920654297
-33.97,18.6,41.798828,1973.0,0.9760105506323683,0.0,-2.07,-5.5,-3.3974976539611816,-12.712867736816406
48.24861111,16.35638889,200.63281,2013.0,-0.2135209154397959,0.0002075618685921,-8.9,-63.6,-6.543907642364502,-42.15851593017578
39.95,32.88,920.125,2000.0,0.2386727660059501,2.882807530113496e-05,-6.44,-39.5,-10.693288803100586,-77.2304458618164
41.9,12.5,59.011719,2003.0,0.1202080448993527,0.0,-5.14,-28.1,-8.243915557861328,-56.245826721191406
-75.58333333,-20.56666667,105.53516,1977.0,-0.9587178169872964,0.0,-31.22,-234.0,-21.138933181762695,-168.63790893554688
-13.8,-171.78,0.0,1974.0,-0.9587178169872964,1.929660174937453e-05,-2.07,-4.5,-2.890432834625244,-7.967506408691406
52.1,5.18,1.7967529,1983.0,0.741222010848596,0.0,-7.47,-50.6,-6.866888523101807,-45.181129455566406
38.01666667,-7.866666667,279.60938,1989.0,-0.2884824328806098,0.0,-7.31,-47.7,-5.917051792144775,-36.292091369628906
37.97,23.72,100.17578,2009.0,0.9510565162951535,0.0,-5.87,-29.91,-5.0970139503479,-28.617774963378906
42.025,35.15833333,61.443359,2017.0,0.9760105506323683,0.0,-7.63,-48.9,-8.585699081420898,-59.577613830566406
-65.07944444,-63.9775,286.6875,1988.0,-0.6932812268869771,6.848095600380787e-06,-8.92,-66.1,-7.960911273956299,-93.84175872802734
40.41666667,-7.55,1295.4375,2003.0,-0.680773409477016,0.0,-5.27,-33.0,-4.885939121246338,-26.642433166503906
-7.315277778,72.42805556,2.3126221,1969.0,-0.7236440382959123,2.306935857632197e-05,-5.2,-34.6,-3.4799866676330566,-13.484840393066406
49.0392,8.365,112.44141,1994.0,-0.2135209154397959,6.809386104578152e-05,-3.23,-22.7,-6.168764591217041,-38.647743225097656
-8.77,-63.92,52.0,1972.0,-0.27195815753410524,0.0001402644120389,-4.26,-21.8,-4.261206150054932,-20.795875549316406
47.81666667,13.71777778,1616.0625,2002.0,0.7469720876965552,3.2625677704345435e-05,-12.98,-92.9,-10.220104217529297,-73.26712799072266
21.32,103.91,609.09375,2017.0,-0.7236440382959123,0.0,-8.61,-55.5,-6.2148613929748535,-39.079139709472656
37.97,23.72,100.17578,2008.0,-0.7116566222817751,0.0,-7.24,-40.02,-5.428183078765869,-31.717018127441406
-0.166666667,-78.48333333,2781.625,2011.0,0.6994583270516471,0.0,-7.00423307,-44.3180922,-9.941429138183594,-89.0458755493164
41.15305556,-96.49277778,352.0625,1992.0,-0.8674563547295971,0.0,-16.6,-115.0,-6.866888523101807,-45.181129455566406
47.4,28.49166667,94.726562,2015.0,0.2386727660059501,0.0,-17.07,-125.2,-13.30219841003418,-99.0822525024414
46.60305556,13.67138889,2148.125,1987.0,0.9760105506323683,6.502966425614432e-05,-10.96,-85.5,-10.787925720214844,-78.02310943603516
47.37233597,8.083138245,397.48438,1995.0,-0.2884824328806098,0.0,-13.2,-101.0,-12.030994415283203,-88.43485260009766
51.6,-1.1,55.042969,2013.0,-0.2884824328806098,0.0,-8.53,-60.2,-7.897663593292236,-53.814735412597656
50.3119,11.8758,564.53125,1993.0,0.29671281927349075,3.611548527260311e-05,-5.7,-40.8,-8.145126342773438,-55.88744354248047
-26.61361111,118.5372222,517.78125,2008.0,-0.7116566222817751,4.162533150520176e-05,-11.58,-76.2,-3.802664279937744,-16.504615783691406
-24.78,-65.4,1227.625,1999.0,-0.9741004551724206,0.0,0.2,13.0,-2.638113498687744,-5.606178283691406
31.62,25.95,0.0,1992.0,0.2386727660059501,0.0,-3.46,-12.4,-3.8778748512268066,-17.208473205566406
49.7703,9.9578,265.90625,2010.0,0.6994583270516471,0.0,-9.83,-81.5,-10.140813827514648,-72.6030044555664
51.35,12.43,125.46484,1989.0,-0.2884824328806098,0.0,-10.8,-82.8,-10.613998413085938,-76.56632232666016
10.30944444,-84.8075,1486.125,2004.0,-0.17976658572556214,0.0001418683095835,-7.6,-56.0,-6.719718933105469,-47.002479553222656
-36.6395,-72.09198611,118.87109,1989.0,-0.680773409477016,0.0,-8.0,-53.0,-4.972067356109619,-27.448463439941406
43.91281944,4.888775,30.959961,2017.0,0.9760105506323683,0.0,-4.08,-21.6,-5.838201999664307,-35.554176330566406
44.09,11.08,1145.625,1973.0,-0.9741004551724206,9.865615538728887e-06,-6.19,-35.8,-6.790161609649658,-44.46308135986328
51.3744,11.2919,162.88281,1997.0,-0.2135209154397959,0.0,-8.43,-65.2,-6.47294282913208,-41.49439239501953
4.466666667,101.3833333,1451.4375,2016.0,0.9721181966290613,0.0006523480406031,-3.65,-12.1,-2.6550965309143066,-5.765113830566406
43.91281944,4.888775,30.959961,2020.0,-0.9634705485641486,0.0,-6.85,-43.2,-4.953871250152588,-27.278175354003906
0.05,32.45,1135.4375,2017.0,-0.9741004551724206,0.0001214743751916,-4.1,-18.9,-2.9122681617736816,-8.171852111816406
46.095,14.597,283.89062,2006.0,0.9510565162951535,1.6186904758797027e-05,-14.13,-105.32,-9.859460830688477,-70.2464370727539
34.57,69.21333333,1788.0,1974.0,-0.2884824328806098,1.779570993676316e-05,-11.58,-73.1,-6.866888523101807,-45.181129455566406
43.49111613,-3.800555816,50.095703,2017.0,0.6994583270516471,0.0,-6.85,-43.6,-5.72781229019165,-34.521095275878906
46.60305556,13.67138889,2148.125,2001.0,-0.7694148268839381,0.0,-7.22,-43.9,-9.163751602172852,-64.4192886352539
36.29166667,81.00833333,2226.875,1992.0,0.06880242680231986,0.0,-19.28,-172.9,-8.839395523071289,-66.60830688476562
46.72738634,8.186782163,600.90625,2016.0,0.2802306751992159,0.0002011171600315,-9.93,-74.0,-7.827325344085693,-53.22559356689453
21.04534722,105.7986667,12.334473,2006.0,0.9510565162951535,1.5611585695296526e-05,-1.28,-0.98,-2.706045627593994,-6.241920471191406
47.4,28.49166667,94.726562,2014.0,-0.9587178169872964,0.0,-12.12,-88.0,-7.640308856964111,-52.94951629638672
52.88333333,-1.083333333,60.794922,1989.0,-0.2135209154397959,0.0,-4.3,-24.0,-6.22820520401001,-39.204017639160156
13.03,123.94,881.09375,1998.0,-0.2884824328806098,5.883896301384084e-05,-5.06,-25.9,-3.492117404937744,-13.598365783691406
36.98,35.3,22.958008,1994.0,-0.680773409477016,0.0,-0.64,-7.9,-3.5964417457580566,-14.574684143066406
43.83758,10.35235,-1.0,2011.0,-0.7236440382959123,0.0,-7.83,-47.98,-6.252769947052002,-39.43390655517578
48.22,11.59,494.59375,1990.0,0.9510565162951535,0.0,-12.02,-87.3,-11.644773483276367,-85.1999282836914
0.05,32.45,1135.4375,2002.0,0.2386727660059501,0.0,-0.42,8.7,-1.2479310035705566,7.403831481933594
40.50691,-1.65147,1713.75,2018.0,0.9510565162951535,0.0,-10.06,-67.0,-9.285245895385742,-65.43689727783203
31.2,35.75,989.09375,1990.0,-0.2884824328806098,0.0,-5.27,-9.4,-4.753714084625244,-25.405006408691406
4.05,114.81,27.053711,2010.0,-0.05161966722325418,9.893309470498934e-05,-9.603,-66.279,-7.663639068603516,-56.548439025878906
46.89,7.49,659.34375,2016.0,-0.6932812268869771,0.0,-5.19,-31.22,-6.444132328033447,-41.224769592285156
-54.78,-68.28,104.83984,1985.0,0.9760105506323683,0.0,-11.1,-87.0,-8.626359939575195,-70.2836685180664
54.61666667,39.71666667,135.66406,1981.0,-0.2135209154397959,1.3711804058402777e-05,-6.0,-45.0,-7.579862594604492,-51.15288543701172
49.7703,9.9578,265.90625,2011.0,-0.2135209154397959,2.7216659873374734e-05,-7.15,-50.68,-6.408649921417236,-40.89270782470703
43.73238889,7.423583333,8.8959961,2003.0,-0.9587178169872964,0.0004163777048233,-5.97,-40.8,-4.788893222808838,-25.734230041503906
46.98141401,6.607999655,1046.0625,2008.0,0.9562348265919056,6.72224850859493e-05,-9.13,-62.66946825,-11.698486328125,-85.64981842041016
18.295,-65.79388889,798.625,2007.0,-0.32126966169236515,3.791473136516288e-05,-4.43,-18.9,-2.6162781715393066,-5.401832580566406
46.57248471,8.332719621,1924.0,2006.0,-0.2135209154397959,5.2259303629398346e-05,-8.44,-54.48,-8.102923393249512,-55.533958435058594
46.095,14.597,283.89062,2006.0,0.29671281927349075,0.0,-5.21,-35.27,-7.078862190246582,-46.95658874511719
-54.78,-68.28,104.83984,1983.0,0.9760105506323683,2.1993111658957787e-05,-8.4,-74.0,-8.540201187133789,-69.0544204711914
37.01,-7.96,0.0,1988.0,0.2386727660059501,0.0,-4.63,-24.3,-4.919905185699463,-26.960304260253906
-34.38,-58.28,0.0,1984.0,0.9721181966290613,0.0,-6.6,-30.7,-5.900675296783447,-36.138832092285156
-19.87086111,-43.96733333,844.875,2015.0,0.6994583270516471,0.0,-4.61,-23.9,-5.377233982086182,-31.240211486816406
4.05,114.81,27.053711,2010.0,0.6551563572090853,8.36671533761546e-05,-9.1,-60.43,-6.117208957672119,-38.165260314941406
-12.43,130.87,16.515625,1979.0,0.9510565162951535,9.500149462837726e-05,-6.82,-44.5,-5.044851779937744,-28.129615783691406
37.97,23.72,100.17578,2017.0,0.6994583270516471,0.0,-4.62,-24.2,-5.342054843902588,-30.910987854003906
-27.43,153.08,5.7802734,2001.0,-0.2884824328806098,0.0,0.15,4.9,-2.880728244781494,-7.876686096191406
36.15,-5.35,1.5737915,2013.0,0.6994583270516471,0.0,-5.62,-36.8,-4.5923752784729,-23.895118713378906
-16.49888889,-68.12305556,3582.75,2000.0,0.9562348265919056,7.444166840286925e-05,-24.8,-182.25,-11.517698287963867,-111.5346450805664
-20.901,55.484,83.28125,2016.0,-0.9634705485641486,0.0,-0.91,6.0,-1.6264100074768066,3.8618392944335938
60.18008889,24.83286111,14.698242,2012.0,-0.7116566222817751,0.0,-16.82,-123.9,-11.596176147460938,-84.79288482666016
13.17,100.8,23.824219,1990.0,0.9760105506323683,0.0,-4.89,-31.9,-4.324285984039307,-21.386207580566406
2.883333333,101.7833306,55.289062,1998.0,-0.680773409477016,0.0002261968911625,-10.87,-76.0,-6.271875858306885,-39.612709045410156
43.54983333,13.60116667,546.1875,2017.0,0.29671281927349075,9.28547524381429e-05,-1.26,-8.3,-6.370438098907471,-40.53510284423828
-31.95,115.78,12.910645,1994.0,0.9760105506323683,9.137517736235168e-06,-1.64,-4.1,-4.030722141265869,-18.638893127441406
37.90111111,40.20361111,674.46875,2016.0,-0.7116566222817751,0.0,-5.05,-24.0,-5.403921604156494,-31.489967346191406
36.83,10.23,0.0,1989.0,0.6994583270516471,0.0,-4.38,-23.5,-5.107931613922119,-28.719947814941406
47.37233597,8.083138245,397.48438,2007.0,-0.2135209154397959,0.0,-6.01,-42.88110371,-6.526014804840088,-41.991065979003906
43.365884,-8.421399,56.794922,2009.0,-0.680773409477016,0.0,-0.93,0.19,-3.608572483062744,-14.688209533691406
-2.53,140.72,68.566406,1963.0,-0.7236440382959123,0.0,-4.6,-26.1,-5.827890872955322,-35.457679748535156
-38.47,-62.16,195.67188,2022.0,0.9760105506323683,0.0,-6.73,-45.6,-6.122061252593994,-38.210670471191406
39.95,32.88,920.125,1968.0,0.2386727660059501,0.0,-12.76,-84.4,-10.041061401367188,-71.76749420166016
-32.88,-68.85,762.84375,1988.0,-0.970063921851507,0.00040961796185,-6.5,-53.0,-5.722959995269775,-34.475685119628906
47.07777778,15.44888889,370.03125,2001.0,0.2386727660059501,0.0,-11.24,-80.4,-12.197248458862305,-89.8273696899414
35.27,-75.55,0.0,1973.0,0.9760105506323683,0.0,-2.65,-12.5,-3.783255100250244,-16.322975158691406
-17.83,31.02,1473.25,1990.0,-0.7236440382959123,0.0,-5.29,-31.8,-3.2179627418518066,-11.032691955566406
33.65694444,73.26611111,580.9375,1993.0,-0.9587178169872964,0.0,-7.07,-42.99,-4.936888217926025,-27.119239807128906
-19.23,-66.95972,3702.875,2010.0,0.2386727660059501,5.199859515414573e-05,-10.76877666,-68.9,-10.217140197753906,-92.9794692993164
19.28,166.65,4.0,1966.0,0.9510565162951535,2.4970074719021795e-06,-0.8,2.7,-2.186850070953369,-1.3830337524414062
42.025,35.15833333,61.443359,2022.0,-0.9741004551724206,3.009073225257453e-06,-5.06,-25.9,-6.725641250610352,-43.85926818847656
-20.299175,57.47873889,391.1875,2010.0,-0.680773409477016,1.5084338883752936e-05,-1.352777507,10.1171829,-2.099508762359619,-0.5656509399414062
56.93604,24.09549,1.7421875,2016.0,0.2802306751992159,0.0,-8.13,-55.8,-8.723817825317383,-60.734474182128906
47.833185,1.940433,113.78516,2001.0,0.9760105506323683,1.5632305803592317e-05,-5.8,-35.8,-7.760184288024902,-52.663230895996094
36.83,21.72,19.938477,1967.0,-0.2884824328806098,1.934124611580046e-06,-2.86,-18.1,-5.215895175933838,-29.730323791503906
50.3381,7.6,86.441406,1998.0,0.9760105506323683,0.0,-8.58,-66.6,-8.20075798034668,-56.35340118408203
6.433333333,81.13333333,73.40625,1984.0,0.9562348265919056,0.0,-5.81,-31.5,-4.535360813140869,-23.361549377441406
-0.694444444,-90.325,182.40625,2001.0,-0.2135209154397959,1.4245275451685302e-05,-1.54,-3.6,-1.5972962379455566,4.134300231933594
-54.78,-68.28,104.83984,1983.0,-0.9587178169872964,2.260677683807444e-05,-10.3,-74.0,-10.121891021728516,-87.0096206665039
36.83,10.23,0.0,1982.0,-0.7236440382959123,0.0001852139102993,-6.41,-33.2,-4.972067356109619,-27.448463439941406
41.13333333,-8.6,59.621094,1995.0,0.29671281927349075,1.2086218703188932e-05,-5.52,-37.1,-4.023443698883057,-18.570777893066406
49.0975,19.59,572.9375,2000.0,-0.9634705485641486,0.0,-7.07,-45.1,-9.271177291870117,-65.3190689086914
51.6,-1.1,55.042969,2014.0,-0.9741004551724206,3.099988680332899e-05,-7.59,-49.4,-6.737878322601318,-44.00802993774414
51.56666667,46.03333333,151.39844,1981.0,0.9510565162951535,0.0,-13.0,-94.0,-11.867298126220703,-87.06375885009766
13.73,100.5,5.7392578,1989.0,0.2386727660059501,0.0,-3.0,-15.1,-3.5624756813049316,-14.256813049316406
-2.716666667,-78.33333333,755.28125,1992.0,0.2802306751992159,0.0001870017586043,-6.85,-42.9,-3.4120545387268066,-12.849098205566406
5.93,116.06,4.5031738,2016.0,0.7295575540864875,4.994984192308039e-05,-1.67,-1.7,-6.24761438369751,-39.385658264160156
76.76666667,-18.66666667,0.0,1991.0,-0.2135209154397959,0.0,-15.38,-119.2,-14.468534469604492,-108.8512954711914
48.24861111,16.35638889,200.63281,1973.0,0.9760105506323683,0.0,-15.48,-110.1,-10.501457214355469,-75.62369537353516
-23.8,133.88,544.75,1966.0,0.6994583270516471,0.0,-6.1,-31.6,-4.911413669586182,-26.880836486816406
4.05,114.81,27.053711,2010.0,-0.8840675099433637,8.91896997927688e-05,-13.68,-101.32,-8.090356826782227,-62.636451721191406
-35.07,173.28,71.449219,1990.0,-0.9587178169872964,8.237618749262765e-05,-3.74,-16.0,-3.666800022125244,-15.233131408691406
-34.05,115.0249,77.78125,2017.0,0.6016240632249226,6.039967502147192e-06,-2.4,-3.8,-3.6304078102111816,-14.892555236816406
47.81666667,13.71777778,1616.0625,2001.0,-0.9679377830240641,0.0,-14.18,-96.3,-10.40426254272461,-74.80960845947266
-1.5075,-77.94388889,958.9375,2014.0,-0.2884824328806098,0.0,-3.58,-18.5,-3.419332981109619,-12.917213439941406
-15.6,-56.1,177.79688,1973.0,0.9760105506323683,4.041808642796241e-05,-6.35,-46.1,-5.331137180328369,-30.808815002441406
37.77,-25.65,137.14062,2016.0,-0.9634705485641486,4.767359314428177e-06,-1.43,-0.8,-3.254354953765869,-11.373268127441406
6.9506,79.8795,3.7172852,2011.0,-0.9741004551724206,0.0001517714117653,-5.37564124,-37.41375745,-5.728816986083984,-35.208290100097656
-15.6,-56.1,177.79688,1982.0,0.9760105506323683,0.0002561673463787,-10.18,-70.6,-6.154207706451416,-38.511512756347656
28.58,77.2,222.79688,1973.0,0.741222010848596,0.0,-5.94,-38.9,-0.19013071060180664,17.303245544433594
48.78,-123.13,148.02344,2005.0,-0.2884824328806098,6.914763798704371e-05,-10.55,-81.3,-11.007892608642578,-79.86551666259766
-7.66,-72.65,174.50781,1990.0,0.4937755501599772,0.0001100489753298,-7.27,-44.7,-5.036360263824463,-28.050148010253906
48.24861111,16.35638889,200.63281,1992.0,-0.6932812268869771,4.064958557137288e-05,-6.03,-43.4,-6.328587055206299,-40.14344024658203
38.05011111,23.8675,438.375,2001.0,0.5380051715382996,0.0,-9.75,-65.9,-6.514187335968018,-41.88037872314453
52.1042,8.7519,134.42188,2004.0,0.2386727660059501,0.0,-9.65,-67.6,-9.759708404541016,-69.41092681884766
31.99730278,34.81616111,44.347656,1970.0,0.2386727660059501,0.0,-6.01,-36.8,-4.108358860015869,-19.365455627441406
-15.85,-47.93,1012.8125,1986.0,0.9510565162951535,0.0,-3.4,-20.0,-4.794958591461182,-25.790992736816406
46.37222222,6.470833333,387.75,2014.0,-0.7236440382959123,0.0,-13.74,-101.0,-10.347991943359375,-74.33829498291016
39.28333333,-7.416666667,492.75,1992.0,0.7295575540864875,8.37385596241802e-06,-3.9,-18.9,-4.760992527008057,-25.473121643066406
-11.40438889,-76.32505556,4444.0,2006.0,-0.680773409477016,2.4158960513887e-05,-6.16,-27.62,-8.965557098388672,-75.1230239868164
52.1042,8.7519,134.42188,1980.0,0.9562348265919056,0.0,-7.71,-54.1,-9.397787094116211,-66.37952423095703
39.55339029,2.625298143,5.3820801,2007.0,0.2386727660059501,0.0,-3.6,-21.54,-5.9316086769104,-36.428321838378906
-34.05,115.0249,77.78125,2016.0,0.6152845999633276,1.6917700122576207e-05,-3.25,-10.3,-3.7031922340393066,-15.573707580566406
-33.94638889,151.1730556,3.6643066,2014.0,0.9760105506323683,0.0,-3.89,-14.2,-4.333990573883057,-21.477027893066406
46.60305556,13.67138889,2148.125,2002.0,-0.7469720876965551,5.920076364418492e-05,-5.1,-28.6,-10.069196701049805,-72.0031509399414
47.6772,9.19,442.90625,1989.0,-0.7236440382959123,0.0,-12.59,-87.3,-12.197248458862305,-89.8273696899414
-17.60166667,-149.5583333,949.28125,2000.0,0.8800122039735357,1.8754080883809365e-05,-4.12,-19.7,-4.040426731109619,-18.729713439941406
-46.42,168.32,-0.90939331,1983.0,-0.2884824328806098,8.659497689222917e-05,-8.3,-57.0,-6.866888523101807,-45.181129455566406
-75.58333333,-20.56666667,105.53516,2007.0,0.6994583270516471,5.05903598848447e-09,-15.79,-116.89,-19.034221649169922,-153.13571166992188
43.91281944,4.888775,30.959961,2012.0,0.2386727660059501,3.2902913517318666e-05,-5.429469446,-38.85816189,-6.6967549324035645,-43.58893585205078
16.76666667,-3.016666667,261.375,2000.0,-0.23030567023061196,0.0002178758441004,-5.2,-30.3,-3.424185276031494,-12.962623596191406
38.43055556,27.15111111,13.000488,2020.0,0.6994583270516471,0.0,-5.67,-35.1,-5.374807834625244,-31.217506408691406
30.35277778,78.48333333,690.15625,2006.0,-0.2135209154397959,0.0001781261235009,-9.4,-61.6,-6.866888523101807,-45.181129455566406
-0.694444444,-90.325,182.40625,2004.0,0.9721181966290613,2.1025940441177227e-05,-1.92,-7.1,-3.4751343727111816,-13.439430236816406
22.06538333,-80.48231667,32.125,2022.0,-0.2135209154397959,0.0,-0.28,7.5,-3.336843967437744,-12.145240783691406
66.53333333,66.66666667,16.196289,1998.0,-0.680773409477016,0.0,-14.1,-105.1,-11.826374053955078,-86.72098541259766
41.733333,43.516667,0.0,2018.0,0.741222010848596,7.930715219117701e-05,-5.92,-28.0,-5.709616184234619,-34.350807189941406
37.97,23.72,100.17578,2015.0,-0.2884824328806098,0.0,-3.04,-10.6,-5.8169732093811035,-35.355506896972656
51.93,-10.25,33.068359,1963.0,0.9510565162951535,1.4344383316711171e-06,-7.6,-45.2,-6.509334564208984,-43.369728088378906
61.22,-48.12,20.967773,1964.0,0.2386727660059501,0.0,-12.5,-109.6,-15.721834182739258,-119.3487319946289
4.7,-74.13,2551.125,2021.0,-0.2884824328806098,0.0,-2.71,-10.9,-7.710346698760986,-57.214820861816406
46.39864119,6.233803787,434.125,2018.0,-0.680773409477016,0.0,-5.43,-34.4,-6.246704578399658,-39.37714385986328
39.95,32.88,920.125,1992.0,0.7295575540864875,0.0,-3.33,-33.2,-5.818384170532227,-35.1187858581543
60.18008889,24.83286111,14.698242,2004.0,-0.6932812268869771,5.1780283683910966e-05,-10.44,-70.9,-7.764772415161133,-55.37905502319336
47.81666667,13.71777778,1616.0625,2019.0,-0.4787338401157883,3.449132054811344e-05,-14.67,-108.4,-11.130664825439453,-80.89383697509766
41.38,2.12,59.777344,1998.0,-0.7236440382959123,0.0001671032659942,-2.79,-5.7,-5.965574741363525,-36.746192932128906
49.7703,9.9578,265.90625,1993.0,-0.7236440382959123,0.000143523371662,-11.12,-78.9,-10.007810592651367,-71.4889907836914
47.81666667,13.71777778,1616.0625,2021.0,-0.12874817745258066,0.0001064419629983,-7.196,-41.47,-9.516721725463867,-67.3757095336914
46.06666667,14.51666667,298.53125,2002.0,-0.5234156073655503,2.7311809390084815e-05,-5.79,-32.79,-7.28859806060791,-48.71330261230469
53.23,6.55,7.7121582,1975.0,-0.2884824328806098,6.450816727010533e-05,-6.6,-37.8,-8.441186904907227,-58.36719512939453
40.45801195,-1.598681669,1425.875,2014.0,0.9760105506323683,0.0,-7.99,-50.7,-8.601045608520508,-59.706153869628906
-15.95555556,-69.21805556,3812.625,2001.0,-0.9587178169872964,0.0,-1.39,-5.5,-6.866888523101807,-45.181129455566406
58.65,49.61666667,162.28906,1982.0,-0.9587178169872964,2.91179349005688e-05,-15.6,-120.0,-13.087347030639648,-97.2826919555664
47.47051111,21.49041944,105.30859,2008.0,0.12874817745258132,2.7265234166407023e-05,-4.44,-23.37,-10.787925720214844,-78.02310943603516
49.0975,19.59,572.9375,2015.0,-0.2135209154397959,0.0,-6.11,-40.8,-7.131627559661865,-47.3833122253418
-7.315277778,72.42805556,2.3126221,1997.0,-0.9741004551724206,0.0001185038490802,-0.88,1.5,-4.137472629547119,-19.637916564941406
50.3381,7.6,86.441406,2008.0,0.2802306751992159,6.171605491545051e-06,-5.27,-32.3,-6.866888523101807,-45.181129455566406
32.36666667,35.75,818.96875,2002.0,0.9510565162951535,0.0,-7.17,-34.7,-4.695486545562744,-24.860084533691406
48.24861111,16.35638889,200.63281,1974.0,-0.2884824328806098,2.099980520142708e-05,-11.51,-86.2,-11.987512588500977,-88.0706558227539
25.46411667,-80.33465278,4.0249023,2004.0,-0.7694148268839381,0.000535876082722,-1.34,2.5,-3.657095432281494,-15.142311096191406
-65.07944444,-63.9775,286.6875,2012.0,0.2386727660059501,3.61606133217824e-06,-9.54,-72.42,-9.60777473449707,-84.03436279296875
-31.75,-60.73,12.836426,2000.0,0.9721181966290613,0.0,-5.6,-30.0,-6.114176273345947,-38.136878967285156
-22.71,-46.46583333,1095.0625,1990.0,-0.47115950767386394,0.0,-2.14,-0.9,-3.8147950172424316,-16.618141174316406
7.789855,-76.650846,30.420898,2016.0,-0.970063921851507,0.000391643581679,-11.02,-77.5,-6.53117036819458,-42.03931427001953
43.78,87.62,900.71875,2003.0,0.9510565162951535,0.0,-9.9,-62.0,-10.511688232421875,-75.70938873291016
14.2785,-2.1365,294.0625,1997.0,-0.9741004551724206,0.0,-1.59,-2.9,-2.1650147438049316,-1.1786880493164062
46.57248471,8.332719621,1924.0,2005.0,0.6994583270516471,3.0088720450294204e-05,-17.77,-129.28,-13.870019912719727,-103.8382339477539
47.6772,9.19,442.90625,2000.0,-0.6932812268869771,0.0,-5.03,-33.3,-6.3619465827941895,-40.45563507080078
-22.9,-43.17,0.0,1967.0,0.2386727660059501,4.707789048552513e-05,-6.88,-41.5,-4.832563877105713,-26.142921447753906
32.81333333,130.7291667,25.359375,2016.0,0.7295575540864875,1.3960504475107882e-05,-5.91,-39.3,-4.765844821929932,-25.518531799316406
39.66666667,43.85833333,1775.9375,1991.0,0.741222010848596,3.1364019378088415e-05,-5.46,-33.2,-6.041391849517822,-37.455726623535156
-0.841111111,29.94194444,1574.5,2004.0,0.2802306751992159,0.0,0.63,17.9,-0.8112244606018066,11.490745544433594
4.466666667,101.3833333,1451.4375,1996.0,-0.9634705485641486,0.0001588786253705,-7.8,-50.6,-7.3937859535217285,-56.059730529785156
50.3381,7.6,86.441406,1997.0,0.741222010848596,2.8307771572144705e-05,-6.99,-52.2,-6.866888523101807,-45.181129455566406
48.78,-123.13,148.02344,2008.0,0.2802306751992159,7.334649853873998e-05,-13.1,-97.7,-12.253519058227539,-90.2986831665039
49.04,37.577,66.21875,2020.0,-0.7116566222817751,2.265896546305157e-05,-12.42,-84.3,-11.163915634155273,-81.1723403930664
-27.43,153.08,5.7802734,1976.0,-0.23030567023061196,0.0,-3.01,-5.8,-3.739584445953369,-15.914283752441406
12.13,15.03,294.5,1969.0,-0.9587178169872964,0.000169232051121,-3.61,-15.6,-3.244650363922119,-11.282447814941406
-1.61374,29.25533,1773.0625,2015.0,-0.9587178169872964,1.1096122761955485e-05,0.831,19.15,-1.3546814918518066,6.404808044433594
46.60305556,13.67138889,2148.125,1974.0,0.741222010848596,1.758913867888623e-07,-13.44,-98.7,-8.477477073669434,-59.713722229003906
-20.47,-54.67,554.875,1977.0,0.9510565162951535,0.0001865739759523,-5.4,-31.0,-5.491262912750244,-32.307350158691406
40.8203002,0.493333172,52.294922,2003.0,0.2386727660059501,0.0,-5.62,-44.14,-6.0013604164123535,-37.081092834472656
-2.77,-171.72,2.7612305,1963.0,-0.680773409477016,1.232204886036925e-05,-1.5,-4.4,-3.0432801246643066,-9.397926330566406
52.4672,13.4019,47.5625,1994.0,-0.9587178169872964,0.0,-7.12,-47.3,-7.361409664154053,-50.194740295410156
9.357072,-75.289167,200.4375,2018.0,-0.7236440382959123,0.0,-3.85,-22.2,-5.043638706207275,-28.118263244628906
51.83,6.25,9.5,1989.0,-0.9741004551724206,1.2242213415447624e-05,-5.73,-35.0,-7.287655830383301,-48.694427490234375
39.55339029,2.625298143,5.3820801,2016.0,-0.970063921851507,0.0,-4.62,-20.0,-5.047277927398682,-28.152320861816406
39.28333333,-7.416666667,492.75,1998.0,0.29671281927349075,0.0,-3.03,-13.9,-4.460150241851807,-22.657691955566406
-22.94805556,17.1525,1690.0,1965.0,0.2386727660059501,0.0,-2.6,-11.8,-3.516378879547119,-13.825416564941406
47.59583333,7.594444444,248.26562,2006.0,-0.9741004551724206,0.0001105279588955,-6.48,-50.45,-8.243963241577148,-58.65747833251953
-34.05,115.0249,77.78125,2015.0,0.8263541987239096,0.0,-3.32,-9.7,-4.016165256500244,-18.502662658691406
-16.49888889,-68.12305556,3582.75,1999.0,-0.9587178169872964,0.0,-11.695,-75.65,-6.866888523101807,-45.181129455566406
47.81666667,13.71777778,1616.0625,2022.0,-0.9275416835791965,8.404869731748477e-05,-13.267,-99.2,-8.690567016601562,-60.455970764160156
46.49143367,9.898180888,1767.6875,1997.0,0.9510565162951535,0.0001703197049209,-16.56,-123.8,-13.650053024291992,-101.9958267211914
31.62,-97.22,151.59375,1963.0,-0.9587178169872964,3.17449084832333e-05,-2.9,1.8,-5.599029064178467,-35.982521057128906
5.383333333,103.1,10.330566,2021.0,-0.7236440382959123,3.438461862970144e-05,-10.53,-72.2,-6.5108513832092285,-41.849159240722656
-27.17,-109.43,140.28906,1991.0,0.9760105506323683,4.259293291397626e-06,-3.8,-27.0,-3.133047580718994,-10.238014221191406
53.32,-60.42,46.541016,1964.0,-0.6932812268869771,0.0,-9.7,-71.9,-10.89535140991211,-78.92288970947266
51.116535,17.029468,118.94141,2009.0,0.7748840413670407,0.0001386947551509,-5.840991,-48.64781605,-7.454532623291016,-50.10314178466797
53.32,-60.42,46.541016,2005.0,-0.9741004551724206,0.0,-11.86,-86.1,-13.501703262329102,-100.7532730102539
32.2361,-110.9439,753.21875,2009.0,0.29671281927349075,0.0,-4.265625,-39.28125,-6.866888523101807,-45.181129455566406
55.67,12.3,26.070312,1967.0,0.741222010848596,2.7460317141958512e-05,-9.05,-62.6,-6.866888523101807,-45.181129455566406
36.29166667,81.00833333,2226.875,1992.0,-0.9307239310379793,0.0,-7.94,-39.3,-4.467428684234619,-22.725807189941406
1.35,103.9,20.787109,1974.0,0.2386727660059501,0.0002252239646622,-3.35,-15.9,-6.866888523101807,-45.181129455566406
51.1622,14.9506,238.80469,1997.0,-0.2135209154397959,0.0,-9.07,-70.1,-6.634584903717041,-43.007118225097656
49.93333333,36.28333333,149.28125,2018.0,0.741222010848596,0.0,-4.51,-34.6,-7.975675106048584,-54.46814727783203
47.07777778,15.44888889,370.03125,1999.0,0.2386727660059501,3.877572089550085e-05,-11.89,-85.5,-12.015647888183594,-88.30631256103516
50.7311,13.7514,876.875,2005.0,0.6994583270516471,1.7245469280169345e-05,-15.36,-111.5,-10.703519821166992,-77.3161392211914
17.03333333,54.11666667,14.982422,1988.0,-0.5877852522924734,0.0,0.02,7.5,-0.9276795387268066,10.400901794433594
4.05,114.81,27.053711,2010.0,-0.661634618242279,9.140741167357191e-05,-9.88,-63.49,-7.273426055908203,-50.981239318847656
30.61,34.8,859.8125,1977.0,-0.1712931441814778,0.0,-7.01,-31.0,-4.285467624664307,-21.022926330566406
48.24861111,16.35638889,200.63281,1970.0,-0.680773409477016,0.0,-6.2,-39.5,-6.940836429595947,-45.74742126464844
-22.71,-46.46583333,1095.0625,1996.0,0.9338372288229252,8.954046643339097e-05,-18.6,-136.5,-5.266844272613525,-30.207130432128906
51.35,12.43,125.46484,2005.0,0.6994583270516471,5.613067969534313e-06,-13.6,-103.3,-10.079427719116211,-72.0888442993164
49.0392,8.365,112.44141,1993.0,-0.2884824328806098,0.0,-7.66,-56.7,-10.365896224975586,-74.4882583618164
2.883333333,101.7833306,55.289062,2014.0,0.9510565162951535,9.154692088486628e-05,-3.82,-21.5,-5.513098239898682,-32.511695861816406
38.28,21.79,113.0625,2018.0,0.9760105506323683,0.0,-0.11,1.8,-5.013311862945557,-27.834449768066406
34.71666667,10.68333333,23.232422,2004.0,0.2386727660059501,0.0,-8.38,-56.95,-5.221960544586182,-29.787086486816406
28.276976,84.30961,2101.5,2016.0,-0.9911140639934546,0.0,-9.389593109,-69.0675661,-8.671707153320312,-70.9306411743164
48.18427778,16.389575,201.11719,2002.0,-0.9911140639934546,0.0,-10.72,-114.8,-7.277507781982422,-51.039466857910156
45.03527778,24.28416667,223.875,2021.0,0.2386727660059501,0.0,-14.17,-101.7,-12.453023910522461,-91.9697036743164
37.77,-25.65,137.14062,2010.0,-0.680773409477016,3.4783545288519235e-06,-3.43,-16.9,-2.972921848297119,-8.739479064941406
78.91666667,11.93333333,38.650391,2019.0,0.9510565162951535,9.49569439399056e-05,-10.77,-68.3,-12.23817253112793,-90.1701431274414
4.332,117.977,598.15625,2008.0,-0.27195815753410524,0.0001302874879911,-9.64,-62.93,-7.6423258781433105,-56.244361877441406
38.79273611,-9.105733333,36.355469,2002.0,-0.7236440382959123,0.0002257079759147,-5.78,-32.3,-4.765844821929932,-25.518531799316406
-13.0,28.65,1260.6875,2011.0,0.9510565162951535,8.885060378815979e-05,-5.732036286,-34.12505267,-5.455436706542969,-32.064170837402344
56.97,24.07,4.2321777,1983.0,-0.9741004551724206,4.030951822642237e-05,-9.3,-75.0,-8.903789520263672,-62.75214385986328
76.76666667,-18.66666667,0.0,2021.0,0.9510565162951535,0.0,-21.39,-162.2,-19.052030563354492,-147.24191284179688
52.93,4.78,0.63311768,1984.0,0.2386727660059501,4.957620330969803e-05,-7.08,-47.9,-8.419445037841797,-58.185096740722656
51.93,-10.25,33.068359,2009.0,-0.9587178169872964,4.302490924601443e-05,-4.31,-27.9,-5.376020908355713,-31.228858947753906
52.1,5.18,1.7967529,1996.0,-0.9995462806873573,0.0,-4.38,-25.7,-6.866888523101807,-45.181129455566406
39.46666667,-6.333333333,410.0,2001.0,-0.9741004551724206,1.3948084415460473e-05,-5.12,-36.7,-5.687174320220947,-34.140785217285156
46.49143367,9.898180888,1767.6875,2014.0,-0.7236440382959123,0.0,-17.18,-126.4,-13.992792129516602,-104.8665542602539
49.7478,6.6581,259.26562,1981.0,0.9760105506323683,0.0001206354863825,-12.74,-94.5,-9.143289566040039,-64.2479019165039
-12.43,130.87,16.515625,2011.0,0.9760105506323683,0.0,-10.27,-68.1,-4.758566379547119,-25.450416564941406
-9.55,16.37,1154.5,1974.0,-0.9587178169872964,1.8608800473884912e-06,-0.08,15.9,-2.686636447906494,-6.060279846191406
52.8911,11.7294,21.530273,1998.0,0.741222010848596,3.361914059496485e-05,-4.06,-29.8,-6.866888523101807,-45.181129455566406
0.616666667,-69.2,92.0,1973.0,0.741222010848596,0.0001159429448307,-7.4,-48.0,-8.493040084838867,-68.3815689086914
44.42,8.85,5.4519043,1984.0,0.9562348265919056,0.0,-6.27,-39.5,-5.731451511383057,-34.555152893066406
48.8281,9.2,313.79688,1987.0,0.9510565162951535,0.0,-9.26,-71.8,-9.764823913574219,-69.45377349853516
38.98916547,-3.920273851,626.8125,2017.0,-0.2884824328806098,0.0,-9.02,-62.2,-6.866888523101807,-45.181129455566406
53.8713,8.7058,4.7202148,1979.0,-0.9587178169872964,5.220517414272763e-05,-5.08,-32.2,-6.616237163543701,-42.835411071777344
35.68,51.32,1161.1875,1963.0,-0.680773409477016,0.0,-2.4,-13.0,-3.3635315895080566,-12.394996643066406
51.1622,14.9506,238.80469,2005.0,-0.9587178169872964,2.195985143771395e-05,-6.59,-47.1,-7.467217445373535,-51.152435302734375
41.38,2.12,59.777344,1997.0,-0.9741004551724206,0.0,-5.65,-33.0,-5.221960544586182,-29.787086486816406
60.72,-135.07,695.0,1987.0,-0.9741004551724206,0.0,-24.9,-193.0,-21.139158248901367,-164.72335815429688
-15.85,-47.93,1012.8125,1989.0,-0.9587178169872964,5.78289655095432e-05,0.09,12.8,-2.206259250640869,-1.5646743774414062
41.13333333,-8.6,59.621094,1994.0,-0.680773409477016,0.0,-2.51,-11.2,-3.6692261695861816,-15.255836486816406
-22.71,-46.46583333,1095.0625,1998.0,-0.9984354211555643,1.2609365512616932e-05,-3.27,-13.81,-2.7618470191955566,-6.764137268066406
-20.299175,57.47873889,391.1875,2011.0,0.741222010848596,2.123912054230459e-05,-0.883273525,5.225858945,-3.196127414703369,-10.828346252441406
4.05,114.81,27.053711,2006.0,-0.7354170229639858,7.658323738723993e-05,-4.87,-20.74,-6.7235941886901855,-43.840110778808594
-33.11011944,-64.24918333,408.09375,2008.0,0.2802306751992159,0.0,-6.9,-42.0,-6.2197136878967285,-39.124549865722656
47.59583333,7.594444444,248.26562,1991.0,-0.9741004551724206,0.0,-10.18,-71.3,-8.149044036865234,-57.98133087158203
-53.0,-70.833333,32.589844,2007.0,-0.7236440382959123,0.0,-4.75,-48.7,-8.472179412841797,-68.0839614868164
44.23,-79.77,234.99219,1999.0,0.29671281927349075,0.0,-4.72,-30.3,-7.178454875946045,-47.7907600402832
4.7,-74.13,2551.125,2004.0,0.9721181966290613,0.000101949670352,-17.75,-131.0,-7.6341633796691895,-56.127906799316406
51.35,12.43,125.46484,1989.0,0.9760105506323683,0.0,-9.7,-71.3,-8.979593276977539,-62.876808166503906
9.357072,-75.289167,200.4375,2010.0,-0.2884824328806098,0.0,-5.393508179,-34.57475018,-4.832563877105713,-26.142921447753906
-37.82,144.97,6.1674805,1986.0,-0.680773409477016,7.997142347448971e-06,-4.52,-22.2,-4.415266513824463,-22.237648010253906
-34.05,115.0249,77.78125,2008.0,-0.6354323008901775,0.0,-7.76,-52.5,-3.273764133453369,-11.554908752441406
38.28,21.79,113.0625,2011.0,-0.9741004551724206,5.911364496569149e-05,-6.382002824,-39.22492406,-4.531721591949463,-23.327491760253906
22.31666667,114.1666667,34.056641,1988.0,-0.23030567023061196,0.0,-7.57,-49.7,-7.553445339202881,-54.976295471191406
36.55530278,126.635925,59.384766,2022.0,0.9510565162951535,0.0,-5.6,-31.3,-5.87883996963501,-35.934486389160156
46.78,23.61,336.76562,2015.0,-0.680773409477016,0.0,-8.38,-56.0,-6.433517932891846,-41.12543487548828
39.95,32.88,920.125,1983.0,0.741222010848596,0.0,-4.98,-28.4,-5.580143928527832,-33.136436462402344
22.74527778,88.49583333,8.7597656,2005.0,-0.9922222094179324,0.0,-8.15,-57.82,-7.84729528427124,-59.168678283691406
28.22,-177.37,0.0,1978.0,0.29671281927349075,2.153633431589697e-05,-2.27,-9.6,-3.259207248687744,-11.418678283691406
45.06767778,22.79993889,366.15625,2019.0,-0.2135209154397959,0.0,-6.81,-46.7,-6.596221446990967,-42.648094177246094
-2.53,140.72,68.566406,1973.0,-0.2884824328806098,0.0,-2.69,-15.5,-5.833956241607666,-35.514442443847656
-0.37,-78.55,3064.0,1977.0,0.6994583270516471,3.223852036171593e-05,-11.71,-82.5,-10.19537353515625,-92.6689224243164
-36.6395,-72.09198611,118.87109,1989.0,-0.9741004551724206,0.0,-6.3,-25.0,-4.234518527984619,-20.546119689941406
4.469205556,-74.36964167,1950.1875,1999.0,-0.9587178169872964,3.107829616055824e-05,-12.16,-83.45,-7.267757892608643,-50.900367736816406
13.73,100.5,5.7392578,1974.0,-0.9741004551724206,0.0001602653355803,-8.89,-58.3,-7.471366882324219,-53.805274963378906
4.365694444,18.58725,381.14062,2020.0,-0.6932812268869771,0.0,-2.51,-12.5,-3.5576233863830566,-14.211402893066406
40.7930564,-4.010553289,1892.5,2016.0,0.7295575540864875,0.0,-11.21,-76.3,-7.84165620803833,-53.074440002441406
-65.07944444,-63.9775,286.6875,1979.0,0.741222010848596,8.041568569886428e-07,-13.83,-103.1,-8.8603515625,-73.6220474243164
41.02444444,40.52,10.936523,2019.0,0.29671281927349075,0.0002156636619474,-5.41,-29.4,-5.470640659332275,-32.114356994628906
46.72738634,8.186782163,600.90625,2011.0,0.9760105506323683,2.360556936764624e-05,-2.85,-16.97,-11.348073959350586,-82.7148208618164
35.13,-111.67,2151.0,1969.0,-0.2884824328806098,0.0,-14.5,-125.6,-7.265944004058838,-50.874488830566406
4.466666667,101.3833333,1451.4375,2013.0,0.29671281927349075,0.0,-4.11,-20.5,-7.054625988006592,-47.859596252441406
50.4972,9.9428,920.40625,2013.0,0.29671281927349075,0.0,-9.06,-63.76,-7.923880577087402,-54.034324645996094
1.685556,33.616389,1096.9375,2014.0,-0.7236440382959123,4.112752139917575e-05,-1.66,-5.1,-2.8200745582580566,-7.309059143066406
45.81666667,15.98333333,156.41406,2001.0,0.741222010848596,6.845017924206331e-05,-7.08,-53.05,-7.145363807678223,-47.51359558105469
10.18183333,-84.21931389,2519.0,1999.0,0.2386727660059501,0.0,-8.23,-53.78,-6.843146324157715,-54.42202377319336
-38.47,-62.16,195.67188,1985.0,0.9510565162951535,0.0001001081618596,-8.4,-57.0,-6.044424533843994,-37.484107971191406
53.23,6.55,7.7121582,2000.0,0.7295575540864875,6.303476402536035e-05,-6.2,-55.0,-6.866888523101807,-45.181129455566406
36.38,28.1,62.691406,1964.0,0.9562348265919056,0.0001805781503207,-4.35,-17.6,-5.312941074371338,-30.638526916503906
32.55,35.85,570.125,1991.0,0.6994583270516471,0.0001597411173861,-7.28,-36.0,-3.7808289527893066,-16.300270080566406
29.86777778,77.89388889,266.375,2006.0,-0.9741004551724206,0.0,-4.9,-29.6,-4.207830905914307,-20.296363830566406
6.565555556,100.2348889,28.0,2003.0,-0.2135209154397959,0.0,-5.92,-35.47,-6.004393100738525,-37.109474182128906
33.46555556,126.9333333,5.9509277,1995.0,-0.7856498550787144,0.0,-4.6,-29.0,-6.6832594871521,-43.46263885498047
49.82,-74.97,386.4375,2006.0,0.741222010848596,3.462181120994501e-05,-11.65,-84.9,-11.171588897705078,-81.23661041259766
38.98916547,-3.920273851,626.8125,2016.0,-0.27195815753410524,4.866245944867842e-06,-8.88,-59.8,-6.866888523101807,-45.181129455566406
-0.13,-67.08,58.835938,1989.0,-0.8674563547295971,4.607294249581173e-05,-4.34,-20.0,-3.472708225250244,-13.416725158691406
46.22030867,7.33848445,481.70312,2007.0,0.741222010848596,1.966092713701073e-05,-11.65,-90.05945037,-8.13681411743164,-55.81781768798828
-34.05,115.0249,77.78125,2017.0,0.26366549272800704,1.6059575500548817e-05,-2.56,1.0,-3.560049533843994,-14.234107971191406
58.75,-94.06,16.645508,1991.0,-0.2884824328806098,3.1995761673897505e-05,-27.89,-214.2,-18.13335609436035,-167.07455444335938
36.78,3.052222222,139.10156,2003.0,-0.9587178169872964,8.008543773030397e-06,-4.85,-26.1,-4.355825901031494,-21.681373596191406
35.68,51.32,1161.1875,1981.0,-0.9741004551724206,0.0,-3.33,-20.8,-4.734304904937744,-25.223365783691406
40.41666667,-7.55,1295.4375,1998.0,0.9760105506323683,0.0,-5.99,-38.5,-7.574107646942139,-51.10468292236328
38.28,21.79,113.0625,2010.0,-0.7236440382959123,0.0,-4.699940826,-24.14837138,-5.471853733062744,-32.125709533691406
-0.166666667,-78.48333333,2781.625,2020.0,-0.27195815753410524,9.592471542418934e-06,-10.8,-76.5,-8.031404495239258,-61.795387268066406
33.27722222,44.38765833,39.535156,2019.0,0.6354323008901774,0.0,-2.52,0.36,-3.598867893218994,-14.597389221191406
48.8281,9.2,313.79688,1987.0,-0.2884824328806098,0.0001046492980094,-12.54,-91.5,-10.926044464111328,-79.17996978759766
17.25,54.08333333,863.25,1988.0,0.7354170229639855,0.0,-0.83,10.4,-0.36481332778930664,15.668479919433594
78.91666667,11.93333333,38.650391,2021.0,-0.2884824328806098,1.110259927372681e-05,-7.12,-39.8,-11.268783569335938,-82.05069732666016
48.24861111,16.35638889,200.63281,1995.0,0.2386727660059501,0.0,-13.99,-105.9,-10.787925720214844,-78.02310943603516
28.276976,84.30961,2101.5,2016.0,-0.5877852522924734,0.0,-12.2613206,-87.58456975,-9.206804275512695,-78.5649185180664
59.96666667,30.3,3.7930908,1983.0,0.29671281927349075,0.0001009996922221,-10.4,-83.0,-9.53718376159668,-67.5470962524414
60.18008889,24.83286111,14.698242,2000.0,-0.7116566222817751,1.1255649042141158e-05,-11.66,-80.2,-11.706159591674805,-85.7140884399414
-15.6,-56.1,177.79688,1966.0,0.9760105506323683,0.0001534963375888,-2.3,-9.8,-4.541426181793213,-23.418312072753906
49.7703,9.9578,265.90625,2005.0,0.29671281927349075,0.0,-4.44,-30.65,-7.371725082397461,-49.40956115722656
40.80638889,-104.7547222,1641.75,1996.0,-0.3131070409358267,0.0,-1.9,-20.0,-9.09615707397461,-76.9863052368164
46.095,14.597,283.89062,2002.0,0.2386727660059501,9.348348612547852e-06,-11.8,-86.1,-11.78033447265625,-86.33536529541016
46.60305556,13.67138889,2148.125,1985.0,0.9510565162951535,0.0,-16.26,-121.5,-11.450384140014648,-83.5717544555664
45.37,-63.27,12.535156,1977.0,-0.680773409477016,0.0,-6.1,-40.0,-6.366337776184082,-40.1715202331543
-12.43,130.87,16.515625,1963.0,0.2386727660059501,8.444440754828975e-05,-9.2,-57.6,-4.365530490875244,-21.772193908691406
53.8713,8.7058,4.7202148,2001.0,0.2386727660059501,2.600354946480365e-06,-10.5,-78.25,-9.080625534057617,-63.72303009033203
47.81666667,13.71777778,1616.0625,2020.0,0.8013610881746766,0.0,-7.307,-50.41,-9.217464447021484,-64.86917877197266
39.46666667,-6.333333333,410.0,2008.0,0.9721181966290613,0.0,-6.7,-41.39,-5.72781229019165,-34.521095275878906
12.98861111,80.25777778,12.481445,2001.0,0.9760105506323683,0.0,-1.97,-2.0,-3.904562473297119,-17.458229064941406
-0.166666667,-78.48333333,2781.625,2005.0,0.9760105506323683,0.0004041544161736,-15.91,-118.22,-10.258859634399414,-93.5746841430664
47.81666667,13.71777778,1616.0625,2021.0,-0.6084768701151264,0.0,-11.173,-77.04,-11.122991561889648,-80.8295669555664
36.05,103.88,1519.75,1997.0,0.741222010848596,0.0,-5.7,-41.4,-4.030722141265869,-18.638893127441406
4.036666667,9.734166667,39.230469,2006.0,-0.7236440382959123,5.712303754989989e-05,-4.14,-19.48,-2.890432834625244,-7.967506408691406
-34.38,-58.28,0.0,1998.0,-0.2884824328806098,0.0,-7.4,-50.0,-4.246649265289307,-20.659645080566406
54.5275,9.5486,43.292969,1999.0,0.29671281927349075,2.2123009330243804e-05,-6.56,-47.1,-6.866888523101807,-45.181129455566406
16.73,-169.52,0.0,1965.0,0.9510565162951535,2.89637300738832e-05,-0.5,13.3,-3.1937012672424316,-10.805641174316406
-9.55,16.37,1154.5,1973.0,0.9510565162951535,0.000104295402707,-3.96,-15.7,-5.6422905921936035,-33.720741271972656
28.22,-177.37,0.0,1990.0,-0.2884824328806098,0.0,-2.59,-7.2,-3.7662720680236816,-16.164039611816406
47.42692898,9.400776879,758.46875,2022.0,0.9510565162951535,0.0,-13.91,-96.1,-11.120433807373047,-80.80814361572266
43.03916667,16.09055556,0.0,2001.0,0.2386727660059501,0.0,-9.19,-62.56,-6.842683792114258,-44.954612731933594
21.32,103.91,609.09375,2021.0,0.6994583270516471,0.0,-6.83,-38.9,-3.967642307281494,-18.048561096191406
9.93,-84.1,1135.125,2017.0,-0.2884824328806098,0.0,-4.62,-24.6,-5.415863990783691,-31.791351318359375
47.4828,11.0622,716.1875,1997.0,0.9510565162951535,0.0001392529229633,-9.85,-71.0,-11.447826385498047,-83.55033111572266
-33.11011944,-64.24918333,408.09375,2012.0,-0.9634705485641486,0.0,-5.0,-18.0,-4.198126316070557,-20.205543518066406
-34.05,115.0249,77.78125,2014.0,-0.7295575540864876,0.0,-6.23,-32.6,-3.205832004547119,-10.919166564941406
40.40725278,-3.686133333,653.5,2003.0,0.288482432880609,0.0,-6.53,-40.3,-5.450018405914307,-31.921363830566406
10.76666667,-85.32,862.78125,1991.0,-0.680773409477016,6.886688788654283e-05,-3.22,-24.1,-6.866888523101807,-45.181129455566406
51.35,12.43,125.46484,1996.0,-0.9634705485641486,4.1265637264586985e-05,-8.69,-57.4,-7.354612350463867,-50.3548698425293
36.88,30.7,0.0,1980.0,-0.970063921851507,0.0,-3.54,-22.1,-3.885153293609619,-17.276588439941406
76.76666667,-18.66666667,0.0,1999.0,-0.9587178169872964,5.728573341912124e-06,-21.46,-164.6,-15.82414436340332,-120.2056655883789
46.65772518,8.292706832,1061.3125,2008.0,-0.7116566222817751,0.0002165178302675,-12.44,-90.34,-13.20500373840332,-98.2681655883789
-31.48388889,145.8294444,259.60938,2007.0,0.2386727660059501,0.0,-0.75,-6.6,-2.987478733062744,-8.875709533691406
25.01666667,102.6833333,1907.8125,1999.0,0.9997685019798909,1.697702828096226e-05,-5.2,-30.4,-3.200979709625244,-10.873756408691406
-20.901,55.484,83.28125,2013.0,0.9760105506323683,5.320557647792157e-06,-0.65,5.4,-3.268911838531494,-11.509498596191406
46.95222563,7.439320571,542.53125,2003.0,0.2386727660059501,0.0,-10.45,-76.26,-12.800878524780273,-94.8832778930664
8.92,-79.6,11.163086,1969.0,-0.2135209154397959,0.000210552214412,-4.7,-22.9,-5.559938430786133,-33.73969268798828
35.27,-75.55,0.0,1962.0,-0.9741004551724206,0.0002042414562311,-4.0,-18.6,-5.584669589996338,-33.181495666503906
53.23,6.55,7.7121582,1966.0,0.6994583270516471,0.0,-11.0,-81.0,-8.03066635131836,-54.928749084472656
53.8713,8.7058,4.7202148,1982.0,0.29671281927349075,6.250696606002748e-05,-7.11,-49.8,-6.866888523101807,-45.181129455566406
-46.42,168.32,-0.90939331,2013.0,0.741222010848596,7.470791024388745e-05,-7.4,-43.4,-6.866888523101807,-45.181129455566406
52.1,5.18,1.7967529,1983.0,0.6994583270516471,1.6509404304088093e-05,-9.7,-64.7,-8.013968467712402,-57.610008239746094
53.32,-60.42,46.541016,2005.0,-0.2135209154397959,0.0,-13.94,-101.2,-9.852049827575684,-73.47834014892578
-7.315277778,72.42805556,2.3126221,1985.0,-0.680773409477016,1.533077738713473e-05,-5.16,-36.0,-3.686209201812744,-15.414772033691406
-5.8,-35.2,40.765625,1969.0,-0.7236440382959123,4.388806337374263e-05,-0.82,9.2,-1.9175477027893066,1.1372299194335938
46.22030867,7.33848445,481.70312,2003.0,0.29671281927349075,7.116131746442989e-05,-2.84,-19.17239586,-6.997014045715332,-46.27104187011719
13.73,100.5,5.7392578,1979.0,-0.9741004551724206,0.0001227191824,-4.22,-26.5,-7.464564800262451,-53.708229064941406
49.0422,12.1019,370.21875,2001.0,0.741222010848596,4.504276512307115e-05,-7.52,-57.8,-7.991661071777344,-54.60204315185547
35.13,-111.67,2151.0,1970.0,-0.2135209154397959,0.0,-5.49,-53.4,-7.976081371307373,-61.006080627441406
50.06166667,19.84861111,356.8125,1993.0,0.9760105506323683,0.0,-12.17,-88.6,-10.580747604370117,-76.2878189086914
48.24861111,16.35638889,200.63281,1989.0,0.9510565162951535,0.0002030618779826,-5.74,-43.8,-10.015483856201172,-71.55326080322266
51.35,12.43,125.46484,1993.0,0.741222010848596,0.0,-6.0,-40.0,-7.038897514343262,-46.621849060058594
-9.98,-67.82,123.0,1990.0,0.4937755501599772,0.0,-7.91,-51.5,-5.299597263336182,-30.513648986816406
48.78,-123.13,148.02344,2007.0,0.741222010848596,0.0,-11.77,-87.3,-12.05912971496582,-88.6705093383789
38.43055556,27.15111111,13.000488,2009.0,0.9510565162951535,0.0,-5.33,-28.37,-5.10671854019165,-28.708595275878906
49.1823,-119.559,334.40625,2008.0,-0.6932812268869771,1.4881701645208524e-05,-10.88,-86.21,-14.816389083862305,-111.7648696899414
48.65,-123.43,15.649902,1976.0,-0.23030567023061196,0.0,-7.9,-71.0,-8.73104476928711,-62.615638732910156
-16.49888889,-68.12305556,3582.75,2001.0,-0.680773409477016,1.939541652973276e-05,-8.54,-52.2,-6.866888523101807,-45.181129455566406
54.6789,13.4342,38.980469,2004.0,-0.27195815753410524,1.2949472875334322e-05,-7.72,-54.2,-10.713750839233398,-77.4018325805664
-0.316666667,-78.96666667,918.15625,1993.0,-0.9741004551724206,0.0,-1.87,-4.9,-3.555197238922119,-14.188697814941406
46.64833333,14.31833333,448.71875,1992.0,-0.970063921851507,0.0,-11.43,-80.3,-9.493701934814453,-67.18289947509766
52.2914,10.4464,80.6875,1993.0,0.29671281927349075,0.0001776603021426,-5.76,-44.6,-6.866888523101807,-45.181129455566406
45.32,-75.67,112.08594,2001.0,0.2386727660059501,0.0,-18.7,-136.5,-15.48283576965332,-115.8151626586914
-1.43,-48.48,4.737793,1966.0,0.9510565162951535,0.0001223723811563,-2.8,-13.7,-5.14553689956665,-29.071876525878906
33.65694444,73.26611111,580.9375,2005.0,0.9760105506323683,0.0009210490388795,-1.13,-18.59,-2.992331027984619,-8.921119689941406
72.58,-38.4799,3202.0,2012.0,0.1797665857255624,1.1793081284849904e-05,-19.3160355,-138.0310328,-31.27809715270996,-249.64547729492188
-12.43,130.87,16.515625,1989.0,0.6994583270516471,1.0811705578817056e-05,-1.31,3.5,-4.79617166519165,-25.802345275878906
46.98141401,6.607999655,1046.0625,2014.0,-0.680773409477016,0.0,-7.35,-48.3,-6.670825481414795,-43.346275329589844
31.2025,29.87666667,-7.1420898,2000.0,-0.3049212246562894,0.0,-4.02,-18.5,-4.405561923980713,-22.146827697753906
36.98,35.3,22.958008,2003.0,0.741222010848596,0.0,-5.13,-30.1,-3.2325196266174316,-11.168922424316406
-30.08,-51.18,244.72656,1979.0,0.9510565162951535,8.542223440599628e-06,-3.13,-13.3,-5.938887119293213,-36.496437072753906
47.37233597,8.083138245,397.48438,2019.0,0.2386727660059501,0.000118840340292,-11.54,-81.45,-10.903024673461914,-78.9871597290039
52.2914,10.4464,80.6875,2008.0,-0.27195815753410524,4.5841170503990725e-05,-11.42,-83.05,-10.394031524658203,-74.72391510009766
-13.0,28.65,1260.6875,1982.0,0.9760105506323683,0.0,-1.71,-3.9,-5.979525089263916,-36.876747131347656
59.96666667,30.3,3.7930908,1989.0,-0.7236440382959123,0.0001066773911588,-13.1,-87.0,-13.61424446105957,-101.6958999633789
36.83,10.23,0.0,1984.0,-0.9634705485641486,0.0,-2.16,-9.1,-3.7662720680236816,-16.164039611816406
31.2025,29.87666667,-7.1420898,2002.0,0.9997685019798909,0.0,-7.05,-45.3,-3.0675415992736816,-9.624977111816406
28.22,-177.37,0.0,1964.0,0.2386727660059501,5.487297312356532e-05,-3.3,-29.2,-3.2664856910705566,-11.486793518066406
23.05,-82.21666667,123.02734,2022.0,-0.2135209154397959,2.017818587773945e-05,-1.28,-1.7,-3.3489747047424316,-12.258766174316406
34.71666667,10.68333333,23.232422,2013.0,0.9760105506323683,0.0,-2.7,-18.2,-4.48562479019165,-22.896095275878906
22.31666667,114.1666667,34.056641,2018.0,0.29671281927349075,0.0,-6.71,-43.1,-6.543907642364502,-42.15851593017578
52.1042,8.7519,134.42188,2003.0,-0.9587178169872964,0.0,-7.19,-45.2,-6.7732834815979,-44.56986999511719
-65.07944444,-63.9775,286.6875,1966.0,-0.9741004551724206,2.875602031390709e-07,-10.8,-79.8,-9.093311309814453,-90.87943267822266
45.23333333,8.033333333,182.35156,2001.0,-0.680773409477016,4.63779506389983e-05,-3.67,-20.29,-5.843660831451416,-35.605262756347656
-34.38,-58.28,0.0,1996.0,-0.6932812268869771,0.0,-2.1,1.3,-3.1985535621643066,-10.851051330566406
-20.901,55.484,83.28125,2013.0,-0.7236440382959123,5.870506356586702e-06,-2.5,-8.1,-2.313009738922119,-2.5636978149414062
47.4828,11.0622,716.1875,1994.0,-0.2884824328806098,0.0,-15.84,-124.3,-13.025960922241211,-96.7685317993164
49.38,-82.12,243.30469,2001.0,0.29671281927349075,1.398705535393674e-05,-8.01,-55.3,-10.105005264282227,-72.3030776977539
-26.41388889,146.2558333,302.09375,2007.0,0.9760105506323683,0.0,-4.34,-20.4,-5.312941074371338,-30.638526916503906
58.38277778,21.81416667,5.9343262,2014.0,0.9510565162951535,4.635889126802795e-06,-13.98,-106.6,-10.417051315307617,-74.9167251586914
49.0392,8.365,112.44141,1990.0,-0.680773409477016,0.0,-5.47,-39.8,-6.656875133514404,-43.215721130371094
52.2914,10.4464,80.6875,1999.0,0.9510565162951535,0.0,-7.24,-61.7,-8.744279861450195,-60.905860900878906
47.37233597,8.083138245,397.48438,2000.0,-0.7116566222817751,6.207187834661454e-05,-15.37,-115.141181,-11.849393844604492,-86.9137954711914
36.98,35.3,22.958008,1988.0,0.9721181966290613,0.0,-5.65,-29.9,-4.554769992828369,-23.543190002441406
-41.47,-72.93,43.574219,2003.0,-0.9587178169872964,0.0,-7.11,-52.6,-6.333742618560791,-40.191688537597656
50.3381,7.6,86.441406,1996.0,0.2802306751992159,1.090557452698704e-05,-3.73,-27.8,-6.866888523101807,-45.181129455566406
44.12,15.24,20.870117,2003.0,-0.7236440382959123,0.0,-5.21,-28.9,-6.364675998687744,-40.481178283691406
78.91666667,11.93333333,38.650391,2013.0,-0.680773409477016,5.341171799955191e-06,-14.44,-111.3,-11.417133331298828,-83.29325103759766
9.466666667,100.05,0.0,1982.0,-0.9587178169872964,7.521746010752395e-05,-6.16,-37.7,-7.106082916259766,-50.14636993408203
14.64,121.04,42.933594,2018.0,-0.2135209154397959,0.0002462495176587,-6.99,-46.1,-6.990119457244873,-46.93927764892578
49.7703,9.9578,265.90625,1982.0,-0.7236440382959123,0.0,-11.89,-80.7,-9.810863494873047,-69.83939361572266
-33.97,18.6,41.798828,2010.0,0.9510565162951535,0.0,2.01695124,9.079311491,-3.598867893218994,-14.597389221191406
47.8008,11.0108,974.96875,1998.0,-0.2135209154397959,0.0,-7.01,-45.52,-7.833080291748047,-53.27379608154297
52.4672,13.4019,47.5625,2010.0,-0.680773409477016,1.1928797903237864e-05,-7.95,-57.21,-7.30522346496582,-48.85255432128906
37.77,-25.65,137.14062,1994.0,0.741222010848596,0.0,-1.69,-8.9,-3.6740784645080566,-15.301246643066406
42.48,9.2,195.91406,1998.0,-0.9741004551724206,0.0,-4.47,-31.4,-5.617422580718994,-33.488014221191406
12.69325,-7.995494444,382.5625,1969.0,-0.2135209154397959,0.0001209140464197,-4.32,-34.8,-6.101438999176025,-38.017677307128906
-26.61361111,118.5372222,517.78125,2011.0,0.6994583270516471,0.0,-12.77,-92.4,-4.871382236480713,-26.506202697753906
51.83,6.25,9.5,1991.0,0.741222010848596,0.0,-6.85,-49.7,-6.866888523101807,-45.181129455566406
49.7478,6.6581,259.26562,1983.0,-0.2884824328806098,1.4044422641745768e-05,-8.95,-65.9,-10.035945892333984,-71.72464752197266
-62.12,-58.56,454.85938,1991.0,-0.9741004551724206,1.2762568615101002e-07,-9.7,-63.0,-8.091127395629883,-93.6809310913086
47.81666667,13.71777778,1616.0625,2001.0,-0.9338372288229252,0.0,-12.26,-88.5,-9.601127624511719,-68.08267974853516
28.58,77.2,222.79688,1967.0,-0.9741004551724206,0.0002061612904071,-6.38,-38.8,-6.866888523101807,-45.181129455566406
53.8713,8.7058,4.7202148,2005.0,-0.2884824328806098,6.8728841142728925e-06,-8.34,-57.55,-9.245599746704102,-65.1048355102539
-0.743055556,-90.30222222,1.7120972,2015.0,-0.5307300481619331,3.194326836819528e-06,-0.721967138,1.25947302,-1.6555237770080566,3.5893783569335938
-37.82,144.97,6.1674805,1978.0,0.9510565162951535,0.0,-1.83,-6.5,-5.14553689956665,-29.071876525878906
51.1622,14.9506,238.80469,2006.0,-0.680773409477016,0.0,-9.31,-67.8,-6.620179653167725,-42.87230682373047
-40.68,144.69,82.167969,1987.0,0.6994583270516471,3.38430363626685e-05,-3.28,-23.5,-4.694273471832275,-24.848731994628906
50.7311,13.7514,876.875,2009.0,-0.9587178169872964,0.0,-7.84,-41.0,-8.094610214233398,-55.464332580566406
64.13,-21.93,12.141602,2019.0,0.6994583270516471,2.269359902129509e-05,-9.04,-63.7,-8.978315353393555,-62.86609649658203
39.95,32.88,920.125,2005.0,0.6994583270516471,9.339280950371176e-06,-9.39,-61.84,-9.74947738647461,-69.32523345947266
60.18008889,24.83286111,14.698242,2017.0,0.9760105506323683,0.0,-12.27,-87.2,-11.867298126220703,-87.06375885009766
51.57,4.93,17.209961,1982.0,-0.7236440382959123,4.681635618908331e-05,-8.5,-51.1,-7.877840995788574,-53.648704528808594
28.2,113.0666667,44.691406,1989.0,0.741222010848596,0.0,-3.43,-17.2,-3.5624756813049316,-14.256813049316406
39.55339029,2.625298143,5.3820801,2018.0,-0.7236440382959123,0.0,-5.81,-35.1,-6.018343448638916,-37.240028381347656
9.0,38.73,2329.125,2015.0,-0.9741004551724206,1.2056148989358915e-05,-0.38,4.5,-0.8500428199768066,11.127464294433594
42.58834633,-5.651107617,911.78125,2017.0,-0.9587178169872964,0.0,-7.31,-54.9,-6.6183600425720215,-42.85527801513672
40.8203002,0.493333172,52.294922,2018.0,0.741222010848596,0.0,-2.84,-16.3,-4.617849826812744,-24.133522033691406
46.64833333,14.31833333,448.71875,2002.0,0.9760105506323683,0.0,-11.06,-79.9,-11.286687850952148,-82.2006607055664
67.15,32.35,0.0,2000.0,0.6994583270516471,0.0,-20.0,-158.6,-18.448400497436523,-142.18600463867188
6.417169444,2.329255556,12.735352,2014.0,-0.680773409477016,2.950508496724069e-05,-5.78,-31.9,-3.0723938941955566,-9.670387268066406
60.72,-135.07,695.0,1963.0,-0.2884824328806098,0.0,-22.1,-171.9,-22.05994987487793,-172.43576049804688
14.64,121.04,42.933594,2000.0,-0.970063921851507,6.37137854937464e-05,-9.91,-68.2,-6.197878360748291,-38.920204162597656
30.92611111,78.94027778,4989.5,2004.0,-0.23030567023061196,0.0,-5.5,-26.0,-11.071836471557617,-80.4011001586914
41.91172742,2.763346411,139.71094,2012.0,0.6994583270516471,0.0,-10.23,-73.7,-6.126307010650635,-38.250404357910156
58.38277778,21.81416667,5.9343262,2022.0,0.29671281927349075,0.0,-9.08,-65.2,-8.204593658447266,-56.385536193847656
46.57248471,8.332719621,1924.0,2009.0,0.9760105506323683,0.0,-15.53,-114.4820993,-13.235696792602539,-98.5252456665039
12.13,15.03,294.5,1970.0,-0.9587178169872964,0.0,-8.89,-51.5,-3.6837830543518066,-15.392066955566406
-21.2,-159.8,7.8220215,1988.0,-0.27195815753410524,4.953087409376167e-05,-5.4,-34.2,-3.598867893218994,-14.597389221191406
28.276976,84.30961,2101.5,2016.0,-0.7638886127905429,0.0002673054113984,-12.06690344,-89.2442628,-7.673615455627441,-56.690773010253906
52.93,4.78,0.63311768,1982.0,-0.9741004551724206,1.8578275557956655e-05,-9.65,-61.8,-7.312693119049072,-48.90360641479492
69.4075,86.18055556,33.941406,1990.0,-0.2884824328806098,0.0,-23.6,-171.0,-22.724966049194336,-178.00582885742188
12.69325,-7.995494444,382.5625,1978.0,-0.680773409477016,0.000231687357882,-3.83,-18.7,-3.618277072906494,-14.779029846191406
1.53,110.34,7.5837402,2013.0,0.29671281927349075,1.3825488167640287e-05,-4.79,-30.4,-7.6844987869262695,-56.846046447753906
4.359,117.986,163.78906,2008.0,-0.7116566222817751,0.0001009128172881,-8.11,-53.08,-7.167839527130127,-50.895713806152344
8.92,-79.6,11.163086,1994.0,-0.9587178169872964,0.0,-3.95,-23.2,-6.379536151885986,-40.62024688720703
-6.289166667,106.6714167,33.568359,2003.0,0.741222010848596,2.8684447897830975e-05,-5.5,-43.8,-5.820005893707275,-35.383888244628906
37.77,-25.65,137.14062,2019.0,0.9760105506323683,1.029810505315254e-06,-2.83,-14.3,-3.3247132301330566,-12.031715393066406
81.6,-16.67,27.780273,1962.0,0.9510565162951535,0.0,-31.0,-230.1,-25.354337692260742,-200.02902221679688
47.37233597,8.083138245,397.48438,2006.0,-0.2884824328806098,0.0,-13.43,-100.2012881,-12.125631332397461,-89.2275161743164
-0.37,35.35,2186.5,1969.0,-0.9587178169872964,4.786601130035706e-05,-0.32,-11.4,-2.972921848297119,-8.739479064941406
50.06166667,19.84861111,356.8125,2014.0,0.6994583270516471,0.0,-12.57,-91.3,-12.391637802124023,-91.4555435180664
4.05,114.81,27.053711,2008.0,-0.4014879892059737,0.0002659299061633,-13.64,-96.44,-6.866888523101807,-45.181129455566406
46.60305556,13.67138889,2148.125,2017.0,0.16280701293851715,8.679826714796945e-05,-5.675,-30.44,-9.76738166809082,-69.4751968383789
49.7703,9.9578,265.90625,1980.0,0.2802306751992159,1.8654031009646133e-05,-7.69,-58.0,-8.79159927368164,-61.30219268798828
64.13,-21.93,12.141602,2020.0,-0.7116566222817751,0.0001355486019747,-8.77,-59.0,-9.387556076049805,-66.29383087158203
49.7478,6.6581,259.26562,1981.0,-0.9587178169872964,1.250678178621456e-05,-8.97,-64.9,-6.549063205718994,-42.206764221191406
39.28333333,-7.416666667,492.75,2003.0,-0.2884824328806098,0.0,-10.45,-69.3,-6.262171268463135,-39.521888732910156
36.55530278,126.635925,59.384766,2018.0,0.9760105506323683,1.3553716371461633e-06,-5.16,-24.2,-5.910986423492432,-36.235328674316406
10.00036389,-84.10913333,1157.3125,2014.0,0.895839290734909,0.000119340555102,-6.329709714,-42.30518617,-2.9559388160705566,-8.580543518066406
51.116535,17.029468,118.94141,2004.0,6.432490598706546e-16,0.0,-8.03075,-46.23310955,-7.38707160949707,-49.53810119628906
34.71666667,10.68333333,23.232422,2008.0,0.2802306751992159,0.0,-0.94,-8.98,-3.8002381324768066,-16.481910705566406
22.31666667,114.1666667,34.056641,2006.0,-0.9741004551724206,0.0,-2.66,-12.29,-5.672010898590088,-33.998878479003906
39.48056611,-0.366386255,14.827637,2017.0,0.9760105506323683,0.0,-3.2,-14.2,-5.061834812164307,-28.288551330566406
-35.07,173.28,71.449219,1963.0,-0.9587178169872964,0.0,-2.0,-6.9,-3.4023499488830566,-12.758277893066406
46.05,-74.28,363.76562,1979.0,-0.2135209154397959,0.0,-9.6,-68.0,-7.816925048828125,-56.67289733886719
52.8,5.05,-4.4990234,2002.0,0.017213356155834685,1.7197087800013833e-05,-5.894,-33.27,-6.353758335113525,-40.379005432128906
-75.58333333,-20.56666667,105.53516,1985.0,0.6994583270516471,3.196390970835502e-08,-14.54,-112.9,-17.451818466186523,-140.38400268554688
31.62,-97.22,151.59375,1976.0,-0.27195815753410524,0.0,-7.28,-45.2,-4.9273295402526855,-31.049781799316406
50.06166667,19.84861111,356.8125,2021.0,0.6994583270516471,0.0,-12.06,-87.2,-12.330251693725586,-90.9413833618164
45.46666667,13.61666667,0.5645752,2000.0,-0.970063921851507,0.0,-7.84,-50.1,-5.929182529449463,-36.405616760253906
45.80666667,15.97,120.36328,1995.0,0.9510565162951535,0.0,-11.1,-78.7,-9.642051696777344,-68.42545318603516
52.1,5.18,1.7967529,1995.0,0.741222010848596,3.156299135298468e-05,-6.41,-41.0,-6.866888523101807,-45.181129455566406
-2.95,-60.2,55.640625,1990.0,0.8800122039735357,8.657937723910436e-05,-5.66,-31.1,-6.506302356719971,-41.80658721923828
40.41195035,-3.67806112,671.09375,2005.0,0.6994583270516471,0.0,-9.56,-68.9,-7.240960121154785,-48.314292907714844
-11.40438889,-76.32505556,4444.0,2010.0,0.2386727660059501,5.861744284629822e-05,-16.36,-120.6,-11.03520393371582,-104.6508560180664
42.58834633,-5.651107617,911.78125,2004.0,-0.23030567023061196,7.282247679540887e-06,-4.93,-34.86,-5.124914646148682,-28.878883361816406
45.80666667,15.97,120.36328,1981.0,-0.2884824328806098,0.0,-12.6,-96.0,-12.391637802124023,-91.4555435180664
6.2,100.4,3.8469238,1992.0,-0.27195815753410524,0.0,-4.59,-24.1,-6.208189487457275,-39.016700744628906
51.6,-1.1,55.042969,1999.0,-0.680773409477016,8.263010386144742e-06,-7.24,-44.7,-6.011671543121338,-37.177589416503906
40.41666667,-7.55,1295.4375,1993.0,0.6994583270516471,0.0,-10.39,-59.3,-6.371044635772705,-40.54077911376953
46.39864119,6.233803787,434.125,2013.0,-0.9741004551724206,0.0,-7.89,-54.81,-8.656543731689453,-61.530128479003906
39.03,141.81,81.234375,1984.0,-0.23030567023061196,6.567312811966985e-05,-6.52,-42.8,-7.586095333099365,-55.442115783691406
46.37222222,6.470833333,387.75,2002.0,-0.9587178169872964,1.1295184776827227e-05,-7.71,-52.3,-7.433460235595703,-51.11090850830078
4.377083333,18.56247222,359.875,2018.0,0.9510565162951535,0.0,4.02,41.3,-1.4177613258361816,5.814476013183594
-27.17,-109.43,140.28906,2000.0,-0.7116566222817751,2.1581738565146225e-06,-1.83,-4.25,-2.715750217437744,-6.332740783691406
38.79273611,-9.105733333,36.355469,2002.0,-0.5667017562911184,0.0002236478903796,-1.49,-4.4,-3.535788059234619,-14.007057189941406
50.4972,9.9428,920.40625,2005.0,-0.9741004551724206,0.0002161697047995,-7.36,-46.0,-8.524312973022461,-59.063453674316406
59.96666667,30.3,3.7930908,1982.0,-0.2135209154397959,0.0,-9.8,-65.0,-7.924520015716553,-54.03968048095703
49.7703,9.9578,265.90625,1996.0,-0.970063921851507,9.418840818398166e-06,-7.34,-49.0,-8.195632934570312,-57.92273712158203
35.27,-75.55,0.0,1975.0,0.9510565162951535,9.51271504163742e-05,-1.32,-4.0,-3.5964417457580566,-14.574684143066406
45.46666667,13.61666667,0.5645752,2002.0,-0.7354170229639858,0.000160401861649,-2.53,-5.12,-5.814547061920166,-35.332801818847656
41.91172742,2.763346411,139.71094,2020.0,0.9721181966290613,3.573990397853777e-05,-5.87,-36.9,-5.712042331695557,-34.373512268066406
28.22,-177.37,0.0,1980.0,0.7295575540864875,5.809148569824174e-05,-0.83,7.0,-3.2519288063049316,-11.350563049316406
-0.37,-78.55,3064.0,2002.0,0.9510565162951535,2.647156179591548e-05,-10.36,-70.9,-10.102865219116211,-91.3490982055664
-65.07944444,-63.9775,286.6875,1970.0,0.6994583270516471,5.646344207989583e-06,-12.59,-96.9,-8.844026565551758,-73.3891372680664
4.83,-52.37,7.9216309,1962.0,-0.2135209154397959,0.0,-1.8,-11.8,-3.3198609352111816,-11.986305236816406
64.13,-21.93,12.141602,2016.0,-0.9634705485641486,4.769191218656488e-05,-9.67,-69.9,-8.346549987792969,-57.57453155517578
41.05916667,-100.7463889,918.34375,1993.0,-0.47115950767386394,0.0,-10.5,-78.0,-6.850991725921631,-45.878761291503906
51.387367,-0.325697,10.34082,2021.0,0.9562348265919056,3.7395224353531376e-05,-0.14,0.04,-6.261261463165283,-39.51337432861328
37.77,-25.65,137.14062,2019.0,-0.2884824328806098,1.0511448635952547e-05,-4.45,-21.5,-4.125341892242432,-19.524391174316406
48.8281,9.2,313.79688,2007.0,0.6994583270516471,3.704611572175054e-06,-7.82,-54.6,-10.578189849853516,-76.26639556884766
41.66056063,-1.004162565,244.98438,2021.0,0.29671281927349075,0.0,-1.99,-12.7,-4.97085428237915,-27.437110900878906
47.47051111,21.49041944,105.30859,2007.0,0.8674563547295968,8.096242527244613e-05,-7.44,-61.88,-10.010368347167969,-71.51041412353516
58.38277778,21.81416667,5.9343262,2014.0,0.741222010848596,0.0,-8.46,-60.6,-8.189247131347656,-56.256996154785156
49.5971,11.0055,285.1875,2012.0,-0.6932812268869771,0.0,-4.7,-31.3,-6.274302005767822,-39.635414123535156
47.6772,9.19,442.90625,1981.0,0.741222010848596,0.0,-13.55,-104.1,-8.753232955932617,-60.98084259033203
-16.29773889,-67.80245,3124.5,1984.0,0.2386727660059501,0.0,-13.82,-96.5,-7.748891830444336,-57.764747619628906
10.25,-67.65,430.0,1964.0,-0.23030567023061196,0.0001906923862406,-4.0,-35.4,-6.034056663513184,-39.244606018066406
41.13333333,-8.6,59.621094,1999.0,0.9510565162951535,2.509788464521989e-05,-3.64,-16.7,-4.979345798492432,-27.516578674316406
46.89,7.49,659.34375,2018.0,0.9510565162951535,3.897721398971044e-05,-12.43,-93.5,-11.253437042236328,-81.92215728759766
53.7122,7.1519,8.8525391,2002.0,-0.2135209154397959,4.81060087622609e-05,-6.56,-46.04,-6.430181980133057,-41.094215393066406
33.46555556,126.9333333,5.9509277,1996.0,0.8498170915275278,7.260188431246206e-05,-4.4,3.0,-4.833776950836182,-26.154273986816406
48.75,-91.62,405.375,1977.0,0.2386727660059501,0.0,-30.0,-230.0,-21.353477478027344,-166.33697509765625
46.72738634,8.186782163,600.90625,1988.0,-0.7116566222817751,0.0,-11.96,-86.0,-13.256158828735352,-98.6966323852539
-34.05,115.0249,77.78125,2009.0,-0.7412220108485957,4.251122390996898e-06,-2.48,-2.6,-3.128195285797119,-10.192604064941406
-2.6,-44.23,60.449219,1989.0,0.29671281927349075,4.015997183159925e-05,-0.32,11.1,-2.6890625953674316,-6.082984924316406
-54.78,-68.28,104.83984,2002.0,-0.2884824328806098,0.0,-11.4,-93.0,-8.538387298583984,-69.0285415649414
39.95,32.88,920.125,1987.0,-0.2135209154397959,0.0,-11.23,-77.5,-4.467428684234619,-22.725807189941406
49.7703,9.9578,265.90625,1987.0,0.741222010848596,1.390247871313477e-05,-7.59,-54.9,-6.993896961212158,-46.24493408203125
47.07777778,15.44888889,370.03125,1979.0,0.9510565162951535,7.465251837857068e-05,-11.59,-82.5,-11.148569107055664,-81.0438003540039
49.0422,12.1019,370.21875,2008.0,-0.9634705485641486,0.0,-8.6,-54.05,-8.287313461303711,-57.58831024169922
6.2,100.4,3.8469238,2021.0,-0.9587178169872964,0.0001976806961465,-8.65,-56.0,-6.031970500946045,-39.286293029785156
13.73,100.5,5.7392578,1990.0,-0.680773409477016,9.38017838052474e-05,-3.13,-15.0,-6.288858890533447,-39.771644592285156
50.7311,13.7514,876.875,2013.0,0.741222010848596,0.0001455394231015,-9.76,-67.3,-8.475715637207031,-58.656410217285156
-13.0,-38.52,39.933594,1975.0,-0.9587178169872964,0.0,-0.86,5.4,-1.7186036109924316,2.9990463256835938
1.53,110.34,7.5837402,2018.0,-0.680773409477016,3.812321665463969e-05,-5.05,-31.0,-6.261296272277832,-40.756874084472656
41.91595556,13.08333333,499.48438,2001.0,-0.2884824328806098,0.00045014967327,-4.95,-17.0,-8.016599655151367,-54.81092071533203
47.81666667,13.71777778,1616.0625,2019.0,0.9033558023246845,0.0,-10.22,-73.6,-10.966968536376953,-79.52274322509766
47.81666667,13.71777778,1616.0625,2022.0,0.3777079652039649,6.183158257044852e-05,-16.841,-123.69,-10.557727813720703,-76.09500885009766
-6.18,106.83,5.1230469,1985.0,-0.2135209154397959,0.0,-4.85,-24.9,-5.443953037261963,-31.864601135253906
42.033333,43.483333,1077.1875,2015.0,-0.9587178169872964,0.0,-5.86,-33.9,-5.352972507476807,-31.013160705566406
43.73238889,7.423583333,8.8959961,2005.0,0.9510565162951535,0.0,-0.71,-5.39,-5.948591709136963,-36.587257385253906
-33.94638889,151.1730556,3.6643066,2008.0,-0.7116566222817751,0.0,-5.17,-26.5,-3.3683838844299316,-12.440406799316406
60.18008889,24.83286111,14.698242,2015.0,0.6994583270516471,4.98984991281759e-05,-13.58,-98.3,-14.171834945678711,-106.3661880493164
47.6772,9.19,442.90625,1978.0,-0.2884824328806098,0.0,-12.92,-96.9,-12.478601455688477,-92.1839370727539
19.32622222,-99.17605556,2276.625,2014.0,-0.2884824328806098,0.0,-17.885,-134.76,-6.642482757568359,-46.600196838378906
28.63,-106.07,1444.25,1963.0,-0.9741004551724206,0.0001421392807969,-2.6,-3.1,-7.189277172088623,-50.77135467529297
48.24861111,16.35638889,200.63281,1975.0,0.741222010848596,0.0,-5.65,-37.1,-7.865691661834717,-53.54694366455078
47.59583333,7.594444444,248.26562,1986.0,-0.2135209154397959,0.0,-4.98,-31.5,-6.254286289215088,-39.448097229003906
-1.283611111,29.69194444,1930.4375,2001.0,-0.2135209154397959,3.188802656950429e-05,-2.91,-3.0,-0.8306336402893066,11.309104919433594
-40.68,144.69,82.167969,2006.0,0.6994583270516471,0.0,-2.67,-10.4,-4.671225070953369,-24.633033752441406
-36.62,-64.29,175.35938,2016.0,0.6994583270516471,0.0,-4.06,-17.5,-6.095980167388916,-37.966590881347656
55.03,82.9,131.42969,1990.0,0.9760105506323683,0.0,-12.1,-83.0,-16.46358299255371,-125.5615005493164
28.46344137,-16.2553441,36.554688,2000.0,0.7295575540864875,2.9472851110767806e-06,-0.7,22.9,-2.676931858062744,-5.969459533691406
-35.07,173.28,71.449219,1979.0,0.741222010848596,8.264362259069458e-05,-4.66,-25.8,-4.827711582183838,-26.097511291503906
36.846389,-2.356942,16.541016,2004.0,-0.7116566222817751,5.3525291150435805e-06,-4.07,-32.25,-5.418478488922119,-31.626197814941406
-38.47,-62.16,195.67188,1987.0,-0.2884824328806098,0.0,-3.0,-25.0,-5.673830509185791,-34.015907287597656
32.63333333,-16.9,0.0,1994.0,-0.9587178169872964,0.0,-1.82,-3.6,-3.414480686187744,-12.871803283691406
1.35,103.9,20.787109,1974.0,-0.9741004551724206,3.195165845681913e-05,-7.98,-51.6,-7.145327568054199,-51.26599884033203
76.52,-68.83,35.275391,1968.0,-0.7116566222817751,8.467359293717891e-06,-19.3,-146.9,-21.169851303100586,-164.98043823242188
41.91595556,13.08333333,499.48438,2002.0,-0.6744436188329457,0.0,-4.13,-20.23,-4.6117844581604,-24.076759338378906
53.7122,7.1519,8.8525391,2005.0,0.9510565162951535,2.309236333530862e-05,-6.76,-48.66,-7.870257377624512,-54.46344757080078
-20.47583333,57.63944444,58.746094,1992.0,-0.23030567023061196,1.0732516784628388e-05,-1.24,5.6,-2.584738254547119,-5.106666564941406
9.0,38.73,2329.125,2011.0,0.6994583270516471,0.0,0.322738471,18.49080187,-0.6850647926330566,12.671409606933594
40.56666667,8.166666667,0.0,2002.0,0.6994583270516471,2.2547335447598016e-06,-5.27,-28.14,-5.642897129058838,-33.726417541503906
52.93,4.78,0.63311768,1983.0,-0.7236440382959123,2.8426613425835967e-05,-5.84,-34.6,-7.9142889976501465,-53.95398712158203
36.34064444,43.12988333,231.57812,2022.0,-0.8674563547295971,0.0001122123576351,-3.59,-9.67,-3.938528537750244,-17.776100158691406
47.8008,11.0108,974.96875,2002.0,0.9760105506323683,3.565449151210487e-05,-11.32,-80.61,-11.102529525756836,-80.6581802368164
35.68,139.77,22.099609,1961.0,-0.2135209154397959,2.690763176360633e-05,-10.7,-73.8,-7.043402671813965,-47.69947052001953
49.7703,9.9578,265.90625,2013.0,-0.2884824328806098,8.094583790807519e-06,-15.18,-120.18,-10.71630859375,-77.42325592041016
-1.040555556,-80.465,36.576172,2017.0,0.9760105506323683,0.0001093643440981,-5.75,-35.8,-4.244223117828369,-20.636940002441406
47.07777778,15.44888889,370.03125,1982.0,0.29671281927349075,0.0001169569950434,-6.8,-51.6,-8.28260612487793,-57.03894805908203
37.77,-25.65,137.14062,2013.0,0.741222010848596,5.0434709919500165e-06,-6.46,-47.4,-3.5285096168518066,-13.938941955566406
48.36,-4.57,68.214844,2001.0,-0.680773409477016,0.0,-3.7,-22.4,-5.226812839508057,-29.832496643066406
41.91172742,2.763346411,139.71094,2013.0,-0.2135209154397959,0.0,-3.36,-23.4,-3.7226014137268066,-15.755348205566406
46.25,48.03,-22.556641,1988.0,-0.27195815753410524,0.0001243111473741,-14.0,-100.0,-12.898073196411133,-95.6973648071289
39.55339029,2.625298143,5.3820801,2015.0,0.9760105506323683,0.0,-2.46,-23.6,-5.124914646148682,-28.878883361816406
28.58,77.2,222.79688,1981.0,0.2386727660059501,0.0,-1.86,0.8,-1.7137513160705566,3.0444564819335938
32.63333333,-16.9,0.0,2001.0,-0.7236440382959123,0.0,-3.0,-14.7,-3.3101563453674316,-11.895484924316406
36.15,-5.35,1.5737915,2011.0,-0.2884824328806098,0.0001615963556105,-5.96,-39.6,-4.700338840484619,-24.905494689941406
36.15,-5.35,1.5737915,1999.0,0.9760105506323683,0.0,-3.78,-23.1,-4.549917697906494,-23.497779846191406
0.604166667,-77.81944444,2835.75,2017.0,0.741222010848596,1.4118651961325668e-05,-22.71,-170.0,-10.69056510925293,-99.7338638305664
49.0975,19.59,572.9375,2010.0,-0.9741004551724206,0.0,-7.423190412,-40.54978998,-9.665071487426758,-68.6182632446289
60.72,-135.07,695.0,1986.0,-0.680773409477016,0.0,-18.6,-148.0,-23.45136833190918,-184.09005737304688
9.357072,-75.289167,200.4375,2008.0,-0.7116566222817751,0.0,-9.62,-65.86,-5.882479190826416,-35.968544006347656
28.276976,84.30961,2101.5,2016.0,-0.6420547132365636,0.0,-10.33163546,-79.69222616,-9.250337600708008,-79.1860122680664
-37.82,144.97,6.1674805,1988.0,-0.6932812268869771,0.0001098923239624,-3.98,-18.6,-4.523230075836182,-23.248023986816406
43.365884,-8.421399,56.794922,2015.0,0.6994583270516471,0.0,-2.71,-12.7,-5.293531894683838,-30.456886291503906
50.3381,7.6,86.441406,1997.0,-0.9587178169872964,0.0001144814814324,-6.21,-41.8,-6.58581018447876,-42.942420959472656
50.4972,9.9428,920.40625,1995.0,0.2386727660059501,0.0,-10.89,-76.5,-10.713750839233398,-77.4018325805664
48.24861111,16.35638889,200.63281,1968.0,0.9562348265919056,3.5971799661638215e-05,-7.89,-68.8,-10.578189849853516,-76.26639556884766
32.2361,-110.9439,753.21875,1988.0,0.9562348265919056,0.0,-11.06842105,-84.47368421,-6.866888523101807,-45.181129455566406
42.11666667,44.96666667,1107.4375,2016.0,-0.9634705485641486,0.0,-4.83,-25.3,-5.094587802886963,-28.595069885253906
-75.58333333,-20.56666667,105.53516,1966.0,0.9760105506323683,7.418386168730514e-07,-18.75,-144.7,-16.53740692138672,-133.18453979492188
-40.68,144.69,82.167969,2011.0,0.9760105506323683,2.1534398911171596e-05,-3.01,-12.8,-4.686995029449463,-24.780616760253906
46.57248471,8.332719621,1924.0,2019.0,-0.2884824328806098,5.782540756626986e-05,-14.72,-111.82,-14.668039321899414,-110.5223159790039
38.66038889,-27.22009444,77.109375,1999.0,0.008606996888688698,0.0,-1.86,-5.55,-3.4266114234924316,-12.985328674316406
-1.1,-79.46166667,78.234375,2019.0,-0.9741004551724206,0.0,-0.41,2.0,-2.773977756500244,-6.877662658691406
-33.95833333,18.46111111,109.49609,2000.0,-0.594726686960764,1.4556414498656522e-05,-0.34,5.0,-3.016592502593994,-9.148170471191406
49.7478,6.6581,259.26562,2013.0,0.6994583270516471,5.234763739281334e-05,-11.03,-83.73,-9.42848014831543,-66.63660430908203
53.23,6.55,7.7121582,2011.0,-0.2135209154397959,0.0001412902201991,-5.195774848,-36.27,-6.428059101104736,-41.07434844970703
7.07,38.78,2674.625,2000.0,-0.9634705485641486,0.0,-5.69,-31.4,-1.0975098609924316,8.811546325683594
76.76666667,-18.66666667,0.0,1999.0,-0.2135209154397959,4.299184001865797e-05,-9.175,-69.45,-14.407148361206055,-108.3371353149414
15.33401667,38.92861667,2341.125,2019.0,-0.9587178169872964,0.0,-4.5,-23.5,-2.220816135406494,-1.7009048461914062
20.03333333,110.35,20.03418,1990.0,0.6994583270516471,0.0,-3.82,-15.4,-3.1354737281799316,-10.260719299316406
46.64833333,14.31833333,448.71875,2002.0,-0.9587178169872964,0.0,-12.79,-93.7,-7.417825698852539,-50.84575271606445
47.81666667,13.71777778,1616.0625,2022.0,0.9997685019798909,2.579723332019057e-05,-6.318,-38.49,-11.15880012512207,-81.1294937133789
-17.83,31.02,1473.25,1973.0,-0.2884824328806098,0.0,-8.0,-42.9,-3.8633179664611816,-17.072242736816406
13.93111111,-89.86,744.46875,1998.0,-0.6680638642135333,0.0002624158805701,-5.7,-35.7,-6.697058200836182,-43.591773986816406
-27.17,-109.43,140.28906,1969.0,0.9510565162951535,0.0,-1.4,1.8,-2.832205295562744,-7.422584533691406
47.37233597,8.083138245,397.48438,1998.0,-0.2884824328806098,1.818408236431424e-05,-11.51,-99.2,-12.020763397216797,-88.34915924072266
10.30513889,-84.81,1395.625,2004.0,0.36171373072976765,0.0001265630999114,-11.6,-84.0,-8.938348770141602,-74.7348403930664
38.00194982,-1.170837424,61.660156,2014.0,0.9510565162951535,1.540266202937346e-05,-2.87,-20.0,-4.99026346206665,-27.618751525878906
23.95277778,90.27916667,23.626953,2021.0,0.741222010848596,0.0,-3.25,-12.4,-2.327566623687744,-2.6999282836914062
-54.78,-68.28,104.83984,1998.0,-0.2884824328806098,3.0051431167521517e-05,-12.8,-96.0,-8.894815444946289,-74.1137466430664
31.99730278,34.81616111,44.347656,2000.0,-0.970063921851507,0.0,-6.3,-32.7,-3.1015076637268066,-9.942848205566406
9.357072,-75.289167,200.4375,2010.0,0.741222010848596,0.0001161994950962,-9.198792257,-66.60198213,-5.9019246101379395,-36.24895095825195
43.54983333,13.60116667,546.1875,2021.0,-0.680773409477016,3.135376391583122e-05,-7.23,-42.7,-4.683355808258057,-24.746559143066406
52.1042,8.7519,134.42188,1985.0,0.6994583270516471,0.0,-3.22,-19.1,-10.125467300415039,-72.4744644165039
10.30944444,-84.8075,1486.125,2004.0,-0.780295851070776,6.542648043250665e-05,-3.0,-9.0,-6.460784912109375,-43.546424865722656
4.05,114.81,27.053711,2011.0,0.9483615800121715,0.0,-8.1,-54.034,-6.866888523101807,-45.181129455566406
60.18008889,24.83286111,14.698242,2012.0,-0.970063921851507,9.81012562988326e-05,-11.78,-81.4,-10.353107452392578,-74.38114166259766
-5.333333333,-49.13472222,76.5,1990.0,-0.8543221697498269,0.0,-1.24,-2.0,-2.803091526031494,-7.150123596191406
22.77156389,-83.14106667,311.42188,1984.0,-0.970063921851507,1.6435815268778242e-06,-4.12,-19.1,-5.111578941345215,-28.837482452392578
-3.72,-38.55,19.124023,1983.0,0.9760105506323683,3.240780279156752e-05,-2.1,-2.0,-3.666800022125244,-15.233131408691406
14.559667,-90.937833,1575.0625,2020.0,-0.23030567023061196,7.775840640533715e-05,-10.21,-70.4,-5.315776824951172,-32.268836975097656
-33.11011944,-64.24918333,408.09375,2016.0,0.7295575540864875,0.0,-6.02,-33.1,-6.366495609283447,-40.498207092285156
-27.43,153.08,5.7802734,1978.0,-0.9741004551724206,6.496375863207504e-05,-0.87,11.7,-1.8156495094299316,2.0908432006835938
36.88,30.7,0.0,2002.0,0.2386727660059501,0.0,-3.57,-18.0,-5.739943027496338,-34.634620666503906
32.36666667,-6.4,467.60938,2002.0,0.995918996147179,0.0,-8.42,-54.8,-3.589163303375244,-14.506568908691406
53.5483,13.1931,76.890625,2000.0,0.7295575540864875,0.0,-5.29,-36.6,-7.729491233825684,-52.406150817871094
-37.82,144.97,6.1674805,2013.0,-0.7236440382959123,0.0,-5.23,-30.7,-4.321859836578369,-21.363502502441406
51.3,3.75,9.4589844,2006.0,0.5595892624101765,9.283344843424857e-05,-6.35,-47.57,-6.733147144317627,-43.92951202392578
6.329722222,99.73,3.3973389,1992.0,-0.7116566222817751,5.308025356498547e-05,-8.03,-57.5,-6.128733158111572,-38.273109436035156
49.1823,-119.559,334.40625,2008.0,0.6680638642135335,0.0,-13.24,-115.9,-17.99823570251465,-138.41549682617188
47.07777778,15.44888889,370.03125,1995.0,0.9510565162951535,0.0,-15.29,-113.2,-10.394031524658203,-74.72391510009766
42.7728,-0.33149,1302.3125,2017.0,-0.7236440382959123,0.0,-9.28,-61.0,-10.53726577758789,-75.92362213134766
49.0975,19.59,572.9375,1996.0,-0.23030567023061196,1.9192475519957952e-05,-6.28,-45.1,-7.637412071228027,-51.634910583496094
-34.05,115.0249,77.78125,2009.0,-0.9483615800121716,2.4126133212121204e-05,-3.58,-10.4,-2.972921848297119,-8.739479064941406
-6.88,39.2,52.724609,1962.0,0.6994583270516471,2.733148357947357e-05,-3.5,-10.6,-2.3979249000549316,-3.3583755493164062
27.7,106.88,860.71875,1991.0,-0.2884824328806098,8.878430890035816e-06,-5.07,-34.7,-4.608609199523926,-26.038124084472656
51.387367,-0.325697,10.34082,2021.0,0.7526668275320084,0.000150516803842,0.92,2.87,-6.0838494300842285,-37.853065490722656
64.13,-21.93,12.141602,1962.0,0.9510565162951535,8.225864803534932e-06,-5.0,-29.2,-8.084792137145996,-55.53520202636719
32.55,43.48,57.335938,2024.0,-0.8498170915275277,0.0,-2.34,-5.81,-3.074820041656494,-9.693092346191406
46.78,23.61,336.76562,2018.0,0.9510565162951535,0.0,-13.52,-102.7,-10.29172134399414,-73.86698150634766
-34.05,115.0249,77.78125,2009.0,-0.3617137307297674,5.4739190090913326e-05,-5.52,-29.8,-3.298025608062744,-11.781959533691406
52.405,9.823,59.224609,2021.0,-0.2135209154397959,0.0,-5.09,-31.9,-6.470213413238525,-41.468849182128906
62.89179444,27.62542222,94.585938,2015.0,0.6994583270516471,5.385594340623357e-05,-16.09,-117.2,-17.195100784301758,-131.68856811523438
5.383333333,103.1,10.330566,2020.0,0.2386727660059501,6.835727981524542e-05,-2.47,-11.1,-6.071112155914307,-37.733863830566406
46.60305556,13.67138889,2148.125,2001.0,-0.801361088174677,0.0,-18.95,-139.3,-6.966028690338135,-46.59557342529297
48.78,-123.13,148.02344,2010.0,0.741222010848596,7.817768164386507e-06,-10.47,-74.8,-12.135862350463867,-89.3132095336914
48.24861111,16.35638889,200.63281,1999.0,-0.9587178169872964,3.324790304759517e-05,-6.3,-41.5,-7.81529426574707,-55.304779052734375
1.685555556,33.61638889,1096.9375,1997.0,-0.7236440382959123,1.2704684195341542e-05,-8.89,-59.1,-3.2373719215393066,-11.214332580566406
37.77,-25.65,137.14062,2017.0,0.9510565162951535,0.0,-2.52,-5.2,-3.3635315895080566,-12.394996643066406
31.2,35.75,989.09375,1968.0,0.9562348265919056,7.460583583451807e-05,1.1,0.04,-3.9991822242736816,-18.343727111816406
-7.315277778,72.42805556,2.3126221,2000.0,0.6994583270516471,8.299645560327917e-05,-4.68,-25.2,-4.268484592437744,-20.863990783691406
39.91055556,41.27555556,1890.5625,2022.0,-0.2135209154397959,0.0,-8.78,-57.0,-4.246649265289307,-20.659645080566406
28.46344137,-16.2553441,36.554688,2021.0,-0.9741004551724206,0.0,1.16,18.5,-3.2470765113830566,-11.305152893066406
41.27,69.27,425.82812,1971.0,-0.7236440382959123,0.0,-5.0,-26.0,-9.516721725463867,-67.3757095336914
32.36666667,-6.4,467.60938,2002.0,-0.9922222094179324,0.0,-5.46,-26.7,-3.967642307281494,-18.048561096191406
44.42,8.85,5.4519043,1965.0,-0.9741004551724206,3.0481041903840375e-05,-4.4,-15.5,-5.377233982086182,-31.240211486816406
-23.0,-47.13333333,635.21875,1997.0,-0.9455963874271428,0.0,-3.5,-4.28,-2.7618470191955566,-6.764137268066406
-16.3258,-67.92107222,4088.875,1984.0,0.6994583270516471,0.0,-21.03,-152.9,-10.108306884765625,-91.4267349243164
32.63333333,-16.9,0.0,1996.0,0.9562348265919056,0.0,-3.7,-17.3,-3.4120545387268066,-12.849098205566406
19.31396667,-99.3094,2965.0,2009.0,-0.9922222094179324,0.0,-11.36,-75.0,-7.930734157562256,-60.359107971191406
45.8,28.2,40.330078,2013.0,-0.680773409477016,0.0,-6.31,-40.26,-6.625941753387451,-42.926231384277344
44.42,8.85,5.4519043,1986.0,0.741222010848596,0.0,-4.18,-24.5,-5.20376443862915,-29.616798400878906
47.81666667,13.71777778,1616.0625,2019.0,-0.6287628145958345,2.5545976313878785e-05,-3.82,-26.81,-11.294361114501953,-82.26493072509766
45.32,-75.67,112.08594,1985.0,0.29671281927349075,0.0,-10.2,-73.0,-7.409132480621338,-49.722877502441406
5.383333333,103.1,10.330566,2016.0,-0.7116566222817751,3.98997553929803e-06,-6.3,-37.8,-6.738105773925781,-45.10779571533203
48.8281,9.2,313.79688,1988.0,0.2386727660059501,1.0708537047321444e-05,-10.97,-79.3,-10.414493560791016,-74.89530181884766
54.5275,9.5486,43.292969,2005.0,-0.2135209154397959,3.2376134186051786e-05,-6.03,-39.2,-6.43412446975708,-41.13111114501953
-30.08,-51.18,244.72656,1968.0,-0.9634705485641486,0.0001570996973896,-2.83,-7.6,-3.220388889312744,-11.055397033691406
-35.15833333,147.4572222,211.74219,2012.0,0.2802306751992159,0.0,-10.31,-67.5,-4.397070407867432,-22.067359924316406
37.01,-7.96,0.0,1986.0,0.2386727660059501,0.0,-3.28,-13.0,-4.9223313331604,-26.983009338378906
-20.67777778,139.4875,339.82812,2012.0,0.6994583270516471,0.0001981631648959,-1.44,-4.5,-5.376020908355713,-31.228858947753906
-26.61361111,118.5372222,517.78125,2010.0,0.9510565162951535,0.0,1.44,20.9,-4.671225070953369,-24.633033752441406
36.29166667,81.00833333,2226.875,1991.0,0.9634705485641488,0.0,-15.46,-118.8,-17.123483657836914,-131.08871459960938
52.8,5.05,-4.4990234,2008.0,0.08596479873744647,0.0,-10.36,-75.87,-6.489319324493408,-41.64765167236328
51.18,8.4889,841.375,2004.0,-0.23030567023061196,0.0001269859349122,-6.74,-43.2,-7.14232063293457,-47.343421936035156
43.365884,-8.421399,56.794922,2018.0,0.9760105506323683,3.044897130166646e-05,-5.11,-29.7,-4.981771945953369,-27.539283752441406
38.28,21.79,113.0625,2017.0,0.6994583270516471,0.0,-3.0,-7.4,-5.460936069488525,-32.023536682128906
47.47051111,21.49041944,105.30859,2009.0,-0.8311706263658079,2.113521259161644e-05,-14.38,-105.2,-7.997416019439697,-54.650245666503906
51.88,-176.65,1.6268311,1962.0,0.2386727660059501,3.6290915886638686e-05,-6.6,-35.4,-8.528362274169922,-62.80542755126953
47.81666667,13.71777778,1616.0625,2018.0,-0.2553532951161881,9.600711928214878e-05,-11.282,-82.86,-13.143617630004883,-97.7540054321289
35.27,-75.55,0.0,1965.0,0.29671281927349075,0.0,-4.0,-24.2,-5.225599765777588,-29.821144104003906
-6.18,106.83,5.1230469,1962.0,0.741222010848596,7.753687532385811e-05,-4.2,-30.4,-5.725386142730713,-34.498390197753906
42.025,35.15833333,61.443359,2011.0,0.9510565162951535,0.0,-7.135035533,-43.52162015,-8.851705551147461,-61.805641174316406
37.77,-25.65,137.14062,1988.0,-0.9634705485641486,2.6297404474462382e-05,-3.3,-18.9,-3.351400852203369,-12.281471252441406
32.53,35.85,648.125,1988.0,0.9721181966290613,0.0,-4.31,-17.92,-4.583883762359619,-23.815650939941406
41.91172742,2.763346411,139.71094,2020.0,-0.6932812268869771,0.0,-2.18,-12.3,-3.899710178375244,-17.412818908691406
-75.58333333,-20.56666667,105.53516,2008.0,-0.970063921851507,2.2995620880734622e-08,-28.78,-221.85,-22.42675018310547,-181.22506713867188
36.83,10.23,0.0,1989.0,0.9760105506323683,0.0,-4.04,-29.2,-4.764631748199463,-25.507179260253906
10.88,-74.78,22.039062,1983.0,-0.7236440382959123,3.6067380278836936e-05,-1.77,-8.3,-4.656668186187744,-24.496803283691406
11.48527778,-3.5225,322.23438,2005.0,-0.2135209154397959,0.0,-3.37,-10.8,-4.907774448394775,-26.846778869628906
53.8713,8.7058,4.7202148,1985.0,-0.9587178169872964,3.116506559308618e-05,-4.46,-30.9,-6.639133930206299,-43.04969024658203
47.81666667,13.71777778,1616.0625,2019.0,-0.9307239310379793,0.0,-15.03,-111.3,-9.129222869873047,-64.13007354736328
29.62,106.6,168.0,1992.0,-0.970063921851507,3.0247490940382704e-05,-11.89,-79.6,-7.718055725097656,-57.324806213378906
-0.8968,-89.609,13.19873,2015.0,-0.7236440382959123,0.0,-1.54,-2.8,-1.9927582740783691,0.43337249755859375
54.6789,13.4342,38.980469,2007.0,-0.2884824328806098,0.0,-10.69,-76.12,-10.708635330200195,-77.3589859008789
39.48056611,-0.366386255,14.827637,2016.0,-0.970063921851507,0.0,-3.83,-18.2,-5.274122714996338,-30.275245666503906
53.23,6.55,7.7121582,1991.0,0.9510565162951535,9.869569112197496e-06,-6.21,-40.2,-7.800055503845215,-53.85741424560547
37.13333333,79.93333333,1348.75,1989.0,0.29671281927349075,0.0,-3.67,-12.7,-3.9943299293518066,-18.298316955566406
46.29,-64.15,0.0,1998.0,0.2386727660059501,0.0,-11.91,-93.9,-14.171846389770508,-105.14981842041016
-34.93,138.58,24.027344,2011.0,0.741222010848596,0.0,-3.28,-12.1,-4.283041477203369,-21.000221252441406
-8.587013889,-38.57735833,323.625,1974.0,0.741222010848596,5.074454747955315e-06,0.0,11.0,-3.7031922340393066,-15.573707580566406
51.387367,-0.325697,10.34082,2021.0,0.03442161162274574,0.0,-6.817903221,-40.36815528,-6.097799777984619,-37.983619689941406
-9.55,16.37,1154.5,1970.0,0.9760105506323683,0.0,-7.27,-46.9,-5.566473484039307,-33.011207580566406
10.00036389,-84.10913333,1157.3125,2018.0,-0.9922222094179324,0.0001549654407426,-6.637364741,-38.39080555,-8.248085021972656,-66.1915512084961
0.05,32.45,1135.4375,2018.0,0.2386727660059501,0.0,-2.62,-7.2,-1.3449769020080566,6.495628356933594
50.11622222,14.39291667,182.82031,2020.0,0.9562348265919056,7.83374434831785e-06,-8.85,-65.1,-9.443826675415039,-66.76514434814453
-25.73,28.18,1326.75,1975.0,0.6994583270516471,0.0,-5.73,-36.3,-3.885153293609619,-17.276588439941406
46.98141401,6.607999655,1046.0625,2011.0,0.2386727660059501,4.381534381536767e-05,-11.01,-79.36,-12.662759780883789,-93.7264175415039
46.72738634,8.186782163,600.90625,2018.0,0.741222010848596,0.0,-7.68,-52.7,-8.424560546875,-58.227943420410156
78.91666667,11.93333333,38.650391,1990.0,-0.2135209154397959,5.420711386250332e-05,-10.69,-80.0,-11.772661209106445,-86.2710952758789
5.383333333,103.1,10.330566,2019.0,0.741222010848596,0.000117722156574,-4.5,-23.7,-5.352972507476807,-31.013160705566406
-0.743055556,-90.30222222,1.7120972,2014.0,-0.9368813462954315,2.5181636829074705e-06,-0.872155812,3.182468187,-1.4905457496643066,5.133323669433594
-0.37,-78.55,3064.0,1975.0,0.2386727660059501,0.0001567104627611,-14.59,-105.8,-6.064001083374023,-45.487884521484375
46.095,14.597,283.89062,1999.0,-0.5086709438521042,0.0,-10.81,-78.1,-7.173659324645996,-47.75059127807617
-32.88,-68.85,762.84375,1985.0,-0.9587178169872964,0.0,-3.1,-30.0,-5.699305057525635,-34.254310607910156
45.81666667,15.98333333,156.41406,1997.0,-0.9587178169872964,1.4751396520296112e-05,-8.2,-56.6,-6.899831295013428,-46.08872985839844
41.91172742,2.763346411,139.71094,2019.0,0.741222010848596,0.0,-5.12,-31.0,-5.061834812164307,-28.288551330566406
36.29166667,81.00833333,2226.875,1991.0,0.16280701293851715,0.0,-4.6,-19.6,-17.523653030395508,-136.10482788085938
46.095,14.597,283.89062,1996.0,-0.9634705485641486,6.0910671891178936e-05,-10.7,-77.7,-7.359949111938477,-50.406333923339844
-0.37,-78.55,3064.0,1990.0,-0.680773409477016,0.0,-5.04,-24.5,-6.8291730880737305,-47.123085021972656
48.24861111,16.35638889,200.63281,1995.0,-0.680773409477016,0.0,-9.66,-69.0,-6.495384693145752,-41.70441436767578
52.73333333,41.46666667,125.95703,1982.0,-0.7236440382959123,0.0,-16.6,-127.0,-12.437677383422852,-91.8411636352539
34.01937778,-6.838286111,18.375977,2002.0,-0.27195815753410524,0.0,-2.15,-18.26,-4.993902683258057,-27.652809143066406
35.27,-75.55,0.0,1965.0,-0.2884824328806098,0.0,-4.1,-14.3,-4.350973606109619,-21.635963439941406
51.387367,-0.325697,10.34082,2021.0,0.7354170229639855,0.0,-3.05,-22.68,-6.086275577545166,-37.875770568847656
40.008,-105.2682583,1647.3125,2014.0,-0.9587178169872964,0.0,-9.97,-63.9,-11.281572341918945,-82.1578140258789
36.34064444,43.12988333,231.57812,2012.0,0.5524353131676196,8.819917638902552e-06,-8.22,-48.99,-5.342054843902588,-30.910987854003906
51.83,6.25,9.5,2004.0,-0.970063921851507,0.0,-10.7,-79.8,-7.472249507904053,-50.22307586669922
4.427,117.9086111,399.76562,2008.0,-0.27195815753410524,0.0001302874879911,-8.82,-61.14,-7.639151573181152,-56.199073791503906
-22.9,-43.17,0.0,1966.0,0.6994583270516471,0.0002377180644543,-8.95,-62.0,-4.916265964508057,-26.926246643066406
34.72,113.65,108.5625,1987.0,0.29671281927349075,0.0,-6.11,-41.2,-6.473246097564697,-41.497230529785156
25.57361111,85.07027778,56.615234,2003.0,-0.9587178169872964,0.0,-6.52,-47.7,-7.100880146026611,-48.519508361816406
-2.95,-60.2,55.640625,1989.0,-0.1712931441814778,0.0,-3.06,-15.0,-3.424185276031494,-12.962623596191406
24.83736944,-80.80080278,0.0,2002.0,-0.9741004551724206,3.3533582609379664e-05,-0.77,7.5,-3.894857883453369,-17.367408752441406
43.57,3.95,12.96875,1998.0,-0.2884824328806098,0.0,-8.53,-53.5,-6.193026065826416,-38.874794006347656
51.93,-10.25,33.068359,1989.0,-0.2884824328806098,1.2300673915888185e-05,-7.29,-49.8,-6.183321475982666,-38.783973693847656
53.8713,8.7058,4.7202148,1991.0,-0.2884824328806098,1.0435673175379634e-05,-7.01,-47.7,-9.111318588256836,-63.98011016845703
47.42692898,9.400776879,758.46875,2019.0,-0.9587178169872964,9.168106771539895e-05,-8.61,-53.84,-7.687927722930908,-52.058021545410156
44.13333333,6.333333333,881.625,2017.0,0.741222010848596,0.0,-5.41,-34.0,-6.866888523101807,-45.181129455566406
46.39864119,6.233803787,434.125,2005.0,0.9760105506323683,0.0,-10.95,-78.946993,-10.007810592651367,-71.4889907836914
7.0,125.25,1722.75,1993.0,-0.9741004551724206,0.0001676959655014,-6.84,-42.9,-6.866888523101807,-45.181129455566406
53.32,-60.42,46.541016,2004.0,-0.970063921851507,4.544844341580756e-05,-12.27,-84.4,-13.501703262329102,-100.7532730102539
-30.08,-51.18,244.72656,1969.0,0.29671281927349075,0.0,-2.62,-7.6,-5.117636203765869,-28.810768127441406
22.31666667,114.1666667,34.056641,1986.0,-0.2135209154397959,0.0001771628012647,-7.2,-48.2,-7.190667629241943,-49.800514221191406
41.64083945,-4.754446679,735.625,2016.0,0.6994583270516471,1.2742224498651922e-05,-8.45,-60.8,-8.783926010131836,-61.23792266845703
51.6,-1.1,55.042969,1983.0,0.9510565162951535,0.0,-6.0,-43.0,-7.553587436676025,-51.670814514160156
37.01,-7.96,0.0,1987.0,0.2386727660059501,3.0938062991481274e-05,-3.61,-17.9,-5.098227024078369,-28.629127502441406
0.604166667,-77.81944444,2835.75,2015.0,-0.9741004551724206,0.0002244120842078,-6.0,-36.2,-9.029043197631836,-76.0287857055664
34.01937778,-6.838286111,18.375977,2003.0,0.9932568492674143,4.7176894440781325e-05,-3.29,-19.23,-3.9361023902893066,-17.753395080566406
13.05,123.97,661.0625,1997.0,0.9760105506323683,0.0,-6.14,-37.5,-2.681784152984619,-6.014869689941406
18.23388889,-65.885,70.4375,2006.0,0.9562348265919056,2.6554700525593944e-05,-1.4,4.5,-2.1067872047424316,-0.6337661743164062
33.21722222,-87.54305556,64.535156,2005.0,-0.9760105506323682,0.0,-4.5,-25.0,-4.581457614898682,-23.792945861816406
44.73805556,-0.774722222,59.488281,2021.0,-0.680773409477016,1.933335261128377e-05,-3.95,-23.1,-4.646963596343994,-24.405982971191406
62.28,-114.27,159.84375,1989.0,-0.680773409477016,0.0,-15.68,-119.7,-16.59978675842285,-128.37869262695312
26.27,50.62,2.3325195,1970.0,-0.2884824328806098,0.0,1.13,15.2,-0.7481446266174316,12.081077575683594
35.85888889,-106.3336111,2257.125,1993.0,0.9368813462954315,0.0,-16.12,-112.9,-16.161767959594727,-123.0335464477539
14.64,121.04,42.933594,2021.0,0.741222010848596,0.0,-0.07,-2.0,-4.969641208648682,-27.425758361816406
46.095,14.597,283.89062,1986.0,0.2386727660059501,0.0,-12.17,-91.0,-12.805994033813477,-94.9261245727539
24.91,91.84533333,16.452148,2021.0,-0.2135209154397959,0.0,-5.31,-29.8,-6.789403438568115,-44.45598602294922
50.92,5.78,111.17188,1983.0,0.741222010848596,0.0,-7.04,-46.0,-6.866888523101807,-45.181129455566406
35.68,139.77,22.099609,1964.0,-0.23030567023061196,1.695630453468766e-05,-6.9,-46.5,-7.240776062011719,-50.515419006347656
-26.61361111,118.5372222,517.78125,2012.0,-0.23030567023061196,0.0,-2.93,-5.8,-3.4605774879455566,-13.303199768066406
78.91666667,11.93333333,38.650391,1995.0,-0.2135209154397959,2.0716615836136043e-05,-11.53,-91.3,-11.721506118774414,-85.8426284790039
54.5275,9.5486,43.292969,2007.0,0.29671281927349075,0.0,-9.7,-69.6,-6.954571723937988,-45.915550231933594
11.25,75.78,7.1804199,2005.0,-0.9741004551724206,0.0001027761245495,-6.25,-38.0,-5.531294345855713,-32.681983947753906
41.58194444,12.95694444,36.330078,2001.0,-0.7236440382959123,0.0,-6.38,-33.33,-5.91765832901001,-36.297767639160156
24.91,91.84533333,16.452148,2015.0,-0.9741004551724206,0.0,-3.31,-16.2,-7.689486980438232,-56.917213439941406
18.295,-65.79388889,798.625,2007.0,0.854322169749827,1.921157718243194e-06,-1.9,1.1,-2.240225315093994,-1.8825454711914062
-75.58333333,-20.56666667,105.53516,1988.0,-0.23030567023061196,0.0,-27.83,-216.6,-21.52831268310547,-176.48361206054688
53.23,6.55,7.7121582,1978.0,0.2386727660059501,8.21561388875125e-06,-10.57,-70.4,-8.74044418334961,-60.87372589111328
0.604166667,-77.81944444,2835.75,2019.0,0.9510565162951535,5.374687316361815e-05,-6.85,-45.5,-9.487957000732422,-82.5761489868164
-34.05,115.0249,77.78125,2006.0,-0.12874817745258066,2.2039782834326616e-06,-3.11,-17.5,-3.419332981109619,-12.917213439941406
52.4672,13.4019,47.5625,1982.0,0.29671281927349075,1.7008944269036874e-05,-6.17,-39.8,-8.273653030395508,-56.963966369628906
46.89,7.49,659.34375,2019.0,0.6994583270516471,1.4549194020219147e-05,-16.83,-127.59,-13.45054817199707,-100.3248062133789
-15.6,-56.1,177.79688,1981.0,0.9510565162951535,8.412444003624842e-05,-11.0,-82.4,-6.0644402503967285,-37.671424865722656
9.0,38.73,2329.125,1985.0,-0.2884824328806098,0.0,1.83,23.2,-2.143179416656494,-0.9743423461914062
45.12083333,14.52611111,20.811523,2001.0,0.2386727660059501,0.0,-5.94,-41.14,-9.846672058105469,-70.13932037353516
-37.82,144.97,6.1674805,1973.0,0.741222010848596,0.0,-6.27,-37.5,-5.0193772315979,-27.891212463378906
-37.82,144.97,6.1674805,1995.0,-0.7236440382959123,5.391523882281035e-05,-5.84,-36.5,-4.387365818023682,-21.976539611816406
-26.41388889,146.2558333,302.09375,2011.0,-0.2884824328806098,0.0,-2.52,-2.8,-3.725027561187744,-15.778053283691406
36.98,35.3,22.958008,2005.0,-0.2884824328806098,1.6044103176682256e-05,-2.56,-25.15,-5.935247898101807,-36.462379455566406
-53.0,-70.833333,32.589844,2008.0,-0.9634705485641486,0.0,-13.98,-109.1,-8.428646087646484,-67.4628677368164
12.69325,-7.995494444,382.5625,1967.0,0.6994583270516471,0.0,6.1,24.9,-0.8403382301330566,11.218284606933594
41.7787,2.5047,614.3125,2015.0,0.29671281927349075,4.525407712208107e-05,-4.04,-26.2,-5.786646366119385,-35.071693420410156
48.24861111,16.35638889,200.63281,2005.0,-0.7236440382959123,1.5112524124560878e-05,-14.0,-94.59,-10.491226196289062,-75.53800201416016
47.47051111,21.49041944,105.30859,2006.0,0.9741004551724205,0.0,-5.83,-45.6,-9.629262924194336,-68.3183364868164
-19.87086111,-43.96733333,844.875,2014.0,0.9760105506323683,0.0,-4.46,-24.3,-5.470640659332275,-32.114356994628906
18.21,-67.14,17.163086,2014.0,-0.2135209154397959,1.2037347005389163e-05,-0.86,2.4,-3.1839966773986816,-10.714820861816406
-65.07944444,-63.9775,286.6875,1999.0,0.6994583270516471,3.079113260658536e-07,-6.5,-60.8,-9.168712615966797,-78.0214614868164
49.7478,6.6581,259.26562,1992.0,-0.7116566222817751,0.0,-7.24,-60.9,-9.299312591552734,-65.55472564697266
28.46344137,-16.2553441,36.554688,2015.0,0.9510565162951535,0.0,-1.92,-10.1,-2.4901185035705566,-4.221168518066406
28.276976,84.30961,2101.5,2017.0,-0.3617137307297674,0.0,-13.24046608,-95.50359267,-9.058065414428711,-76.4428482055664
4.036666667,9.734166667,39.230469,2006.0,-0.2884824328806098,0.0,-0.86,7.57,-2.254782199859619,-2.0187759399414062
30.62,114.13,25.587891,1998.0,0.9760105506323683,4.683967745222617e-06,-4.37,-37.5,-3.8827271461486816,-17.253883361816406
39.55339029,2.625298143,5.3820801,2011.0,0.9760105506323683,0.0,-2.56,-11.0,-5.171011447906494,-29.310279846191406
47.47051111,21.49041944,105.30859,2009.0,0.9338372288229252,7.556364289484918e-05,-4.52,-58.55,-9.890153884887695,-70.5035171508789
52.1,5.18,1.7967529,1981.0,-0.9587178169872964,0.0,-5.76,-33.0,-6.425632953643799,-41.05164337158203
-40.68,144.69,82.167969,2013.0,-0.7236440382959123,1.2957138096680865e-05,-5.67,-29.4,-3.928823947906494,-17.685279846191406
-15.6,-56.1,177.79688,1986.0,-0.680773409477016,0.0,0.2,10.0,-2.7666993141174316,-6.809547424316406
31.99730278,34.81616111,44.347656,1974.0,0.9510565162951535,1.3540950021706522e-05,-5.77,-32.1,-3.865744113922119,-17.094947814941406
-2.53,140.72,68.566406,1990.0,-0.2135209154397959,0.0,-5.19,-33.8,-5.7393364906311035,-34.628944396972656
-46.42,168.32,-0.90939331,2007.0,-0.2884824328806098,0.0001092749589588,-6.17,-46.1,-6.866888523101807,-45.181129455566406
-40.35,-9.88,37.345703,1961.0,-0.2135209154397959,0.0,-4.1,-27.3,-4.75735330581665,-25.439064025878906
47.81666667,13.71777778,1616.0625,2020.0,0.8880573226294932,0.0,-11.167,-77.33,-10.775136947631836,-77.9159927368164
-26.61361111,118.5372222,517.78125,2013.0,0.9760105506323683,0.0,-4.05,-20.0,-4.748861789703369,-25.359596252441406
12.69325,-7.995494444,382.5625,1994.0,-0.2135209154397959,0.0,-5.88,-36.8,-5.595587253570557,-33.283668518066406
47.8008,11.0108,974.96875,1974.0,-0.9741004551724206,8.113192393466306e-07,-14.54,-106.7,-9.721342086791992,-69.0895767211914
33.27722222,44.38765833,39.535156,2015.0,0.7583058084785624,0.0,-5.5,-20.83,-0.7238831520080566,12.308128356933594
47.07777778,15.44888889,370.03125,1991.0,0.9510565162951535,0.0,-11.1,-77.7,-10.626787185668945,-76.6734390258789
53.23,6.55,7.7121582,1974.0,-0.9587178169872964,2.104879118225433e-11,-6.8,-42.9,-6.49993371963501,-41.746986389160156
47.37233597,8.083138245,397.48438,2010.0,0.9760105506323683,0.0,-12.55,-89.22502381,-10.342876434326172,-74.29544830322266
13.52,2.09,210.4375,2019.0,0.741222010848596,1.4069361895963084e-05,2.17,17.8,-2.201406955718994,-1.5192642211914062
-0.166666667,-78.48333333,2781.625,2002.0,0.9997685019798909,5.903973215026781e-05,-19.01,-143.8,-10.340484619140625,-94.7392349243164
51.6,-1.1,55.042969,2001.0,0.29671281927349075,0.0,-3.52,-26.4,-6.301292896270752,-39.88800811767578
45.80666667,15.97,120.36328,1981.0,-0.9741004551724206,3.737708902917802e-05,-7.87,-50.7,-8.329681396484375,-58.079750061035156
14.64,121.04,42.933594,2018.0,-0.9587178169872964,0.0001343967596767,-7.63,-50.2,-7.493699073791504,-54.479488372802734
51.77,-104.2,553.34375,1976.0,-0.6932812268869771,0.0,-10.5,-79.0,-12.942316055297852,-96.32856750488281
-34.05,115.0249,77.78125,2013.0,0.995918996147179,0.0,-2.79,-4.1,-4.108358860015869,-19.365455627441406
78.91666667,11.93333333,38.650391,2022.0,-0.9587178169872964,1.452108881494496e-05,-12.73,-96.0,-10.263586044311523,-73.6313247680664
41.78,-87.75,186.0,1962.0,-0.2884824328806098,4.246506068739109e-05,-15.1,-102.8,-9.376909255981445,-87.2797622680664
41.38,2.12,59.777344,1988.0,-0.970063921851507,0.0,-4.63,-26.5,-5.024229526519775,-27.936622619628906
34.3,108.93,399.84375,1986.0,0.9760105506323683,1.5243824236677028e-05,-3.49,-14.3,-4.348547458648682,-21.613258361816406
-31.75,-60.73,12.836426,2002.0,0.2386727660059501,3.982182533945888e-05,-7.0,-47.0,-5.905527591705322,-36.184242248535156
36.62,127.46,80.589844,2011.0,-0.680773409477016,0.0,-6.92,-50.4,-7.451414108276367,-53.520606994628906
-37.82,144.97,6.1674805,1976.0,0.9562348265919056,9.05675915419124e-05,-3.52,-13.5,-5.094587802886963,-28.595069885253906
39.95,32.88,920.125,1998.0,0.6994583270516471,0.0,-10.86,-74.0,-10.107563018798828,-72.32450103759766
-25.73,28.18,1326.75,1997.0,0.9760105506323683,0.0,-3.01,-6.1,-3.482412815093994,-13.507545471191406
44.81666667,14.98333333,1534.5,2000.0,-0.7116566222817751,0.0,-10.11,-65.87,-12.294443130493164,-90.6414566040039
-34.05,115.0249,77.78125,2005.0,-0.780295851070776,0.0,-4.21,-19.8,-3.0918030738830566,-9.852027893066406
50.3119,11.8758,564.53125,1989.0,0.6994583270516471,0.0,-10.04,-71.5,-12.07447624206543,-88.7990493774414
37.9,23.73,18.334961,1972.0,-0.23030567023061196,5.3551910241367295e-05,-4.86,-30.5,-4.025869846343994,-18.593482971191406
50.06166667,19.84861111,356.8125,2011.0,0.9760105506323683,3.883124372805469e-05,-5.72,-39.3,-10.511688232421875,-75.70938873291016
0.05,32.45,1135.4375,1998.0,0.741222010848596,0.0,-2.22,-5.7,-2.1698670387268066,-1.2240982055664062
38.01666667,-7.866666667,279.60938,1989.0,0.6994583270516471,0.0,-4.77,-28.0,-5.225599765777588,-29.821144104003906
25.01666667,102.6833333,1907.8125,2001.0,-0.9587178169872964,3.486068453639746e-05,-11.26,-67.5,-8.386926651000977,-66.8676528930664
-65.07944444,-63.9775,286.6875,2006.0,0.741222010848596,2.6709413860868053e-06,-7.48,-59.38,-9.039926528930664,-76.1840591430664
-2.53,140.72,68.566406,1979.0,-0.2135209154397959,0.0,-3.83,-38.0,-5.775122165679932,-34.963844299316406
30.62,114.13,25.587891,1997.0,0.741222010848596,0.0,-0.77,-2.3,-4.093801975250244,-19.229225158691406
-27.17,-109.43,140.28906,2007.0,-0.2135209154397959,1.5509343711528345e-06,-3.63,-19.8,-3.1306214332580566,-10.215309143066406
11.15,124.64,428.60938,1991.0,-0.7236440382959123,0.0007171217002905,-7.41,-47.1,-5.690207004547119,-34.169166564941406
47.81666667,13.71777778,1616.0625,2022.0,-0.989932495087353,0.0,-6.978,-39.7,-9.772497177124023,-69.5180435180664
-46.88,37.87,0.0,1971.0,0.9760105506323683,0.0001272668159799,-6.23,-40.0,-5.090798377990723,-28.99950408935547
47.37233597,8.083138245,397.48438,2013.0,0.741222010848596,0.0,-10.86,-79.5,-7.784482955932617,-52.86675262451172
47.42692898,9.400776879,758.46875,2016.0,0.7295575540864875,9.833642980083825e-05,-11.16,-78.77,-9.33128547668457,-65.82251739501953
46.49143367,9.898180888,1767.6875,2005.0,-0.2135209154397959,2.5708677640068345e-05,-8.14,-53.90113264,-8.468042373657227,-58.592140197753906
53.32,-60.42,46.541016,1999.0,0.6994583270516471,8.903484740585554e-06,-15.77,-113.5,-17.701536178588867,-135.93038940429688
-7.315277778,72.42805556,2.3126221,1993.0,0.9760105506323683,4.132658432354219e-05,-4.45,-28.2,-3.953085422515869,-17.912330627441406
50.3119,11.8758,564.53125,1993.0,0.9760105506323683,0.0,-8.27,-62.8,-9.959213256835938,-71.08194732666016
51.83,6.25,9.5,1980.0,0.6994583270516471,1.7146137906820513e-05,-8.91,-66.4,-8.077787399291992,-57.98558807373047
-31.95,115.78,12.910645,1992.0,0.7295575540864875,6.489052611868829e-05,-3.62,-11.8,-3.6061463356018066,-14.665504455566406
-27.17,-109.43,140.28906,1993.0,-0.680773409477016,1.746250745782163e-06,-0.39,6.7,-2.7666993141174316,-6.809547424316406
44.0206,10.28423,552.5625,2009.0,-0.7236440382959123,0.0,-8.16,-50.99,-7.114031791687012,-47.25115966796875
-26.61361111,118.5372222,517.78125,2010.0,0.9760105506323683,0.0,-1.01,-5.6,-4.639685153961182,-24.337867736816406
47.81666667,13.71777778,1616.0625,2022.0,0.08596479873744647,1.1103756150987463e-05,-8.583,-65.27,-10.772579193115234,-77.89456939697266
2.05,15.21666667,372.23438,1994.0,-0.7526668275320083,0.0,-4.65,-25.8,-3.5818848609924316,-14.438453674316406
41.75,44.766667,0.0,2009.0,0.9760105506323683,0.0,-2.84,-23.23,-9.044816970825195,-63.42310333251953
4.365694444,18.58725,381.14062,2019.0,-0.680773409477016,0.0,-1.19,-3.6,-3.9749207496643066,-18.116676330566406
13.05,123.97,661.0625,1997.0,0.6994583270516471,0.0,-2.5,2.8,-3.438742160797119,-13.098854064941406
-40.35,-9.88,37.345703,1996.0,-0.23030567023061196,2.5489025574643165e-06,-4.63,-22.7,-4.202978610992432,-20.250953674316406
46.60305556,13.67138889,2148.125,1985.0,-0.9587178169872964,4.3457217543618754e-05,-7.79,-44.9,-9.126871109008789,-66.66568756103516
52.1,5.18,1.7967529,1983.0,-0.2135209154397959,4.582991823554039e-05,-4.93,-34.6,-6.387117862701416,-40.691200256347656
4.05,114.81,27.053711,2009.0,-0.661634618242279,0.0001181857223855,-7.78,-50.22,-7.2464447021484375,-50.596290588378906
32.36666667,35.75,818.96875,1990.0,0.2386727660059501,0.0001697674451861,-7.59,-36.5,-5.550703525543213,-32.863624572753906
4.377083333,18.56247222,359.875,2018.0,-0.680773409477016,0.0,-5.41,-32.9,-3.9797730445861816,-18.162086486816406
60.96666667,69.06666667,17.537109,1996.0,0.2802306751992159,0.0,-7.2,-57.5,-11.250879287719727,-81.9007339477539
36.9275,14.72555556,541.25,2000.0,0.7295575540864875,0.0,-3.4,-11.0,-4.127768039703369,-19.547096252441406
19.53,-96.91,1381.3125,2017.0,0.29671281927349075,0.0004472999135032,-9.08,-61.3,-4.592093467712402,-27.398292541503906
35.27,-75.55,0.0,1962.0,0.6994583270516471,0.0001263864105567,-2.4,-12.4,-4.380087375640869,-21.908424377441406
-38.73263889,-72.58922222,110.76172,1989.0,-0.680773409477016,0.0,-8.5,-65.0,-5.644110202789307,-33.737770080566406
50.3119,11.8758,564.53125,2012.0,-0.23030567023061196,0.000142028380651,-4.58,-33.09,-6.713210582733154,-43.692195892333984
-46.42,168.32,-0.90939331,2007.0,0.741222010848596,0.0,-5.66,-36.8,-6.866888523101807,-45.181129455566406
47.74305556,16.84333333,119.03125,2021.0,-0.2884824328806098,0.0,-15.73,-119.3,-12.253519058227539,-90.2986831665039
48.8281,9.2,313.79688,2013.0,-0.9741004551724206,0.0,-8.66,-60.6,-8.335481643676758,-59.28510284423828
31.99730278,34.81616111,44.347656,1985.0,0.9760105506323683,0.0,-4.7,-32.6,-3.720175266265869,-15.732643127441406
-30.08,-51.18,244.72656,1969.0,-0.2884824328806098,0.0,-4.04,-19.4,-4.088949680328369,-19.183815002441406
46.29,-64.15,0.0,2001.0,0.29671281927349075,0.0,-7.69,-50.2,-8.383636474609375,-57.885169982910156
31.04,34.72,282.96875,1977.0,-0.1712931441814778,0.0,-6.77,-25.8,-5.2716965675354,-30.252540588378906
13.995364,-91.200961,12.702637,2019.0,0.2386727660059501,2.4782248146948405e-06,-3.76,-23.5,-1.7040467262268066,3.1352767944335938
-7.315277778,72.42805556,2.3126221,1990.0,0.6994583270516471,7.248214387800545e-05,-4.42,-21.7,-4.176290988922119,-20.001197814941406
-35.07,173.28,71.449219,1962.0,-0.2884824328806098,0.0,-3.0,-17.4,-4.018591403961182,-18.525367736816406
55.67,12.3,26.070312,1965.0,-0.7236440382959123,8.418235665885732e-06,-10.77,-76.9,-9.938751220703125,-70.91056060791016
-13.0,28.65,1260.6875,2008.0,0.9562348265919056,0.0,-6.55,-40.43,-5.433035373687744,-31.762428283691406
6.2,100.4,3.8469238,2002.0,0.9760105506323683,0.0001377502921968,-6.1,-26.92,-5.22317361831665,-29.798439025878906
46.57248471,8.332719621,1924.0,2004.0,-0.9634705485641486,0.0,-9.39,-62.03,-11.199724197387695,-81.4722671508789
39.55339029,2.625298143,5.3820801,2002.0,-0.2135209154397959,1.2846211348005454e-06,-4.99,-26.78,-3.1888489723205566,-10.760231018066406
43.70555556,-72.28833333,168.71094,1998.0,0.6994583270516471,0.0,-11.4,-80.0,-12.514410018920898,-92.4838638305664
64.13,-21.93,12.141602,1962.0,0.9760105506323683,2.160398435080424e-05,-7.1,-44.6,-7.970341682434082,-54.44479751586914
-65.07944444,-63.9775,286.6875,2008.0,-0.7116566222817751,8.784326786957939e-07,-6.43,-54.98,-9.5088529586792,-81.72530364990234
50.8325,15.14777778,828.84375,2018.0,-0.680773409477016,0.0,-5.8,-40.9,-7.087015151977539,-47.02487564086914
38.00194982,-1.170837424,61.660156,2000.0,0.2802306751992159,0.0,-1.53,-17.9,-3.9215455055236816,-17.617164611816406
-75.58333333,-20.56666667,105.53516,1988.0,-0.970063921851507,0.0,-24.55,-192.4,-21.901992797851562,-176.87252807617188
44.95,5.78,906.125,1998.0,-0.680773409477016,2.3897267965367064e-05,-2.88,-19.4,-6.27885103225708,-39.67798614501953
48.78,-123.13,148.02344,2000.0,-0.7116566222817751,0.0,-11.02,-75.8,-10.360780715942383,-74.4454116821289
-33.56237778,-62.88506389,123.51562,2014.0,0.9760105506323683,0.0,-8.94,-58.8,-6.1469292640686035,-38.443397521972656
46.65772518,8.292706832,1061.3125,2020.0,-0.23030567023061196,0.0001558844960527,-5.27,-30.29,-6.866888523101807,-45.181129455566406
40.40725278,-3.686133333,653.5,2002.0,0.8452490573530633,0.0,-5.93,-40.7,-7.730130672454834,-52.41150665283203
32.63333333,-16.9,0.0,1999.0,-0.2884824328806098,1.9410805180086758e-05,-4.71,-32.2,-4.115637302398682,-19.433570861816406
43.933,-60.007,2.6035156,2020.0,-0.7055836101071774,0.0,-4.621666667,-25.06333333,-6.008638858795166,-37.149208068847656
38.05011111,23.866675,444.85938,2016.0,-0.9634705485641486,0.0003088667872361,-5.24,-33.3,-4.392218112945557,-22.021949768066406
40.41666667,-7.55,1295.4375,1998.0,0.29671281927349075,8.891301149560604e-06,-4.13,-22.5,-5.263205051422119,-30.173072814941406
6.166666667,102.2833333,3.2288818,2016.0,-0.9634705485641486,0.0,-5.82,-35.8,-6.136021614074707,-40.449256896972656
-0.8968,-89.609,13.19873,2021.0,-0.2884824328806098,0.0,3.7,28.3,-1.5730347633361816,4.361351013183594
14.93894444,-88.02145,661.125,2008.0,-0.23030567023061196,3.795774318859913e-05,-4.99,-31.1,-4.895643711090088,-26.733253479003906
47.7,27.88333333,177.36719,2021.0,-0.680773409477016,0.0,-4.15,-24.8,-6.6030449867248535,-42.711952209472656
4.463,117.923,902.40625,2008.0,-0.7116566222817751,0.0001009128172881,-9.9,-67.17,-7.157478332519531,-50.87665557861328
60.72,-135.07,695.0,1962.0,0.741222010848596,0.0,-23.5,-178.6,-20.515066146850586,-159.49606323242188
49.7478,6.6581,259.26562,1989.0,0.6994583270516471,6.858038887003204e-06,-7.55,-53.1,-9.734130859375,-69.19669342041016
4.05,114.81,27.053711,2007.0,-0.8996308696522434,0.0002474968787282,-10.62,-70.92,-7.995127201080322,-61.277809143066406
-12.43,130.87,16.515625,1980.0,-0.6932812268869771,0.0,-0.86,8.9,-3.492117404937744,-13.598365783691406
-41.47,-72.93,43.574219,2004.0,0.9721181966290613,0.0,-6.31,-40.8,-6.271875858306885,-39.612709045410156
10.3,1.38,439.10938,2017.0,-0.680773409477016,0.0,-4.95,-28.1,-4.560835361480713,-23.599952697753906
43.68333333,-1.066666667,17.238281,2000.0,-0.27195815753410524,0.0001485800603404,-7.5,-48.3,-5.9285759925842285,-36.399940490722656
52.141,-106.6244,507.71875,2002.0,-0.2884824328806098,0.0,-21.2,-166.16,-19.33833885192871,-179.62509155273438
43.49111613,-3.800555816,50.095703,2011.0,0.2386727660059501,1.6183988918783143e-05,-9.93,-61.3,-6.338594913482666,-40.237098693847656
50.4972,9.9428,920.40625,1986.0,-0.680773409477016,0.0,-5.96,-39.6,-6.866888523101807,-45.181129455566406
-34.05,115.0249,77.78125,2008.0,-0.9999907397361901,0.0,-3.31,-14.2,-2.9704957008361816,-8.716773986816406
46.65772518,8.292706832,1061.3125,2011.0,0.2386727660059501,9.798395331017672e-05,-14.7,-107.68,-12.923650741577148,-95.9115982055664
-40.68,144.69,82.167969,1995.0,-0.9587178169872964,5.606850390904583e-05,-3.72,-16.4,-3.8147950172424316,-16.618141174316406
49.7703,9.9578,265.90625,1983.0,-0.2884824328806098,3.4448727092240006e-05,-5.97,-44.6,-10.642133712768555,-76.8019790649414
44.73805556,-0.774722222,59.488281,2008.0,0.9562348265919056,7.106225530151278e-05,-4.78,-27.99,-5.906740665435791,-36.195594787597656
76.76666667,-18.66666667,0.0,2000.0,-0.6932812268869771,0.0,-17.13,-131.2,-16.780744552612305,-128.21798706054688
47.4,28.49166667,94.726562,2019.0,0.2386727660059501,0.0,-15.66,-113.2,-13.291967391967773,-98.9965591430664
46.60305556,13.67138889,2148.125,1983.0,-0.9587178169872964,0.0,-6.78,-38.6,-9.40456771850586,-68.35980987548828
4.036666667,9.734166667,39.230469,2019.0,-0.2135209154397959,0.0001675399544183,-3.08,-15.7,-2.6842103004455566,-6.037574768066406
21.44,91.99,9.9770508,2017.0,-0.680773409477016,0.0001906041579786,-4.72,-27.3,-5.94131326675415,-36.519142150878906
39.48056611,-0.366386255,14.827637,2004.0,-0.23030567023061196,0.0,-0.81,-10.27,-3.390219211578369,-12.644752502441406
-33.97,18.6,41.798828,2009.0,0.9760105506323683,0.0,-2.1,-2.1,-3.6449646949768066,-15.028785705566406
47.37233597,8.083138245,397.48438,2013.0,-0.680773409477016,0.0,-7.18,-49.37,-6.354061603546143,-40.38184356689453
49.0975,19.59,572.9375,2020.0,-0.6932812268869771,0.0001069123100023,-5.83,-38.5,-6.633826732635498,-43.000022888183594
46.60305556,13.67138889,2148.125,2018.0,-0.07738647923346322,0.0,-7.522,-43.01,-10.363338470458984,-74.46683502197266
-16.85,-68.91666667,3831.25,2002.0,0.741222010848596,0.0,-4.78,-33.5,-11.481420516967773,-111.0170669555664
46.65772518,8.292706832,1061.3125,2005.0,0.6994583270516471,3.0088720450294204e-05,-16.52,-122.32,-13.650053024291992,-101.9958267211914
49.0975,19.59,572.9375,2001.0,0.9510565162951535,0.0,-11.88,-89.0,-10.972084045410156,-79.56558990478516
46.65772518,8.292706832,1061.3125,2017.0,0.29671281927349075,0.0002395748888375,-7.09,-46.0,-8.92204475402832,-62.39478302001953
-2.95,-60.2,55.640625,1990.0,0.5947266869607634,0.0,-3.65,-19.4,-4.465002536773682,-22.703102111816406
48.545,13.3528,478.40625,2001.0,0.9760105506323683,3.036944690393284e-05,-11.72,-86.5,-10.654922485351562,-76.90909576416016
-7.980533333,-38.29251111,435.45312,1973.0,-0.2884824328806098,0.0,0.9,14.0,-2.754568576812744,-6.696022033691406
1.685556,33.616389,1096.9375,2017.0,0.9760105506323683,0.0002098120312439,-1.22,5.1,-2.3348450660705566,-2.7680435180664062
53.8713,8.7058,4.7202148,1987.0,0.9510565162951535,0.0,-8.73,-66.2,-7.890171527862549,-54.06571960449219
38.79273611,-9.105733333,36.355469,2002.0,-0.9959189961471792,0.0,-7.56,-54.4,-4.933248996734619,-27.085182189941406
-0.841111111,29.94194444,1574.5,2005.0,-0.9587178169872964,0.0001190971670439,-1.69,3.2,-1.5051026344299316,4.997093200683594
35.68,139.77,22.099609,1966.0,0.2386727660059501,0.0,-11.5,-68.6,-6.866888523101807,-45.181129455566406
47.6772,9.19,442.90625,2009.0,-0.9741004551724206,0.0001212237621075,-8.67,-60.4,-9.292919158935547,-65.50116729736328
33.65694444,73.26611111,580.9375,2009.0,0.2386727660059501,0.0,-3.303448276,-14.68724138,-4.780401706695557,-25.654762268066406
43.03916667,16.09055556,0.0,2003.0,0.741222010848596,1.0615339306241369e-05,-2.01,-13.4,-5.412413120269775,-31.569435119628906
-41.47,-72.93,43.574219,1998.0,-0.9741004551724206,0.0,-5.81,-37.9,-6.35648775100708,-40.40454864501953
62.08,129.75,94.992188,1999.0,-0.2884824328806098,0.0,-30.5,-240.5,-35.554664611816406,-285.4653015136719
-54.78,-68.28,104.83984,1988.0,-0.6932812268869771,5.250159665592946e-05,-11.8,-94.0,-8.958301544189453,-75.0195083618164
44.051,10.164,170.76562,2020.0,-0.9911140639934546,0.0,-6.42,-38.35,-6.027441501617432,-37.325172424316406
33.725,36.13027778,1575.9375,1992.0,0.6994583270516471,3.617458787630312e-05,-9.43,-53.3,-5.312941074371338,-30.638526916503906
28.276976,84.30961,2101.5,2017.0,-0.02581844022713239,0.0004522174713201,-8.676189137,-57.54264747,-7.5339460372924805,-54.698097229003906
50.4972,9.9428,920.40625,1995.0,-0.2135209154397959,0.0,-5.58,-38.9,-7.45303201675415,-50.0316047668457
19.2,-96.13,0.0,1988.0,-0.9634705485641486,0.0002708241809159,-6.68,-36.5,-5.3105149269104,-30.615821838378906
31.95765,35.84828333,916.125,2017.0,0.6994583270516471,0.0,-6.05,-14.9,-3.162161350250244,-10.510475158691406
23.05,-82.21666667,123.02734,2013.0,-0.2884824328806098,2.888818698920659e-06,-0.85,3.2,-2.6939148902893066,-6.128395080566406
65.11666667,57.1,53.808594,1982.0,-0.7236440382959123,2.455855610605795e-05,-17.3,-132.0,-16.719358444213867,-127.7038345336914
48.78,-123.13,148.02344,2000.0,0.2802306751992159,0.0,-12.39,-97.9,-12.217710494995117,-89.9987564086914
-41.47,-72.93,43.574219,2006.0,0.29671281927349075,0.0,-8.01,-55.5,-6.381052494049072,-40.634437561035156
52.141,-106.6244,507.71875,1991.0,0.9760105506323683,6.154351467557717e-06,-13.3,-94.3,-17.926618576049805,-137.81564331054688
40.41666667,-7.55,1295.4375,1988.0,0.2802306751992159,0.0,-8.68,-53.8,-4.566900730133057,-23.656715393066406
23.05,-82.21666667,123.02734,2013.0,-0.2135209154397959,0.0,-1.8,-7.8,-3.3586792945861816,-12.349586486816406
46.60305556,13.67138889,2148.125,2001.0,0.9922222094179323,0.0003332660999149,-11.32,-78.9,-10.818618774414062,-78.28018951416016
47.59583333,7.594444444,248.26562,1989.0,0.741222010848596,2.605368172226008e-05,-4.52,-30.1,-6.923758506774902,-45.65746307373047
50.4972,9.9428,920.40625,1988.0,0.6994583270516471,1.8174059732700695e-05,-11.52,-76.6,-11.800796508789062,-86.50675201416016
46.60305556,13.67138889,2148.125,2018.0,0.9033558023246845,0.0,-6.969,-38.77,-10.40141773223877,-76.1402359008789
43.587,13.51533333,153.78906,2022.0,0.9760105506323683,0.0,-0.98,0.3,-5.7733025550842285,-34.946815490722656
-33.95833333,18.46111111,109.49609,2006.0,0.29671281927349075,8.218675793614239e-05,-3.02,-13.0,-3.414480686187744,-12.871803283691406
47.81666667,13.71777778,1616.0625,2021.0,0.5524353131676196,0.0,-7.764,-54.89,-9.153520584106445,-64.3335952758789
32.6925,74.84611111,295.85938,2004.0,-0.9634705485641486,0.0,0.2,10.3,-4.855612277984619,-26.358619689941406
-34.90416667,-56.16666667,34.734375,2015.0,0.29671281927349075,0.0,-4.32,-23.3,-5.409986972808838,-31.546730041503906
50.3381,7.6,86.441406,1993.0,-0.2135209154397959,0.0,-2.46,-8.7,-6.136011600494385,-38.341224670410156
39.55339029,2.625298143,5.3820801,2010.0,0.741222010848596,0.0,-5.97,-38.09,-4.548704624176025,-23.486427307128906
49.5971,11.0055,285.1875,2013.0,-0.2135209154397959,7.540792012150632e-06,-4.11,-24.37,-6.479311466217041,-41.553993225097656
51.93,-10.25,33.068359,1998.0,0.6994583270516471,6.406637839972973e-05,-3.22,-14.9,-6.381158351898193,-41.886390686035156
68.75944444,161.3425,38.8125,2006.0,-0.2135209154397959,0.0,-18.22,-141.86,-19.338499069213867,-149.64132690429688
4.321666667,117.8705556,53.099609,2008.0,0.9562348265919056,0.0,-6.8,-39.65,-6.866888523101807,-45.181129455566406
47.81666667,13.71777778,1616.0625,2002.0,0.8013610881746766,0.0,-8.96,-66.5,-10.186853408813477,-72.9886245727539
-46.42,168.32,-0.90939331,2012.0,-0.23030567023061196,4.960576188750565e-05,-5.62,-36.0,-6.866888523101807,-45.181129455566406
22.7,90.36,5.9089355,2015.0,-0.9741004551724206,0.0,-9.76,-64.6,-7.6922078132629395,-56.956031799316406
52.2914,10.4464,80.6875,1993.0,-0.2135209154397959,0.0,-5.96,-45.2,-6.39530611038208,-40.76782989501953
49.7703,9.9578,265.90625,1996.0,0.2802306751992159,0.0,-7.63,-54.8,-7.762742042541504,-52.684654235839844
34.71666667,10.68333333,23.232422,2002.0,0.2386727660059501,0.0,-4.22,-29.6,-5.202551364898682,-29.605445861816406
46.95222563,7.439320571,542.53125,2010.0,-0.9741004551724206,0.0,-12.24,-84.88014303,-9.631820678710938,-68.33975982666016
37.13333333,79.93333333,1348.75,1988.0,-0.6932812268869771,0.0,0.78,23.8,-1.3158631324768066,6.768089294433594
56.97,24.07,4.2321777,1984.0,-0.9634705485641486,6.741837569279596e-05,-9.2,-63.0,-8.66806411743164,-61.114356994628906
37.53,121.4,27.091797,1988.0,-0.27195815753410524,0.0,-6.7,-34.6,-7.802855014801025,-58.534645080566406
51.77,-104.2,553.34375,1978.0,0.741222010848596,3.963586641475558e-05,-7.9,-61.0,-13.95698356628418,-104.5666275024414
52.8,5.05,-4.4990234,2007.0,-0.6420547132365636,0.0,-5.5,-36.49,-6.866888523101807,-45.181129455566406
47.8008,11.0108,974.96875,1974.0,0.9760105506323683,2.2548916604137048e-05,-13.3,-98.3,-12.263750076293945,-90.3843765258789
-40.35,-9.88,37.345703,1963.0,-0.7236440382959123,2.6428235287312415e-05,-4.3,-23.0,-4.643324375152588,-24.371925354003906
51.93,-10.25,33.068359,2021.0,-0.680773409477016,1.5210400306386871e-05,-3.85,-26.0,-4.997541904449463,-27.686866760253906
-7.315277778,72.42805556,2.3126221,1994.0,-0.2884824328806098,3.323705823277123e-05,-6.67,-41.6,-3.8487610816955566,-16.936012268066406
49.0392,8.365,112.44141,1985.0,0.29671281927349075,0.0,-7.64,-56.2,-7.461886405944824,-50.16473388671875
4.05,114.81,27.053711,2007.0,-0.5808002734538013,0.0001148745723185,-6.15,-35.44,-7.0161943435668945,-47.31128692626953
2.883333333,101.7833306,55.289062,1994.0,-0.680773409477016,0.0001200087208417,-4.83,-25.7,-6.287039279937744,-39.754615783691406
50.8325,15.14777778,828.84375,2010.0,-0.9587178169872964,0.0,-11.55,-77.9,-8.150880813598633,-55.935646057128906
6.966666667,80.76666667,1882.75,1983.0,0.741222010848596,0.0,-1.68,3.9,-4.794958591461182,-25.790992736816406
4.05,114.81,27.053711,2011.0,0.8165380514459161,0.0,-4.838,-27.687,-6.5884881019592285,-42.575721740722656
-35.07,173.28,71.449219,1977.0,0.6994583270516471,0.0,-2.38,-9.0,-4.827711582183838,-26.097511291503906
52.1,5.18,1.7967529,2005.0,0.5947266869607634,0.0,-8.09,-54.16,-7.490218162536621,-51.84599304199219
33.21722222,-87.54305556,64.535156,2007.0,-0.5808002734538013,0.0002781637886073,-1.8,1.7,-3.6061463356018066,-14.665504455566406
50.3119,11.8758,564.53125,2013.0,-0.9587178169872964,0.0,-8.51,-60.38,-7.7326884269714355,-52.43292999267578
47.8008,11.0108,974.96875,1989.0,0.29671281927349075,0.0003346485318616,-7.68,-49.1,-9.363256454467773,-66.0903091430664
-2.53,140.72,68.566406,1988.0,0.9562348265919056,0.0,-6.37,-37.6,-5.903707981109619,-36.167213439941406
-41.47,-72.93,43.574219,1993.0,-0.7236440382959123,0.0,-6.04,-37.0,-6.866888523101807,-45.181129455566406
14.330962,-91.055468,297.67188,2019.0,0.9510565162951535,0.0,-1.3,5.0,-2.0097413063049316,0.27443695068359375
42.7728,-0.33149,1302.3125,2019.0,0.6994583270516471,0.0,-13.9,-100.4,-10.342876434326172,-74.29544830322266
53.7122,7.1519,8.8525391,1999.0,-0.7236440382959123,7.536582870670827e-06,-6.11,-43.24,-7.950097560882568,-54.25391387939453
49.7703,9.9578,265.90625,1991.0,0.2386727660059501,0.0,-8.28,-61.3,-10.148487091064453,-72.66727447509766
28.22,-177.37,0.0,1985.0,0.9760105506323683,4.085815817234106e-05,-6.4,-49.2,-3.254354953765869,-11.373268127441406
10.00036389,-84.10913333,1157.3125,2018.0,-0.9307239310379793,0.0,-11.33455181,-83.099991,-6.69272518157959,-45.810523986816406
32.2361,-110.9439,753.21875,2002.0,-0.680773409477016,0.0,-3.025523013,-23.32217573,-5.226812839508057,-29.832496643066406
6.2,100.4,3.8469238,2014.0,0.29671281927349075,0.0,-4.87,-24.0,-5.82061243057251,-35.389564514160156
-13.8,-171.78,0.0,1977.0,0.2386727660059501,9.99917829176411e-05,-6.52,-36.3,-4.346121311187744,-21.590553283691406
13.55,144.83,113.0,1974.0,-0.2884824328806098,1.6161586245289072e-05,1.62,4.0,-3.4217591285705566,-12.939918518066406
-7.66,-72.65,174.50781,1989.0,0.9760105506323683,0.0004894465091638,-10.34,-67.5,-6.866888523101807,-45.181129455566406
23.05,-82.21666667,123.02734,2021.0,0.9760105506323683,3.46143974638835e-06,-1.1,1.3,-2.259634494781494,-2.0641860961914062
-46.42,168.32,-0.90939331,1988.0,-0.27195815753410524,0.0,-5.81,-43.2,-6.822876930236816,-44.76924514770508
37.90111111,40.20361111,674.46875,2016.0,0.6994583270516471,0.0,-6.65,-34.5,-6.414412021636963,-40.946632385253906
47.81666667,13.71777778,1616.0625,2019.0,0.6486295610349814,0.0,-15.883,-119.82,-9.212348937988281,-64.82633209228516
13.73,100.5,5.7392578,1996.0,-0.23030567023061196,0.0,-5.68,-34.1,-6.50417947769165,-41.786720275878906
51.387367,-0.325697,10.34082,2021.0,-0.16280701293851646,0.0,-2.631226929,-27.50652609,-6.637310981750488,-45.043739318847656
54.5283,11.0603,1.9006348,2012.0,0.9721181966290613,0.0,-6.63,-46.1,-8.543497085571289,-59.22412872314453
24.35,109.4,101.74609,1990.0,-0.2884824328806098,7.426570664392784e-05,-5.35,-37.2,-2.963217258453369,-8.648658752441406
6.9506,79.8795,3.7172852,2014.0,-0.2884824328806098,2.753578701231163e-05,-6.72,-41.5,-6.757256984710693,-44.15514373779297
50.8325,15.14777778,828.84375,2010.0,-0.7236440382959123,0.0,-14.14,-100.6,-10.849311828613281,-78.53726959228516
4.05,114.81,27.053711,2010.0,0.6994583270516471,0.0001216516684507,0.18,5.98,-6.320398807525635,-40.066810607910156
50.06166667,19.84861111,356.8125,1988.0,0.9721181966290613,0.0,-8.17,-57.5,-11.281572341918945,-82.1578140258789
46.17378583,8.788556051,407.5,2013.0,-0.2135209154397959,0.0,-5.67,-38.68,-6.460205554962158,-41.37519073486328
-27.45,-58.95,51.755859,2002.0,0.29671281927349075,0.0,-2.3,-2.0,-6.17968225479126,-38.749916076660156
58.1,6.57,0.0,1961.0,-0.2884824328806098,0.0,-8.9,-53.9,-8.516639709472656,-58.999183654785156
58.38277778,21.81416667,5.9343262,2019.0,0.6994583270516471,1.258585871255491e-05,-12.34,-91.5,-12.192132949829102,-89.7845230102539
-27.17,-109.43,140.28906,2012.0,-0.6932812268869771,2.5531285245961044e-06,-2.63,-8.7,-3.1888489723205566,-10.760231018066406
40.008,-105.2682583,1647.3125,2010.0,-0.2884824328806098,9.485368354944512e-05,-21.8,-167.16,-10.488210678100586,-98.42777252197266
38.05011111,23.8675,438.375,2008.0,-0.9911140639934546,0.0,-8.56,-48.17,-4.460150241851807,-22.657691955566406
3.783333333,103.3333333,8.0805664,2016.0,0.9721181966290613,0.0002526173484511,-1.75,-5.7,-5.423330783843994,-31.671607971191406
14.330962,-91.055468,297.67188,2020.0,0.9562348265919056,0.0,-0.99,3.7,-2.002462863922119,0.34255218505859375
10.69444444,-85.37055556,332.48438,1998.0,-0.9587178169872964,0.0,-9.83,-66.78,-7.5591959953308105,-55.28386688232422
43.91281944,4.888775,30.959961,2001.0,0.9510565162951535,0.0,-6.0,-38.8,-5.9576897621154785,-36.672401428222656
60.78,-161.8,16.938477,1965.0,-0.2135209154397959,0.0,-11.8,-92.3,-13.670515060424805,-102.1672134399414
30.72916667,78.44666667,1121.375,2006.0,0.29671281927349075,0.0001175120123662,-1.7,-5.3,-4.200552463531494,-20.228248596191406
46.98141401,6.607999655,1046.0625,2001.0,-0.2884824328806098,0.0001050534410751,-11.04,-78.0,-12.913419723510742,-95.8259048461914
36.88,30.7,0.0,1990.0,0.29671281927349075,0.0,-5.15,-37.5,-3.9894776344299316,-18.252906799316406
51.1622,14.9506,238.80469,2001.0,0.6994583270516471,3.7984049413353205e-05,-10.36,-71.2,-10.61911392211914,-76.60916900634766
4.83,-52.37,7.9216309,1963.0,-0.9587178169872964,0.0,-1.2,-5.0,-3.1306214332580566,-10.215309143066406
-37.82,144.97,6.1674805,1965.0,-0.9587178169872964,0.0,-4.4,-21.1,-4.367956638336182,-21.794898986816406
9.0,38.73,2329.125,1994.0,0.9510565162951535,0.0,0.98,19.0,0.17864370346069336,20.754417419433594
-22.94805556,17.1525,1690.0,1972.0,-0.27195815753410524,5.8084573538508266e-05,-4.7,-32.0,-3.239798069000244,-11.237037658691406
-7.315277778,72.42805556,2.3126221,1977.0,0.741222010848596,6.40238386040437e-06,-1.35,-3.3,-3.506674289703369,-13.734596252441406
47.59583333,7.594444444,248.26562,1985.0,-0.2135209154397959,0.0,-3.48,-20.8,-6.2633843421936035,-39.533241271972656
38.93,100.43,1490.125,1991.0,-0.2135209154397959,0.0,-1.58,-14.8,-4.637259006500244,-24.315162658691406
28.22,-177.37,0.0,1989.0,0.2386727660059501,0.0,-4.46,-20.4,-3.196127414703369,-10.828346252441406
-41.47,-72.93,43.574219,1998.0,0.6994583270516471,0.0,-2.76,-18.2,-6.213648319244385,-39.067787170410156
60.72,-135.07,695.0,1963.0,0.9510565162951535,0.0,-25.8,-194.1,-22.806814193725586,-178.69137573242188
4.05,114.81,27.053711,2008.0,-0.7469720876965551,0.000165999517776,-14.7,-103.69,-7.141239166259766,-49.095314025878906
49.04,37.577,66.21875,2016.0,0.9562348265919056,0.0,-10.83,-77.1,-9.752035140991211,-69.3466567993164
47.833185,1.940433,113.78516,2000.0,0.6994583270516471,0.0,-5.7,-37.7,-8.517765045166016,-60.627540588378906
51.77,-104.2,553.34375,1981.0,0.9510565162951535,0.0,-19.4,-141.0,-18.2437801361084,-140.47213745117188
6.9506,79.8795,3.7172852,2010.0,-0.9741004551724206,5.968377081444487e-05,-5.010807925,-30.59331138,-5.715982913970947,-35.18000030517578
49.7478,6.6581,259.26562,2003.0,0.9760105506323683,5.659699309035205e-05,-6.42,-49.45,-8.524312973022461,-59.063453674316406
45.46666667,13.61666667,0.5645752,2000.0,-0.6870527672236675,0.0,-3.68,-20.94,-5.8151535987854,-35.338478088378906
-27.17,-109.43,140.28906,2014.0,0.29671281927349075,1.6288217921101025e-06,-3.29,-9.9,-3.162161350250244,-10.510475158691406
-4.036388889,-79.20111111,2129.75,2019.0,0.741222010848596,8.469202839478385e-06,-10.83,-79.5,-8.353370666503906,-66.3888931274414
53.7122,7.1519,8.8525391,2009.0,-0.680773409477016,9.355496149510144e-05,-4.68,-28.83,-6.866888523101807,-45.181129455566406
41.8,-6.733333333,678.8125,1989.0,-0.9741004551724206,0.00015597010497,-4.89,-29.1,-6.2051568031311035,-38.988319396972656
4.05,114.81,27.053711,2008.0,0.9070138128026359,7.124286639736965e-05,-10.92,-76.49,-6.8350830078125,-44.883480072021484
0.083333333,-76.86666667,295.01562,1993.0,-0.2135209154397959,0.0,-6.68,-37.4,-3.2422242164611816,-11.259742736816406
13.73,100.5,5.7392578,1975.0,0.9510565162951535,0.0,-2.62,-9.1,-3.564901828765869,-14.279518127441406
41.15305556,-96.49277778,352.0625,1993.0,0.9679377830240642,6.493225373560563e-05,-11.9,-81.0,-10.180871963500977,-77.37857818603516
49.0392,8.365,112.44141,1990.0,0.9760105506323683,0.0,-8.45,-61.3,-8.652200698852539,-60.134620666503906
46.60305556,13.67138889,2148.125,2001.0,-0.4405187843504952,6.105913053033873e-05,-7.51,-42.1,-12.48371696472168,-92.2267837524414
64.13,-21.93,12.141602,2021.0,0.9510565162951535,3.885935075231828e-05,-6.38,-43.4,-8.471582412719727,-60.059059143066406
51.56666667,46.03333333,151.39844,1983.0,0.6994583270516471,0.0,-14.5,-104.0,-14.949392318725586,-112.8788833618164
-37.82,144.97,6.1674805,2012.0,-0.7116566222817751,0.0,-2.12,-1.4,-4.363104343414307,-21.749488830566406
48.24861111,16.35638889,200.63281,1976.0,-0.27195815753410524,0.0,-18.41,-139.9,-12.064245223999023,-88.7133560180664
36.15,-5.35,1.5737915,2006.0,0.29671281927349075,0.0,0.97,8.03,-3.496969699859619,-13.643775939941406
47.81666667,13.71777778,1616.0625,2018.0,-0.07738647923346322,9.418507397640496e-05,-10.185,-68.11,-10.575632095336914,-76.2449722290039
53.8713,8.7058,4.7202148,1980.0,0.9721181966290613,4.731032458948903e-05,-9.55,-75.9,-7.891035556793213,-54.752357482910156
38.28,21.79,113.0625,2007.0,0.9510565162951535,0.0,-5.56,-31.49,-5.200125217437744,-29.582740783691406
53.23,6.55,7.7121582,1975.0,-0.7236440382959123,0.0,-10.2,-65.9,-8.01723861694336,-54.81627655029297
47.37233597,8.083138245,397.48438,2023.0,-0.9587178169872964,4.3965232180198655e-05,-8.01,-51.32,-7.518237590789795,-51.958473205566406
35.27,-75.55,0.0,1975.0,0.9760105506323683,0.0,-2.12,-5.4,-4.074392795562744,-19.047584533691406
51.3744,11.2919,162.88281,2004.0,0.6994583270516471,0.0,-10.42,-73.8,-9.91317367553711,-70.69632720947266
44.81666667,14.98333333,1534.5,2000.0,-0.970063921851507,0.0,-8.14,-55.53,-11.22274398803711,-81.66507720947266
41.9,12.5,59.011719,2002.0,-0.680773409477016,0.0,-5.86,-37.81,-4.370382785797119,-21.817604064941406
45.32,-75.67,112.08594,1981.0,-0.2884824328806098,1.131742465076968e-05,-17.4,-127.5,-11.122758865356445,-106.31208038330078
-75.58333333,-20.56666667,105.53516,2010.0,-0.9741004551724206,6.71472096032462e-08,-24.48,-191.1,-22.436328887939453,-181.24118041992188
-34.05,115.0249,77.78125,2010.0,-0.680773409477016,3.643290983745828e-05,-2.02,-4.3,-3.1937012672424316,-10.805641174316406
76.76666667,-18.66666667,0.0,2014.0,-0.2884824328806098,0.0,-15.14,-111.0,-17.875463485717773,-137.38717651367188
33.65694444,73.26611111,580.9375,2017.0,-0.9587178169872964,0.0,-5.75,-37.2,-4.942953586578369,-27.176002502441406
41.05916667,-100.7463889,918.34375,1993.0,-0.7526668275320083,0.0,-5.2,-28.0,-8.650922775268555,-60.12390899658203
30.62,114.13,25.587891,1996.0,-0.7116566222817751,0.0,-8.15,-58.6,-5.6598801612854,-33.885353088378906
55.75,37.57,130.52344,1970.0,-0.9741004551724206,0.0,-10.5,-97.0,-13.128271102905273,-97.6254653930664
51.83,6.25,9.5,1994.0,-0.9741004551724206,3.919697701348923e-05,-7.97,-54.3,-7.242757797241211,-48.306922912597656
25.01666667,102.6833333,1907.8125,1989.0,-0.9741004551724206,3.517937147989869e-05,-11.25,-75.3,-9.143318176269531,-77.6591567993164
76.76666667,-18.66666667,0.0,2000.0,0.2386727660059501,0.0,-17.75,-133.4,-19.604473114013672,-152.43951416015625
46.095,14.597,283.89062,1990.0,0.9510565162951535,0.0,-9.86,-71.0,-10.301952362060547,-73.95267486572266
9.0,38.73,2329.125,2011.0,-0.9587178169872964,0.0,-2.444680268,-3.893793409,-0.7529969215393066,12.035667419433594
44.73805556,-0.774722222,59.488281,2011.0,0.29671281927349075,1.6564536053920165e-05,-2.084827632,-12.31718738,-4.774336338043213,-25.597999572753906
13.07176111,-59.48972222,45.302734,1961.0,0.29671281927349075,1.3604615560325328e-05,-0.6,-3.8,-2.017019748687744,0.20632171630859375
52.8911,11.7294,21.530273,2008.0,-0.7116566222817751,2.6184397938777693e-05,-8.99,-56.2,-8.994939804077148,-63.005348205566406
44.13333333,6.333333333,881.625,2021.0,-0.680773409477016,0.00013924697123,-6.54,-43.8,-5.450018405914307,-31.921363830566406
51.387367,-0.325697,10.34082,2021.0,0.7961828637826158,0.0,-5.2,-31.96,-5.96618127822876,-36.751869201660156
39.1,117.1666667,3.3602295,1990.0,0.9760105506323683,0.0,-4.86,-30.4,-6.583029270172119,-42.524635314941406
50.06166667,19.84861111,356.8125,2012.0,0.9562348265919056,9.110105020226912e-05,-6.15,-44.3,-10.573074340820312,-76.22354888916016
-0.37,-78.55,3064.0,2008.0,0.6994583270516471,0.0,-15.87,-115.58,-9.807201385498047,-87.1308364868164
51.3744,11.2919,162.88281,2010.0,0.29671281927349075,2.156176560674794e-05,-6.33,-44.5,-7.284122467041016,-48.675811767578125
-3.12,-60.02,49.394531,1973.0,-0.9587178169872964,0.0,-5.6,-16.3,-2.5434937477111816,-4.720680236816406
6.9506,79.8795,3.7172852,2016.0,0.9562348265919056,1.509041521785548e-05,-2.36,-5.0,-4.358252048492432,-21.704078674316406
41.733333,43.516667,0.0,2008.0,-0.970063921851507,0.0,-8.4,-52.0,-7.000955104827881,-46.2732048034668
-27.43,153.08,5.7802734,1975.0,-0.2135209154397959,0.0005286778323352,-5.28,-24.1,-3.8244996070861816,-16.708961486816406
39.28333333,-7.416666667,492.75,1991.0,-0.7236440382959123,0.000107539271994,-4.84,-23.6,-5.610144138336182,-33.419898986816406
42.033333,43.483333,1077.1875,2016.0,0.2386727660059501,0.0,-10.57,-76.0,-15.66044807434082,-118.8345718383789
-15.85,-47.93,1012.8125,1970.0,0.741222010848596,0.0,-6.8,-41.4,-4.62148904800415,-24.167579650878906
-25.73,28.18,1326.75,1997.0,-0.680773409477016,0.0,1.88,28.2,-2.5726075172424316,-4.993141174316406
21.32,103.91,609.09375,2018.0,0.741222010848596,4.633264325093478e-05,-7.31,-45.9,-3.632833957672119,-14.915260314941406
45.3738,-75.6862,78.394531,2018.0,0.741222010848596,0.0,-6.97,-47.5,-8.108038902282715,-55.576805114746094
63.52,-116.0,238.64844,2003.0,-0.7236440382959123,0.0,-28.56,-216.1,-24.116384506225586,-189.66012573242188
45.03527778,24.28416667,223.875,2016.0,0.2386727660059501,0.0,-17.34,-131.9,-12.754838943481445,-94.4976577758789
39.95,32.88,920.125,2002.0,-0.9587178169872964,0.0,-7.34,-43.9,-5.629553318023682,-33.601539611816406
47.4828,11.0622,716.1875,1990.0,0.29671281927349075,8.65834517753683e-05,-6.61,-42.8,-9.257110595703125,-65.20124053955078
41.91172742,2.763346411,139.71094,2007.0,0.9760105506323683,0.0,-4.86,-27.49,-5.8606438636779785,-35.764198303222656
-40.35,-9.88,37.345703,2010.0,0.9760105506323683,6.95071867085062e-05,-3.52,-20.5,-4.663946628570557,-24.564918518066406
58.38277778,21.81416667,5.9343262,2018.0,0.9510565162951535,8.800908108241856e-05,-12.28,-91.4,-10.48611068725586,-75.49515533447266
49.7478,6.6581,259.26562,1982.0,0.29671281927349075,0.0001394388964399,-5.35,-33.5,-7.669384002685547,-51.90270233154297
36.88,30.7,0.0,2002.0,0.741222010848596,0.0,2.93,1.05,-3.856039524078369,-17.004127502441406
17.03333333,54.11666667,14.982422,1989.0,0.02581844022713308,0.0,0.89,11.8,-0.7044739723205566,12.489768981933594
35.68,139.77,22.099609,1974.0,0.9760105506323683,5.315472435540869e-07,-6.93,-41.7,-5.829103946685791,-35.469032287597656
25.07,110.08,385.5,1987.0,0.6994583270516471,0.0,-1.95,0.2,-3.1063599586486816,-9.988258361816406
60.02,-111.97,203.71875,1965.0,0.9760105506323683,0.0,-23.4,-181.0,-22.755659103393555,-178.26290893554688
38.93,100.43,1490.125,1996.0,0.2386727660059501,0.0,-17.03,-145.9,-16.504507064819336,-125.9042739868164
49.0975,19.59,572.9375,2019.0,0.29671281927349075,0.0002026473375735,-5.11,-32.5,-7.620786666870117,-51.49565887451172
38.43055556,27.15111111,13.000488,2022.0,-0.2884824328806098,0.0,-4.84,-26.3,-5.78179407119751,-35.026283264160156
54.6789,13.4342,38.980469,2001.0,-0.2135209154397959,0.0,-5.92,-42.3,-6.700242519378662,-43.62157440185547
64.13,-21.93,12.141602,1995.0,0.2386727660059501,0.0,-11.58,-80.9,-10.153602600097656,-72.71012115478516
41.91172742,2.763346411,139.71094,2010.0,0.9760105506323683,0.0,-6.8,-45.25,-5.873987674713135,-35.889076232910156
44.42,8.85,5.4519043,1978.0,-0.9741004551724206,0.0,-10.0,-66.0,-5.400282382965088,-31.455909729003906
-11.40438889,-76.32505556,4444.0,2008.0,-0.7116566222817751,1.1787711628130635e-05,-5.53,-25.61,-8.893001556396484,-74.0878677368164
48.8281,9.2,313.79688,2010.0,-0.2135209154397959,1.7434102119295858e-05,-6.13,-41.48,-6.3667988777160645,-40.50104522705078
-75.58333333,-20.56666667,105.53516,1976.0,-0.6932812268869771,4.026533049370671e-07,-27.18,-205.0,-20.96677017211914,-168.29122924804688
46.20239,7.84117,1546.1875,2020.0,0.9721181966290613,0.0,-10.53,-74.26,-12.882726669311523,-95.5688247680664
46.22030867,7.33848445,481.70312,2000.0,-0.27195815753410524,0.0001041953728417,-9.228433555,-63.0283208,-13.000383377075195,-96.5542984008789
45.80666667,15.97,120.36328,2002.0,-0.8214765533024145,0.0,-11.57,-84.8,-7.13417387008667,-47.41986846923828
50.7311,13.7514,876.875,2004.0,-0.27195815753410524,2.043586573563516e-05,-12.88,-91.7,-11.105087280273438,-80.67960357666016
49.7478,6.6581,259.26562,1980.0,-0.970063921851507,3.955684951506555e-05,-7.04,-49.1,-7.506007194519043,-50.53428649902344
40.95,15.58333333,631.21875,2003.0,0.6994583270516471,0.0,-11.3,-69.0,-7.165026664733887,-47.678287506103516
28.63,-106.07,1444.25,1981.0,0.741222010848596,0.0,-10.25,-68.4,-7.9814300537109375,-54.51634979248047
46.65772518,8.292706832,1061.3125,2016.0,-0.7116566222817751,5.57058556296397e-05,-16.84,-119.76,-13.12315559387207,-97.5826187133789
31.95765,35.84828333,916.125,2001.0,-0.7236440382959123,0.0,-4.34,-14.55,-4.268484592437744,-20.863990783691406
-0.743055556,-90.30222222,1.7120972,2015.0,0.7116566222817746,1.346224144072039e-05,-0.863171504,2.320048136,-2.992331027984619,-8.921119689941406
52.16666667,0.25,32.667969,1980.0,-0.23030567023061196,3.582364661269821e-05,-7.7,-52.0,-6.110537052154541,-38.102821350097656
13.73,100.5,5.7392578,1996.0,-0.970063921851507,0.0001159525709226,-10.95,-76.4,-7.431914806365967,-53.242408752441406
32.81333333,130.7291667,25.359375,2017.0,-0.7236440382959123,0.0,-5.62,-25.5,-5.925543308258057,-36.371559143066406
46.095,14.597,283.89062,1991.0,0.29671281927349075,2.8001804821542464e-05,-6.5,-46.0,-7.42490291595459,-50.870811462402344
41.818399,46.266606,0.0,2017.0,0.6994583270516471,0.0,-16.11,-112.8,-10.920928955078125,-79.13712310791016
49.0422,12.1019,370.21875,2008.0,0.2802306751992159,1.302803048019996e-05,-5.52,-33.05,-7.647643089294434,-51.720603942871094
38.28,21.79,113.0625,2013.0,-0.7236440382959123,0.0,-5.8,-30.31,-5.451231479644775,-31.932716369628906
49.0975,19.59,572.9375,1999.0,-0.680773409477016,0.0,-5.795,-38.5,-6.884673118591309,-45.3300895690918
51.3,3.75,9.4589844,1995.0,-0.11165900712169444,4.714324677479453e-05,-4.15,-19.6,-6.412075042724609,-41.61145782470703
46.60305556,13.67138889,2148.125,2001.0,-0.5452404385406507,1.8000873751589097e-05,-5.73,-29.4,-12.87761116027832,-95.5259780883789
-21.15,55.75,738.875,1985.0,6.432490598706546e-16,2.1169942556298334e-05,-3.68,-16.7,-2.9413819313049316,-8.444313049316406
36.34064444,43.12988333,231.57812,2024.0,0.9778483415056568,0.0,-2.6,-2.7,-4.249075412750244,-20.682350158691406
23.95277778,90.27916667,23.626953,2018.0,0.9510565162951535,0.0,-0.63,4.3,-2.0825257301330566,-0.40671539306640625
52.93,4.78,0.63311768,1986.0,-0.9741004551724206,4.205527147860266e-05,-7.9,-51.1,-7.282278537750244,-48.64128112792969
56.21666667,43.81666667,76.433594,1982.0,0.9510565162951535,2.1305702830431983e-05,-12.6,-92.0,-12.867380142211914,-95.4402847290039
76.76666667,-18.66666667,0.0,2009.0,-0.7236440382959123,0.0,-22.49,-175.4,-18.479093551635742,-142.44308471679688
40.67,109.85,1068.9375,1988.0,0.7295575540864875,0.0,-8.22,-52.2,-6.866888523101807,-45.181129455566406
-65.07944444,-63.9775,286.6875,1995.0,0.29671281927349075,0.0,-15.16,-115.4,-9.346473693847656,-80.5575942993164
46.60305556,13.67138889,2148.125,2002.0,-0.9033558023246842,7.386844663415104e-05,-5.27,-29.9,-8.430620193481445,-62.58251190185547
-22.71,-46.46583333,1095.0625,1990.0,0.8880573226294932,0.0,-4.53,-19.5,-5.139471530914307,-29.015113830566406
-5.8,-35.2,40.765625,1976.0,0.2386727660059501,2.559274435043335e-05,-0.35,7.1,-2.002462863922119,0.34255218505859375
34.43666667,35.84972222,76.1875,2005.0,0.6994583270516471,4.446137245395221e-05,-4.83,-17.48,-3.6886353492736816,-15.437477111816406
43.97455,10.27266,661.0,2015.0,-0.2135209154397959,2.4503306121914648e-05,-2.62,-12.79,-5.152815341949463,-29.139991760253906
51.01666667,-114.0166667,1033.25,2000.0,0.6994583270516471,0.0,-25.1,-189.0,-24.740476608276367,-194.88742065429688
45.0,136.6,361.35938,2000.0,-0.9634705485641486,0.0,-7.6,-55.4,-8.544687271118164,-60.650001525878906
44.42,8.85,5.4519043,1963.0,0.6994583270516471,0.0,-12.7,-91.0,-6.297653675079346,-39.85395050048828
50.3119,11.8758,564.53125,1988.0,0.9562348265919056,3.10456489387434e-05,-10.89,-78.5,-10.851869583129883,-78.5586929321289
37.77,-25.65,137.14062,2016.0,-0.7116566222817751,2.671939364518039e-05,-1.93,-6.7,-3.691061496734619,-15.460182189941406
23.13,113.32,6.8730469,1989.0,0.6994583270516471,0.0,0.34,3.0,-2.798239231109619,-7.104713439941406
23.05,-82.21666667,123.02734,2014.0,-0.9741004551724206,2.5636571081122383e-05,-1.56,-6.2,-3.9118409156799316,-17.526344299316406
-0.166666667,-78.48333333,2781.625,2013.0,0.2386727660059501,0.0,-8.36,-57.82,-5.561573028564453,-44.01551055908203
36.15,-5.35,1.5737915,1978.0,-0.9741004551724206,0.0,-4.95,-25.2,-4.515951633453369,-23.179908752441406
4.05,114.81,27.053711,2007.0,-0.7354170229639858,0.0001730771182337,-9.03,-60.56,-6.866888523101807,-45.181129455566406
47.42692898,9.400776879,758.46875,2008.0,-0.970063921851507,0.0,-11.36,-78.91762305,-9.992464065551758,-71.3604507446289
40.8203002,0.493333172,52.294922,2020.0,-0.970063921851507,0.0,-3.93,-31.4,-5.413626194000244,-31.580787658691406
4.321388889,117.9405556,168.0625,2007.0,-0.680773409477016,0.0,-10.75,-75.79,-6.729447841644287,-45.875953674316406
9.0,38.73,2329.125,1972.0,-0.9634705485641486,0.0,0.16,20.0,-1.2188172340393066,7.676292419433594
48.951944,14.469722,396.5625,2017.0,0.29671281927349075,0.0001157519873231,-6.59,-46.2,-7.062556743621826,-46.82001495361328
37.97,23.72,100.17578,2008.0,-0.970063921851507,0.0,-4.76,-25.78,-4.438314914703369,-22.453346252441406
-27.43,153.08,5.7802734,2013.0,0.741222010848596,7.591308531118557e-05,-3.42,-8.8,-3.477560520172119,-13.462135314941406
44.73805556,-0.774722222,59.488281,2011.0,-0.2884824328806098,0.0,-4.490016856,-22.10724887,-6.383781909942627,-40.65998077392578
54.35333333,-6.648333333,61.966797,2015.0,-0.2884824328806098,0.0,-9.98,-71.7,-7.74036169052124,-52.49720001220703
49.0422,12.1019,370.21875,2010.0,0.29671281927349075,0.0,-7.27,-49.97,-6.994935989379883,-46.25363540649414
47.47051111,21.49041944,105.30859,2009.0,0.4482293417404106,0.0,-7.49,-62.85,-8.363174438476562,-57.713783264160156
10.62277778,-85.46111111,124.00391,1997.0,-0.2884824328806098,0.0,-10.7,-78.32,-5.111570835113525,-28.754005432128906
66.49686111,25.75518056,108.88672,2007.0,-0.9587178169872964,0.0,-12.79,-91.7,-11.560367584228516,-84.49295806884766
6.417169444,2.329255556,12.735352,2019.0,0.2386727660059501,0.0,-2.31,-6.4,-2.890432834625244,-7.967506408691406
-40.35,-9.88,37.345703,1999.0,0.29671281927349075,0.0,-5.56,-36.4,-4.60207986831665,-23.985939025878906
-27.17,-109.43,140.28906,2015.0,-0.680773409477016,6.909607236593729e-06,-1.77,8.9,-3.1500306129455566,-10.396949768066406
4.05,114.81,27.053711,2008.0,0.6994583270516471,0.000142002973007,-4.55,-21.6,-6.220926761627197,-39.135902404785156
10.10808333,-84.12208333,2250.25,1990.0,-0.2135209154397959,0.000400557561079,-9.6,-69.8,-7.374126434326172,-52.84405517578125
-21.54022,-64.69846,1877.5,2008.0,-0.7116566222817751,2.5083654691115956e-05,-2.68,0.4,-3.9991822242736816,-18.343727111816406
42.14,41.7,0.0,2018.0,-0.2135209154397959,0.0,-4.87,-23.3,-4.878660678863525,-26.574317932128906
28.58,77.2,222.79688,2003.0,-0.680773409477016,0.0,-6.7,-44.6,-6.044424533843994,-37.484107971191406
50.3381,7.6,86.441406,1981.0,-0.7236440382959123,1.8932587408926335e-05,-8.04,-57.4,-8.823570251464844,-61.569984436035156
-0.37,-78.55,3064.0,2006.0,0.29671281927349075,0.0,-19.49,-148.49,-9.571395874023438,-83.7665786743164
48.65,-123.43,15.649902,1977.0,0.741222010848596,0.0,-7.5,-67.0,-10.381242752075195,-74.6167984008789
4.036666667,9.734166667,39.230469,2009.0,0.9760105506323683,0.0001255170791409,-3.17,-11.78,-2.8491883277893066,-7.581520080566406
9.6678,80.0065,5.8981934,2018.0,-0.680773409477016,5.737633182434365e-05,-3.44,-16.4,-2.9850525856018066,-8.853004455566406
50.92,5.78,111.17188,2008.0,0.6016240632249226,0.0,-3.16,-21.6,-7.093729496002197,-47.081111907958984
13.52,2.09,210.4375,2009.0,-0.9587178169872964,0.0,-5.17,-30.48,-4.575392246246338,-23.736183166503906
-2.77,-171.72,2.7612305,1962.0,0.9760105506323683,7.2805407398846e-05,-2.7,-20.5,-3.6546692848205566,-15.119606018066406
47.59583333,7.594444444,248.26562,1991.0,-0.680773409477016,6.794247747166082e-05,-4.0,-27.5,-6.191206455230713,-38.857765197753906
38.98916547,-3.920273851,626.8125,2006.0,0.741222010848596,0.0001481230574427,-2.37,-12.2,-5.431822299957275,-31.751075744628906
18.26,79.47,230.03906,1977.0,-0.2135209154397959,0.0001096232081181,-2.74,-17.2,-2.754568576812744,-6.696022033691406
-65.07944444,-63.9775,286.6875,2006.0,0.2386727660059501,1.2532611722067317e-07,-2.95,-39.33,-9.553504943847656,-84.15515899658203
-34.38,-58.28,0.0,1988.0,0.6994583270516471,0.0,-6.5,-43.0,-5.6811089515686035,-34.084022521972656
25.46411667,-80.33465278,4.0249023,2004.0,-0.06880242680232064,0.0,-2.4,-11.9,-2.672079563140869,-5.924049377441406
37.30268,-2.90198,1735.125,2015.0,0.9760105506323683,0.0,-6.51,-38.1,-6.604768753051758,-42.62566375732422
48.15,15.15,264.90625,1967.0,-0.7236440382959123,0.0,-13.64,-87.9,-11.189493179321289,-81.3865737915039
31.98,35.93,877.0625,1969.0,0.9760105506323683,0.0,-2.49,-2.8,-4.275763034820557,-20.932106018066406
-30.08,-51.18,244.72656,1973.0,-0.7236440382959123,0.0,-4.25,-20.2,-4.018591403961182,-18.525367736816406
-2.716666667,-78.33333333,755.28125,1993.0,-0.9741004551724206,0.0,-6.01,-34.6,-3.118490695953369,-10.101783752441406
-22.94805556,17.1525,1690.0,1963.0,0.2386727660059501,1.5003916814748663e-05,-8.3,-48.3,-3.4993958473205566,-13.666481018066406
23.64,88.85,18.375977,2016.0,-0.23030567023061196,0.0001672630314715,-7.48,-49.2,-6.562103748321533,-42.32880401611328
-14.43933333,-67.5273,200.71875,1983.0,0.9760105506323683,0.0002287220268044,-7.32,-47.6,-5.394217014312744,-31.399147033691406
-31.15583333,136.8052778,166.9375,2013.0,0.741222010848596,0.0,1.85,-2.0,-3.6934876441955566,-15.482887268066406
46.98141401,6.607999655,1046.0625,2023.0,-0.9587178169872964,6.709466833854094e-05,-7.57,-51.57,-7.584338665008545,-51.19037628173828
50.3119,11.8758,564.53125,2003.0,-0.7236440382959123,0.0,-8.87,-59.3,-10.675384521484375,-77.08048248291016
-19.87086111,-43.96733333,844.875,2019.0,-0.7236440382959123,3.875044785672799e-05,-5.76,-34.0,-3.890005588531494,-17.321998596191406
31.25,34.8,278.35938,1977.0,-0.3049212246562894,0.0,-6.72,-30.5,-4.212683200836182,-20.341773986816406
13.73,100.5,5.7392578,2009.0,0.29671281927349075,0.0,-4.85,-29.9,-5.464575290679932,-32.057594299316406
76.52,-68.83,35.275391,1969.0,0.9510565162951535,0.0,-31.07,-232.6,-27.46192741394043,-217.68185424804688
43.73238889,7.423583333,8.8959961,2004.0,0.9562348265919056,0.0,-0.97,-21.65,-5.932215213775635,-36.433998107910156
47.81666667,13.71777778,1616.0625,2020.0,-0.7961828637826154,0.0,-8.057,-50.41,-12.051456451416016,-88.60623931884766
33.46555556,126.9333333,5.9509277,1996.0,0.8880573226294932,0.0,-3.5,-9.0,-4.8446946144104,-26.256446838378906
17.975,-67.05,4.9833984,2015.0,0.9510565162951535,8.68167044245638e-05,-0.31,11.5,-1.6021485328674316,4.088890075683594
47.81666667,13.71777778,1616.0625,2003.0,0.03442161162274574,0.000150089370436,-18.08,-136.1,-10.770021438598633,-77.8731460571289
47.4828,11.0622,716.1875,2012.0,-0.970063921851507,0.0003609295818023,-14.1,-105.61,-9.961771011352539,-71.1033706665039
44.42,8.85,5.4519043,1974.0,0.2386727660059501,6.397792162715632e-08,-5.51,-38.2,-6.866888523101807,-45.181129455566406
39.55339029,2.625298143,5.3820801,2012.0,-0.7116566222817751,1.9830924884445267e-06,-7.3,-46.1,-6.080816745758057,-37.824684143066406
0.05,32.45,1135.4375,1963.0,-0.680773409477016,0.0,-0.9,8.7,-2.385794162750244,-3.2448501586914062
-30.58,-64.58,730.9375,1987.0,0.9760105506323683,0.0,-6.9,-36.0,-6.367405414581299,-40.50672149658203
6.2,100.4,3.8469238,2021.0,-0.2884824328806098,8.682892803335562e-05,-6.26,-39.8,-6.866888523101807,-45.181129455566406
76.76666667,-18.66666667,0.0,2008.0,-0.970063921851507,0.0,-14.35,-109.15,-18.32562828063965,-141.15768432617188
-75.58333333,-20.56666667,105.53516,2007.0,-0.9587178169872964,0.0,-28.21,-222.89,-22.39398956298828,-180.99874877929688
-40.68,144.69,82.167969,1995.0,0.9510565162951535,0.0,-3.48,-17.4,-4.677290439605713,-24.689796447753906
-22.94805556,17.1525,1690.0,1973.0,0.2386727660059501,0.0001156365615315,4.15,28.3,-4.152029514312744,-19.774147033691406
-0.13,-67.08,58.835938,1978.0,-0.7236440382959123,0.000175472421688,-2.45,-9.8,-3.890005588531494,-17.321998596191406
46.60305556,13.67138889,2148.125,2002.0,-0.965739937654855,0.0005428406293503,-7.56,-45.7,-8.390192985534668,-60.868064880371094
-0.743055556,-90.30222222,1.7120972,2013.0,-0.4093559588156211,1.671656264079502e-06,-0.462477986,5.627847907,-1.7040467262268066,3.1352767944335938
32.97,35.5,816.46875,1988.0,0.6994583270516471,0.0,-8.27,-40.9,-4.395857334136963,-22.056007385253906
26.19083333,91.79527778,99.136719,2003.0,-0.680773409477016,0.0,-8.9,-64.3,-7.224451065063477,-50.282508850097656
42.58834633,-5.651107617,911.78125,2009.0,0.741222010848596,0.0,-5.15,-32.41,-6.998655319213867,-46.23189163208008
-33.97,18.6,41.798828,2010.0,-0.680773409477016,0.0,-4.2338174,-17.53101858,-3.016592502593994,-9.148170471191406
38.72,-27.33,632.4375,1998.0,-0.9587178169872964,9.621020581107588e-06,-3.08,-11.0,-3.293173313140869,-11.736549377441406
51.83,6.25,9.5,1984.0,-0.23030567023061196,7.250798807945102e-05,-5.25,-37.5,-6.331013202667236,-40.16614532470703
43.73238889,7.423583333,8.8959961,2020.0,-0.27195815753410524,0.0,-8.0,-50.6,-6.584848880767822,-42.541664123535156
47.47051111,21.49041944,105.30859,2002.0,-0.9973249731081555,0.0,-4.92,-35.9,-7.252339839935303,-50.680397033691406
-29.89805556,-71.2425,14.506836,2016.0,0.7295575540864875,4.364566848380491e-05,-3.69,-38.7,-6.388330936431885,-40.702552795410156
36.98,35.3,22.958008,1992.0,0.2802306751992159,4.696407268056646e-05,-5.27,-30.5,-4.377661228179932,-21.885719299316406
4.365694444,18.58725,381.14062,2011.0,0.2386727660059501,0.0,2.08494774,26.98716366,0.08159780502319336,19.846214294433594
46.89,7.49,659.34375,2014.0,0.741222010848596,0.0,-8.64,-62.6,-8.57291030883789,-59.470497131347656
13.7,-89.12,612.5,1974.0,-0.680773409477016,1.2709558177448343e-05,-3.69,-19.7,-6.283703327178955,-39.72339630126953
41.1,16.86666667,25.878906,2001.0,0.9760105506323683,5.9696296375477687e-05,-7.27,-45.2,-5.428183078765869,-31.717018127441406
40.96666667,15.68333333,465.64062,2002.0,-0.9741004551724206,0.0,-6.6,-37.0,-5.661093235015869,-33.896705627441406
13.01,123.96,364.48438,1998.0,0.9760105506323683,0.0,-1.57,-2.1,-2.7812561988830566,-6.945777893066406
36.15,-5.35,1.5737915,1986.0,-0.7236440382959123,4.696102769230493e-05,-5.75,-29.6,-4.768270969390869,-25.541236877441406
51.93,-10.25,33.068359,2000.0,-0.23030567023061196,0.0,-4.18,-26.65,-5.156454563140869,-29.174049377441406
-30.08,-51.18,244.72656,1976.0,0.9721181966290613,0.0,-4.86,-27.9,-5.943739414215088,-36.541847229003906
34.72,113.65,108.5625,1985.0,-0.7236440382959123,0.0,-12.02,-80.6,-6.8612260818481445,-45.128135681152344
47.81666667,13.71777778,1616.0625,2002.0,-0.1712931441814778,0.0,-13.56,-102.2,-9.207233428955078,-64.78348541259766
31.85,36.81666667,510.6875,2000.0,-0.970063921851507,0.0,3.47,26.9,-3.1742920875549316,-10.624000549316406
10.30513889,-84.81,1395.625,2004.0,-0.17976658572556214,0.0001418683095835,-7.8,-59.0,-6.715473175048828,-46.962745666503906
19.28,166.65,4.0,1966.0,0.6994583270516471,3.468538125162013e-06,-0.6,5.0,-1.9490876197814941,0.8420639038085938
24.91,91.84533333,16.452148,2014.0,0.9510565162951535,0.0,-0.13,11.4,-2.3299927711486816,-2.7226333618164062
-21.02823729,55.47161911,1175.3125,2012.0,-0.7526668275320083,1.6718156985007226e-05,-1.642297468,0.934881233,-3.7128968238830566,-15.664527893066406
13.07176111,-59.48972222,45.302734,1964.0,-0.23030567023061196,1.1831874871859329e-05,-2.3,-14.3,-2.589590549468994,-5.152076721191406
37.77,-25.65,137.14062,2020.0,0.9721181966290613,5.431512545328587e-05,-3.72,-21.3,-3.613424777984619,-14.733619689941406
49.0392,8.365,112.44141,2011.0,-0.680773409477016,2.6905328923021443e-05,-6.27,-43.69,-6.751570701599121,-44.1019287109375
48.24861111,16.35638889,200.63281,2009.0,0.9760105506323683,0.0,-5.73,-44.6,-9.598569869995117,-68.0612564086914
44.42,8.85,5.4519043,1981.0,0.29671281927349075,0.0,-3.56,-17.0,-4.790106296539307,-25.745582580566406
53.23,6.55,7.7121582,2008.0,0.7295575540864875,6.752061835868517e-06,-4.78,-32.72,-6.866888523101807,-45.181129455566406
46.17378583,8.788556051,407.5,2015.0,0.9510565162951535,5.925352979829768e-06,-9.17,-62.4,-9.972002029418945,-71.1890640258789
78.91666667,11.93333333,38.650391,2014.0,0.2386727660059501,0.0,-7.92,-49.0,-12.146093368530273,-89.3989028930664
47.59583333,7.594444444,248.26562,1994.0,-0.9741004551724206,0.0,-7.92,-55.0,-8.142585754394531,-57.941932678222656
55.677,12.56,17.620117,2014.0,0.9760105506323683,0.0,-8.05,-60.7,-8.906698226928711,-62.26624298095703
-22.71,-46.46583333,1095.0625,1997.0,-0.4635502709028512,0.0,-7.35,-44.36,-3.496969699859619,-13.643775939941406
37.13333333,79.93333333,1348.75,1990.0,0.2386727660059501,0.0,-16.95,-121.8,-13.394277572631836,-99.8534927368164
10.88,-74.78,22.039062,1985.0,-0.2135209154397959,0.0,-4.45,-30.4,-5.1164231300354,-28.799415588378906
-65.07944444,-63.9775,286.6875,2006.0,-0.2884824328806098,1.862645149230957e-08,-8.14,-75.64,-9.301126480102539,-79.9106216430664
46.57248471,8.332719621,1924.0,2019.0,0.29671281927349075,0.0001499557984061,-5.93,-30.35,-9.70088005065918,-68.9181900024414
45.03527778,24.28416667,223.875,2021.0,-0.2135209154397959,4.875826198258437e-05,-5.95,-41.5,-6.38560152053833,-40.67700958251953
41.38,2.12,59.777344,1992.0,0.7295575540864875,3.193901284248568e-05,-8.23,-60.8,-4.913839817047119,-26.903541564941406
46.39864119,6.233803787,434.125,1992.0,-0.970063921851507,0.0,-9.9,-68.5,-8.952567100524902,-63.078880310058594
51.35,12.43,125.46484,1991.0,-0.2884824328806098,5.632393367704935e-06,-10.1,-76.1,-10.616556167602539,-76.5877456665039
51.116535,17.029468,118.94141,2007.0,0.36171373072976765,0.0,-9.267536571,-63.79581523,-8.657316207885742,-60.177467346191406
47.59583333,7.594444444,248.26562,2004.0,-0.23030567023061196,0.0001451081188861,-3.81,-26.2,-6.296440601348877,-39.84259796142578
52.4672,13.4019,47.5625,1993.0,-0.9587178169872964,0.0,-7.36,-50.9,-7.356861114501953,-50.15998077392578
51.6,-1.1,55.042969,2005.0,-0.9741004551724206,9.516214777249844e-05,-5.78,-37.6,-6.745250225067139,-43.88113784790039
41.05916667,-100.7463889,918.34375,1995.0,0.9966589017541702,5.471243639476597e-06,-7.9,-48.0,-10.532150268554688,-75.88077545166016
-3.72,-38.55,19.124023,1970.0,0.9760105506323683,0.0002604579785838,-1.34,-10.7,-4.287893772125244,-21.045631408691406
-27.43,153.08,5.7802734,1984.0,0.6994583270516471,0.0,-1.65,-1.3,-3.414480686187744,-12.871803283691406
-1.56708,29.05573,1509.1875,2014.0,0.9760105506323683,0.0001001825366984,-3.09,-11.04,-2.798239231109619,-7.104713439941406
47.42692898,9.400776879,758.46875,2014.0,-0.680773409477016,0.0,-7.12,-48.1,-6.601073741912842,-42.693504333496094
10.00036389,-84.10913333,1157.3125,2016.0,0.48627270710869,0.0002497155219316,-12.64864127,-92.341344,-8.616384506225586,-70.1413345336914
48.24861111,16.35638889,200.63281,1998.0,-0.2135209154397959,0.0,-7.81,-54.7,-6.540268421173096,-42.12445831298828
42.58834633,-5.651107617,911.78125,2006.0,-0.2135209154397959,0.0,0.53,-1.9,-4.985411167144775,-27.573341369628906
-4.62,55.45,13.739746,1963.0,0.6994583270516471,8.64221692609135e-06,-2.0,-3.8,-2.958364963531494,-8.603248596191406
46.39864119,6.233803787,434.125,2008.0,-0.27195815753410524,3.600324635044672e-05,-13.18,-95.03650519,-12.161439895629883,-89.5274429321289
13.73,100.5,5.7392578,2007.0,0.9510565162951535,0.0,-0.43,-0.34,-4.317007541656494,-21.318092346191406
46.89,7.49,659.34375,2023.0,-0.9741004551724206,1.437818536942359e-05,-11.88,-89.22,-9.66762924194336,-68.63968658447266
51.05,13.73,119.02734,1999.0,-0.9741004551724206,0.0001478007616242,-6.44,-44.1,-8.260017395019531,-58.73584747314453
6.966666667,80.76666667,1882.75,1986.0,0.9760105506323683,0.0,-8.12,-51.8,-3.3683838844299316,-12.440406799316406
54.0967,13.4056,1.5458374,2002.0,-0.7236440382959123,9.615890121494886e-06,-13.98,-102.5,-9.12794303894043,-64.1193618774414
-1.56909,29.27818,1991.0,2014.0,0.29671281927349075,0.0,-1.39,5.44,-0.25321054458618164,16.712913513183594
32.2361,-110.9439,753.21875,2014.0,0.9760105506323683,0.0,-0.4,-4.6,-6.866888523101807,-45.181129455566406
-34.633575,-56.616825,41.009766,2005.0,0.2386727660059501,0.0,-6.2,-43.14,-5.2328782081604,-29.889259338378906
43.54983333,13.60116667,546.1875,2015.0,-0.7236440382959123,5.413817416410893e-05,-12.99,-85.5,-7.041934967041016,-46.64728927612305
7.198611111,-72.97388889,1864.375,2006.0,0.9510565162951535,0.0,-3.76,-16.73,-5.532507419586182,-32.693336486816406
14.168625,-91.103443,72.261719,2020.0,-0.6932812268869771,0.0,-5.25,-32.9,-5.491262912750244,-32.307350158691406
41.75,44.766667,0.0,2009.0,0.2386727660059501,0.0,-12.92,-89.4,-12.790647506713867,-94.7975845336914
4.05,114.81,27.053711,2007.0,0.9106046300942163,0.0,-9.74,-61.95,-6.52904748916626,-42.019447326660156
60.02,-111.97,203.71875,1963.0,0.2386727660059501,0.0,-26.2,-203.2,-26.213743209838867,-207.22726440429688
3.783333333,103.3333333,8.0805664,2014.0,-0.9587178169872964,6.815398228354752e-05,-2.41,-13.9,-6.21607780456543,-41.326454162597656
-46.42,168.32,-0.90939331,1989.0,-0.7236440382959123,4.7876736061880365e-05,-6.23,-43.3,-6.866888523101807,-45.181129455566406
36.15,-5.35,1.5737915,1987.0,-0.7236440382959123,0.0,-4.09,-19.9,-4.774336338043213,-25.597999572753906
38.71,-27.11,524.125,1999.0,0.29671281927349075,9.298529221268836e-06,-3.995,-18.45,-3.424185276031494,-12.962623596191406
9.357072,-75.289167,200.4375,2013.0,0.741222010848596,8.246074867201969e-05,-8.23,-58.22,-5.829710483551025,-35.474708557128906
-21.2,-159.8,7.8220215,1988.0,0.9562348265919056,3.465353984211106e-06,-2.48,-13.7,-4.537786960601807,-23.384254455566406
53.8713,8.7058,4.7202148,2007.0,-0.9587178169872964,0.0,-6.02,-38.2,-6.666731357574463,-43.307960510253906
-30.08,-51.18,244.72656,1979.0,-0.9741004551724206,6.602193934668321e-06,-2.57,-10.2,-3.681356906890869,-15.369361877441406
-20.299175,57.47873889,391.1875,2009.0,-0.2884824328806098,5.2071322897973005e-06,-2.46,-10.01,-2.5143799781799316,-4.448219299316406
50.3381,7.6,86.441406,1985.0,-0.2884824328806098,1.1574992640817072e-05,-8.62,-59.8,-9.821094512939453,-69.92508697509766
47.81666667,13.71777778,1616.0625,2018.0,-0.060213277365792774,0.0,-8.866,-56.78,-10.73165512084961,-77.55179595947266
48.8281,9.2,313.79688,1996.0,-0.27195815753410524,0.0,-11.78,-93.1,-10.941390991210938,-79.30850982666016
41.7787,2.5047,614.3125,2014.0,-0.680773409477016,0.0,-3.5,-17.4,-5.321432590484619,-30.717994689941406
4.05,114.81,27.053711,2007.0,-0.3131070409358267,6.250647129490972e-05,-7.09,-45.22,-6.866888523101807,-45.181129455566406
26.58333333,106.7166667,1077.9375,1992.0,0.9721181966290613,0.0,-3.93,-18.9,-2.744863986968994,-6.605201721191406
48.8281,9.2,313.79688,2006.0,-0.2135209154397959,3.586378807085566e-05,-4.22,-29.6,-6.349815845489502,-40.34210968017578
46.60305556,13.67138889,2148.125,2000.0,-0.970063921851507,0.0,-11.89,-80.6,-7.683798313140869,-55.34145736694336
37.97,23.72,100.17578,2003.0,0.6994583270516471,3.774230572162196e-05,-10.21,-66.4,-5.769663333892822,-34.912757873535156
-34.90416667,-56.16666667,34.734375,2012.0,-0.9634705485641486,0.0,-1.92,-5.11,-3.283468723297119,-11.645729064941406
-41.47,-72.93,43.574219,2009.0,0.741222010848596,0.0,-6.77,-43.9,-6.217894077301025,-39.107521057128906
62.89179444,27.62542222,94.585938,2013.0,-0.9587178169872964,0.0,-13.91,-97.5,-10.800714492797852,-78.1302261352539
45.6,13.93333333,486.53125,2002.0,-0.32126966169236515,0.0,-9.35,-51.71,-13.276620864868164,-98.8680191040039
60.18008889,24.83286111,14.698242,2019.0,-0.680773409477016,0.0,-10.29,-70.8,-8.632314682006836,-61.75625228881836
44.42,8.85,5.4519043,1990.0,-0.9587178169872964,3.6748646380146965e-05,-3.91,-17.3,-5.044851779937744,-28.129615783691406
10.00036389,-84.10913333,1157.3125,2016.0,-0.9995462806873573,0.0001700773282209,-3.488429,-19.612452,-8.114139556884766,-64.54627227783203
-26.41388889,146.2558333,302.09375,2009.0,0.741222010848596,0.0,-7.48,-47.6,-5.308088779449463,-30.593116760253906
-0.743055556,-90.30222222,1.7120972,2013.0,-0.655156357209085,3.036589305338566e-06,-0.641081049,5.036923676,-1.6118531227111816,3.9980697631835938
7.17,2.07,154.96875,2016.0,0.9721181966290613,0.0001305362529819,-2.23,-10.6,-2.0970826148986816,-0.5429458618164062
60.18008889,24.83286111,14.698242,2018.0,0.29671281927349075,5.413942199083976e-05,-7.23,-49.0,-9.087018966674805,-63.776588439941406
4.359,117.986,163.78906,2007.0,-0.7236440382959123,5.635933121084236e-05,-9.93,-64.73,-7.166225910186768,-50.324134826660156
4.7,-74.13,2551.125,2008.0,-0.7116566222817751,0.0,-12.36,-88.81,-8.071310043334961,-62.364723205566406
19.31396667,-99.3094,2965.0,2011.0,0.6551563572090853,0.0001799630990717,-3.85,-16.1,0.7712302207946777,-12.997962951660156
23.05,-82.21666667,123.02734,2005.0,0.741222010848596,0.0,-0.63,-1.83,-2.5580506324768066,-4.856910705566406
56.7193,60.73332,220.07031,2017.0,0.741222010848596,0.0,-12.09019227,-86.88759445,-11.388998031616211,-83.0575942993164
37.1644591,-5.611393166,86.394531,2009.0,0.2386727660059501,0.0,-4.2,-22.84,-5.450018405914307,-31.921363830566406
-13.0,-38.52,39.933594,1969.0,0.741222010848596,0.0001138045918196,-1.19,2.7,-2.9171204566955566,-8.217262268066406
-15.55555556,-69.98222222,3815.25,2001.0,0.9760105506323683,2.4568325898144398e-05,-16.67,-123.6,-11.862337112426758,-116.4516372680664
31.62,-97.22,151.59375,1962.0,0.29671281927349075,0.0,-3.8,-24.9,-5.875807285308838,-35.906105041503906
47.4828,11.0622,716.1875,2002.0,0.2386727660059501,5.603620593319647e-06,-9.63,-83.0,-12.862264633178711,-95.3974380493164
35.33,25.18,55.933594,1964.0,0.9562348265919056,9.438312554266304e-05,-5.41,-29.8,-4.608145236968994,-24.042701721191406
-27.17,-109.43,140.28906,2003.0,-0.2884824328806098,0.0,1.18,13.4,-3.142752170562744,-10.328834533691406
53.23,6.55,7.7121582,1983.0,0.29671281927349075,0.0,-5.51,-37.8,-6.7994489669799805,-44.54999923706055
-34.93,138.58,24.027344,2012.0,0.6994583270516471,0.0,-3.08,-11.6,-4.268484592437744,-20.863990783691406
46.37222222,6.470833333,387.75,2016.0,0.2802306751992159,0.0001870736159617,-8.86,-65.0,-6.7631707191467285,-44.210487365722656
13.73,100.5,5.7392578,2021.0,0.741222010848596,0.0,-6.18,-40.5,-4.275763034820557,-20.932106018066406
-65.07944444,-63.9775,286.6875,2018.0,0.741222010848596,1.0214654577322543e-06,-11.59,-87.8,-9.045368194580078,-76.2616958618164
13.03,123.94,881.09375,1998.0,-0.9741004551724206,8.285632065963e-05,-13.05,-88.8,-6.866888523101807,-45.181129455566406
35.92138889,-106.2802778,2309.875,1992.0,0.8880573226294932,0.0,-15.33,-109.0,-15.982725143432617,-121.5339126586914
51.57,4.93,17.209961,1982.0,0.9760105506323683,0.0,-4.46,-26.9,-7.553062438964844,-51.74055480957031
-34.38,-58.28,0.0,1998.0,0.741222010848596,0.0,-6.8,-35.0,-6.016523838043213,-37.222999572753906
51.93,-10.25,33.068359,1989.0,-0.680773409477016,0.00011023364641,-4.25,-26.2,-5.224386692047119,-29.809791564941406
43.54983333,13.60116667,546.1875,2017.0,-0.2884824328806098,2.462526481394889e-06,-10.36,-71.2,-8.664989471435547,-60.241737365722656
46.17378583,8.788556051,407.5,2017.0,-0.680773409477016,0.0,-6.63,-37.8,-6.208189487457275,-39.016700744628906
62.89179444,27.62542222,94.585938,2006.0,-0.2135209154397959,0.000229497833061,-9.28,-69.5,-8.41305160522461,-58.13153839111328
-40.35,-9.88,37.345703,1963.0,0.6994583270516471,6.372421194100752e-05,-3.0,-14.9,-4.604506015777588,-24.008644104003906
4.7,-74.13,2551.125,2020.0,0.6994583270516471,0.0,-2.7,-8.1,-9.117923736572266,-77.2968521118164
50.3381,7.6,86.441406,2007.0,-0.680773409477016,7.841270416975021e-06,-8.59,-62.15,-6.829662322998047,-44.83274841308594
44.73805556,-0.774722222,59.488281,2013.0,0.9510565162951535,3.471652598818764e-05,-5.27,-30.09,-5.920084476470947,-36.320472717285156
4.05,114.81,27.053711,2007.0,0.440518784350495,0.0,-10.19,-66.89,-6.771510601043701,-44.288536071777344
45.32,-75.67,112.08594,1988.0,-0.6932812268869771,9.60017932811752e-05,-7.79,-53.5,-7.302448272705078,-51.395301818847656
46.64833333,14.31833333,448.71875,1989.0,-0.9587178169872964,0.0,-12.3,-89.4,-7.911731243133545,-53.93256378173828
51.3744,11.2919,162.88281,2012.0,-0.6932812268869771,0.0,-4.29,-28.9,-6.200911045074463,-38.948585510253906
47.25,39.82,80.558594,1990.0,-0.680773409477016,2.4973209292511456e-05,-4.0,-31.0,-6.6426215171813965,-43.08232879638672
-27.43,153.08,5.7802734,1979.0,0.2386727660059501,0.0,-3.32,-12.4,-3.4120545387268066,-12.849098205566406
37.1644591,-5.611393166,86.394531,2015.0,0.29671281927349075,0.0,-1.43,-9.6,-3.836630344390869,-16.822486877441406
40.40725278,-3.686133333,653.5,2001.0,-0.9973249731081555,0.0,-2.64,-14.6,-6.917996406555176,-45.19884490966797
36.85194444,-3.009444444,510.65625,2005.0,0.989932495087353,0.0,-5.88,-37.09,-5.073965549468994,-28.402076721191406
44.73805556,-0.774722222,59.488281,2010.0,-0.9741004551724206,0.0,-8.368249093,-56.37579597,-5.610144138336182,-33.419898986816406
47.42692898,9.400776879,758.46875,2018.0,-0.9587178169872964,0.0,-6.82,-40.4,-7.7652997970581055,-52.706077575683594
-26.41388889,146.2558333,302.09375,2008.0,0.9562348265919056,2.983559897984378e-05,1.31,8.7,-5.402708530426025,-31.478614807128906
-36.8,-59.83,137.54688,1999.0,-0.2135209154397959,4.275740866432898e-05,-6.0,-27.0,-5.954050540924072,-36.638343811035156
42.025,35.15833333,61.443359,2014.0,-0.2884824328806098,2.989669610542478e-06,-11.77,-75.3,-10.493783950805664,-75.5594253540039
9.357072,-75.289167,200.4375,2019.0,-0.9741004551724206,0.0002693698043003,-6.67,-43.9,-5.350546360015869,-30.990455627441406
62.89179444,27.62542222,94.585938,2015.0,-0.7236440382959123,8.789654202701058e-06,-15.37,-110.3,-14.136026382446289,-106.0662612915039
13.05,123.97,661.0625,1993.0,0.6994583270516471,0.0,-3.08,-8.7,-3.521231174468994,-13.870826721191406
51.83,6.25,9.5,1997.0,-0.2884824328806098,0.0,-10.09,-76.7,-8.470600128173828,-58.613563537597656
36.78,3.052222222,139.10156,2003.0,0.2386727660059501,1.0742503491201203e-06,-6.27,-37.4,-5.875807285308838,-35.906105041503906
46.72738634,8.186782163,600.90625,1984.0,-0.6932812268869771,0.0001220084232045,-9.21,-63.6,-6.544514179229736,-42.16419219970703
-4.37,15.25,422.4375,1963.0,0.29671281927349075,0.0,-3.8,-11.8,-2.5143799781799316,-4.448219299316406
10.00036389,-84.10913333,1157.3125,2014.0,-0.9932568492674143,0.0003745563735719,-11.44257167,-84.2596048,-7.84165620803833,-61.28394317626953
48.545,13.3528,478.40625,2001.0,-0.9741004551724206,0.0,-9.16,-63.9,-9.46173095703125,-66.91510772705078
58.01,56.18,103.00391,1981.0,0.2386727660059501,1.3080369171802886e-05,-17.4,-117.0,-17.875463485717773,-137.38717651367188
47.12,9.49,459.84375,2021.0,-0.680773409477016,0.0001057654153555,-7.08,-46.08,-6.338898181915283,-40.23993682861328
-30.08,-51.18,244.72656,1968.0,-0.27195815753410524,0.0002246849471703,-4.91,-27.4,-4.547491550445557,-23.475074768066406
25.57,91.88,1515.25,1978.0,0.741222010848596,0.000140522737638,-3.75,-20.0,-5.37844705581665,-31.251564025878906
37.30268,-2.90198,1735.125,2021.0,0.2386727660059501,0.0,-8.48,-57.1,-8.994939804077148,-63.005348205566406
47.4,28.49166667,94.726562,2020.0,-0.9634705485641486,0.0,-5.85,-35.1,-7.7089338302612305,-53.61781311035156
10.00036389,-84.10913333,1157.3125,2017.0,-0.661634618242279,0.0001437393948435,-3.115428212,-11.95166081,-6.005929946899414,-38.861183166503906
47.38333333,123.9166667,143.5,1991.0,-0.9741004551724206,6.925640627741814e-05,-20.0,-139.5,-11.938915252685547,-87.66361236572266
40.40725278,-3.686133333,653.5,2003.0,0.9886775902323405,0.0,-3.6,-27.0,-7.553645610809326,-50.93329620361328
45.68,126.62,168.53906,1987.0,-0.2884824328806098,0.0,-14.32,-92.6,-19.266881942749023,-149.04147338867188
-5.22,145.8,2.7424316,1969.0,0.6994583270516471,0.0,-10.18,-68.8,-6.126307010650635,-38.250404357910156
51.6,-1.1,55.042969,2015.0,0.2386727660059501,0.0,-8.15,-54.5,-7.962246894836426,-54.355674743652344
47.8008,11.0108,974.96875,1976.0,-0.27195815753410524,0.0,-16.81,-122.5,-12.816225051879883,-95.0118179321289
48.24861111,16.35638889,200.63281,1977.0,-0.680773409477016,0.0,-7.81,-50.8,-6.897917747497559,-45.363990783691406
52.8,5.05,-4.4990234,2001.0,0.995918996147179,2.5354545869049616e-05,-9.086,-62.96,-7.244446754455566,-49.48757553100586
-0.37,-78.55,3064.0,1998.0,0.9510565162951535,0.0001590213796589,-10.67,-71.2,-10.588987350463867,-98.2846450805664
49.0975,19.59,572.9375,1994.0,-0.9741004551724206,0.0,-13.2,-92.0,-9.647167205810547,-68.46829986572266
36.15,-5.35,1.5737915,1964.0,-0.7116566222817751,0.0,-5.2,-29.2,-5.111570835113525,-28.754005432128906
46.22030867,7.33848445,481.70312,2014.0,-0.2884824328806098,6.290958117460832e-05,-15.09,-115.9,-13.031076431274414,-96.8113784790039
4.373,117.893,223.46875,2008.0,-0.27195815753410524,0.0001302874879911,-6.92,-44.43,-7.662732124328613,-56.535499572753906
47.59583333,7.594444444,248.26562,2000.0,-0.9634705485641486,0.0,-8.84,-64.05,-7.2774481773376465,-50.24175262451172
52.8,5.05,-4.4990234,2009.0,0.42500033996955416,3.2687908060324844e-06,-9.55,-67.45,-6.866888523101807,-45.181129455566406
36.83,10.23,0.0,1969.0,0.9510565162951535,0.0002737207105383,-3.67,-29.3,-4.707617282867432,-24.973609924316406
41.818399,46.266606,0.0,2014.0,0.6994583270516471,0.0,-14.99,-103.8,-10.816061019897461,-78.2587661743164
33.43005278,43.29637778,50.814453,2023.0,-0.06880242680232064,0.0,-1.18,-0.37,-3.443594455718994,-13.144264221191406
50.06166667,19.84861111,356.8125,1990.0,0.29671281927349075,0.0001346635399386,-5.52,-36.6,-8.59465217590332,-59.65259552001953
49.0392,8.365,112.44141,1990.0,0.2386727660059501,2.975633105961606e-05,-5.92,-43.7,-9.470682144165039,-66.9900894165039
69.2666,-53.469,93.789062,2015.0,-0.2884824328806098,1.3028500688960776e-05,-12.59,-75.4,-17.530778884887695,-158.77890014648438
43.933,-60.007,2.6035156,2020.0,-0.9679377830240641,8.12440412119031e-05,-4.442,-25.61333333,-6.354668140411377,-40.38751983642578
46.17378583,8.788556051,407.5,2015.0,-0.2135209154397959,0.0001293959212489,-3.95,-22.9,-6.409862995147705,-40.90406036376953
53.7122,7.1519,8.8525391,2000.0,-0.7116566222817751,9.36473734327592e-05,-9.62,-70.24,-7.892548084259033,-53.771888732910156
42.66,18.08333333,0.0,2001.0,0.29671281927349075,0.0,-2.43,-18.0,-4.763418674468994,-25.495826721191406
-6.18,106.83,5.1230469,1963.0,0.6994583270516471,8.522348070982844e-05,-6.1,-42.8,-5.732664585113525,-34.566505432128906
54.0967,13.4056,1.5458374,2010.0,0.29671281927349075,2.3642198357265443e-05,-7.2,-50.6,-7.188183784484863,-48.267391204833984
-0.331666667,31.76111111,1281.8125,2021.0,0.9510565162951535,0.0,-1.64,2.9,-2.638113498687744,-5.606178283691406
54.5283,11.0603,1.9006348,2012.0,-0.27195815753410524,0.0,-7.98,-55.5,-10.278932571411133,-73.7598648071289
16.73,-169.52,0.0,1962.0,0.741222010848596,1.764209991961252e-05,-2.0,-13.0,-3.293173313140869,-11.736549377441406
53.8713,8.7058,4.7202148,1999.0,0.2386727660059501,2.054534206763492e-06,-7.82,-52.65,-9.072952270507812,-63.65876007080078
7.47,151.85,0.0,1977.0,0.9760105506323683,4.9392150685889646e-05,-3.9,-22.3,-5.049704074859619,-28.175025939941406
24.91,91.84533333,16.452148,2013.0,-0.680773409477016,0.0,-9.38,-65.2,-6.742382526397705,-44.303916931152344
50.06166667,19.84861111,356.8125,1993.0,0.741222010848596,0.0,-5.29,-37.4,-8.419445037841797,-58.185096740722656
50.4972,9.9428,920.40625,1993.0,0.9510565162951535,1.7882875908981077e-05,-6.68,-45.6,-9.55508804321289,-67.69705963134766
48.24861111,16.35638889,200.63281,1982.0,-0.680773409477016,0.0,-5.45,-39.8,-6.675222873687744,-43.387428283691406
-40.35,-9.88,37.345703,2012.0,0.9721181966290613,3.187354377587326e-05,-2.59482756,-13.97265074,-4.6700119972229,-24.621681213378906
47.67,-124.48,0.0,1964.0,0.6994583270516471,0.0,-6.7,-43.4,-7.895988464355469,-56.385292053222656
-6.18,106.83,5.1230469,1964.0,0.7295575540864875,7.57763409637846e-05,-5.0,-28.0,-5.731451511383057,-34.555152893066406
47.42692898,9.400776879,758.46875,2011.0,-0.9741004551724206,0.0001953778264578,-10.16,-68.51,-9.833883285522461,-70.0322036743164
41.05916667,-100.7463889,918.34375,1999.0,-0.9911140639934546,0.0,-10.1,-74.0,-9.474519729614258,-67.02222442626953
-75.58333333,-20.56666667,105.53516,1979.0,0.6994583270516471,1.1267852494677721e-08,-12.95,-94.9,-16.632858276367188,-134.06417846679688
52.2914,10.4464,80.6875,1988.0,-0.27195815753410524,8.688558409630787e-06,-6.2,-47.2,-10.248239517211914,-73.5027847290039
48.8281,9.2,313.79688,2004.0,0.6994583270516471,0.0,-9.97,-73.7,-10.532150268554688,-75.88077545166016
47.42692898,9.400776879,758.46875,2023.0,0.9760105506323683,2.937547833425924e-05,-10.12,-69.36,-10.949064254760742,-79.3727798461914
46.20239,7.84117,1546.1875,2022.0,-0.2135209154397959,0.0,-3.09,-15.7,-6.866888523101807,-45.181129455566406
-23.0,-47.13333333,635.21875,1998.0,0.5234156073655503,6.316322833299637e-05,-1.55,-1.61,-4.617849826812744,-24.133522033691406
36.03,129.38,4.7189941,1961.0,-0.680773409477016,0.0,-8.54,-63.1,-7.343487739562988,-51.980812072753906
0.05,32.45,1135.4375,2020.0,0.9721181966290613,0.0001071134320227,-3.17,-12.8,-2.7861084938049316,-6.991188049316406
9.0,38.73,2329.125,1975.0,0.29671281927349075,0.0,0.09,14.8,-0.48612070083618164,14.533226013183594
56.93604,24.09549,1.7421875,2020.0,0.9562348265919056,4.906798858428374e-05,-10.01,-72.2,-10.069196701049805,-72.0031509399414
47.8008,11.0108,974.96875,1980.0,-0.9634705485641486,0.0,-7.54,-46.6,-9.516721725463867,-67.3757095336914
19.31396667,-99.3094,2965.0,2015.0,0.6551563572090853,0.0,-7.336,-42.68,-5.758139133453369,-34.804908752441406
72.58,-38.4799,3202.0,2011.0,-0.680773409477016,0.0,-35.69261817,-256.4558264,-27.942785263061523,-221.70944213867188
49.93333333,36.28333333,149.28125,2015.0,-0.2884824328806098,7.726962394372094e-06,-12.14,-90.8,-12.447908401489258,-91.9268569946289
-22.399288,-47.543743,626.78125,2019.0,0.29671281927349075,0.0,-3.38,-9.7,-5.02908182144165,-27.982032775878906
49.7703,9.9578,265.90625,1982.0,0.6994583270516471,0.0,-12.48,-88.5,-11.271341323852539,-82.0721206665039
9.966666667,-84.83333333,0.0,1993.0,-0.2135209154397959,0.0,-7.89,-53.0,-4.839842319488525,-26.211036682128906
48.8281,9.2,313.79688,1983.0,0.29671281927349075,0.0,-5.1,-39.2,-8.470600128173828,-58.613563537597656
46.49722222,28.3,150.79688,2011.0,0.29671281927349075,0.0,-6.56,-44.3,-6.866888523101807,-45.181129455566406
39.46666667,-6.333333333,410.0,2010.0,0.6994583270516471,9.792000128072686e-06,-8.97,-59.62,-5.9722466468811035,-36.808631896972656
51.01666667,-114.0166667,1033.25,1993.0,-0.9587178169872964,1.974512451852206e-05,-17.0,-131.7,-16.15153694152832,-122.9478530883789
9.0,38.73,2329.125,1970.0,0.29671281927349075,0.0,2.6,27.7,-0.5686097145080566,13.761253356933594
-34.38,-58.28,0.0,1999.0,-0.680773409477016,0.0,-2.5,-4.0,-3.200979709625244,-10.873756408691406
47.4828,11.0622,716.1875,1993.0,-0.2135209154397959,2.1954163457849063e-05,-5.77,-36.6,-7.141349792480469,-47.43251419067383
48.24861111,16.35638889,200.63281,1994.0,0.2386727660059501,0.0,-11.44,-94.0,-10.841638565063477,-78.4729995727539
39.95,32.88,920.125,2006.0,0.29671281927349075,0.0,-4.97,-28.77,-5.545851230621338,-32.818214416503906
32.18,118.18,39.578125,1991.0,0.741222010848596,0.0,-2.58,-6.1,-4.787680149078369,-25.722877502441406
51.3744,11.2919,162.88281,2002.0,0.9760105506323683,8.174313734343741e-06,-8.58,-59.9,-8.872167587280273,-61.977027893066406
36.55530278,126.635925,59.384766,2020.0,0.7295575540864875,3.6886958696413785e-05,-2.88,-18.2,-5.818186283111572,-35.366859436035156
32.2361,-110.9439,753.21875,1991.0,-0.7236440382959123,0.0,-7.15204461,-40.14869888,-6.645269393920898,-47.009132385253906
50.3119,11.8758,564.53125,2004.0,0.6994583270516471,0.0,-9.18,-66.75,-11.000219345092773,-79.8012466430664
-16.23433889,-67.78571667,2239.0,1984.0,0.2386727660059501,0.0,-12.16,-83.0,-4.853186130523682,-26.335914611816406
28.58,77.2,222.79688,2001.0,0.6994583270516471,0.0,4.35,38.2,-2.230520725250244,-1.7917251586914062
-51.7,-57.87,50.568359,1964.0,-0.9634705485641486,1.0699488484533504e-05,-10.0,-75.0,-7.067743301391602,-49.160972595214844
-6.18,106.83,5.1230469,1978.0,-0.9741004551724206,3.009297142853029e-05,-7.14,-45.7,-4.847120761871338,-26.279151916503906
-21.50303,-64.17048,1258.6875,2011.0,0.6994583270516471,0.0,-13.39,-92.7,-5.496115207672119,-32.352760314941406
-26.81666667,-65.21666667,453.07812,2001.0,0.29671281927349075,1.6762898667366244e-05,-6.0,-31.0,-6.295530796051025,-39.834083557128906
-75.58333333,-20.56666667,105.53516,1974.0,0.9760105506323683,2.431097022457176e-06,-22.97,-178.2,-16.53047752380371,-133.11581420898438
51.6,-1.1,55.042969,2021.0,0.2386727660059501,0.0,-8.08,-57.4,-7.900221347808838,-53.836158752441406
12.69325,-7.995494444,382.5625,1968.0,0.7295575540864875,8.729307592147961e-05,2.44,10.7,-1.1460328102111816,8.357444763183594
37.13333333,79.93333333,1348.75,1990.0,0.9760105506323683,0.0,-8.12,-49.1,-12.099058151245117,-88.27005767822266
42.58834633,-5.651107617,911.78125,2013.0,0.9510565162951535,0.0,-9.8,-69.4,-9.20979118347168,-64.8049087524414
53.97,-101.1,265.25,1979.0,-0.2135209154397959,0.0,-14.2,-106.0,-13.153373718261719,-98.61646270751953
33.65243333,42.82328333,61.84375,2023.0,-0.661634618242279,0.0,-2.03,8.43,-4.207830905914307,-20.296363830566406
13.55,144.83,113.0,1973.0,0.6994583270516471,1.3943940757599194e-05,-0.47,6.3,-2.958364963531494,-8.603248596191406
54.5283,11.0603,1.9006348,2008.0,-0.7116566222817751,2.604956353025045e-05,-7.4,-44.6,-8.824850082397461,-61.58069610595703
-65.07944444,-63.9775,286.6875,1991.0,0.2386727660059501,7.807013254798086e-07,-7.96,-64.3,-9.65481948852539,-85.8233642578125
-27.17,-109.43,140.28906,2003.0,0.9510565162951535,0.0,0.65,6.9,-3.3538269996643066,-12.304176330566406
-0.13,-67.08,58.835938,1966.0,-0.680773409477016,0.0,-0.63,7.3,-3.191275119781494,-10.782936096191406
45.32,-75.67,112.08594,2009.0,-0.680773409477016,0.0,-8.121085852,-49.62,-7.554569721221924,-53.619232177734375
35.27,-75.55,0.0,1973.0,-0.2135209154397959,0.0,-3.77,-14.9,-4.405561923980713,-22.146827697753906
58.65,49.61666667,162.28906,1998.0,0.9760105506323683,0.0,-16.5,-125.2,-14.417379379272461,-108.4228286743164
-23.0,-47.13333333,635.21875,1998.0,0.8880573226294932,0.0,-7.13,-41.34,-5.030294895172119,-27.993385314941406
48.8281,9.2,313.79688,1976.0,0.9562348265919056,0.0,-7.61,-58.6,-10.289163589477539,-73.8455581665039
51.77,-104.2,553.34375,1979.0,-0.2884824328806098,0.0,-24.2,-185.0,-19.724943161010742,-185.83395385742188
49.0392,8.365,112.44141,2002.0,-0.680773409477016,0.00014461169485,-7.2,-51.2,-6.582574367523193,-42.52037811279297
47.81666667,13.71777778,1616.0625,2020.0,-0.11165900712169444,0.0,-3.83,-24.11,-10.64980697631836,-76.86624908447266
49.0975,19.59,572.9375,2016.0,0.6994583270516471,2.488249447196722e-05,-14.57,-111.1,-12.739492416381836,-94.3691177368164
78.91666667,11.93333333,38.650391,2003.0,-0.9741004551724206,7.2805491981853265e-06,-11.27,-80.5,-10.240281105041504,-74.05223846435547
36.15,-5.35,1.5737915,2009.0,-0.7236440382959123,0.0,-3.24,-13.3,-4.751287937164307,-25.382301330566406
9.0,38.73,2329.125,2002.0,-0.9587178169872964,0.0,-0.04,16.5,-0.7578492164611816,11.990257263183594
-46.42,168.32,-0.90939331,1990.0,-0.9741004551724206,4.011394776171073e-05,-9.42,-67.2,-6.866888523101807,-45.181129455566406
54.6789,13.4342,38.980469,1998.0,-0.7236440382959123,0.0,-12.74,-87.3,-9.471961975097656,-67.00080108642578
52.8,5.05,-4.4990234,2009.0,0.717676913675962,0.0,-3.24,-20.63,-6.900465965270996,-46.513160705566406
32.2361,-110.9439,753.21875,2001.0,0.9760105506323683,0.0,-14.36624204,-98.82165605,-6.866888523101807,-45.181129455566406
45.32,-75.67,112.08594,1977.0,-0.680773409477016,0.0,-8.79,-64.5,-7.358905792236328,-52.200782775878906
40.8203002,0.493333172,52.294922,2001.0,0.29671281927349075,0.0,-6.03,-45.0,-4.161734104156494,-19.864967346191406
56.9,35.9,136.57812,1986.0,-0.9741004551724206,2.186216806876473e-05,-7.1,-40.0,-11.514328002929688,-84.10733795166016
54.5283,11.0603,1.9006348,1999.0,0.2386727660059501,8.31707802717574e-06,-7.83,-53.7,-9.772497177124023,-69.5180435180664
52.4672,13.4019,47.5625,2004.0,-0.23030567023061196,2.884626155719161e-05,-4.74,-38.25,-6.624273777008057,-42.910621643066406
46.72738634,8.186782163,600.90625,1992.0,0.2802306751992159,0.0,-11.07,-84.1,-9.509048461914062,-67.31143951416016
41.733333,43.516667,0.0,2013.0,-0.9587178169872964,0.0,-10.71,-65.5,-5.827890872955322,-35.457679748535156
36.15,-5.35,1.5737915,1968.0,0.2386727660059501,0.0,-2.05,-5.7,-5.063047885894775,-28.299903869628906
48.8281,9.2,313.79688,1982.0,0.6994583270516471,0.0,-14.89,-117.9,-11.608964920043945,-84.9000015258789
-75.58333333,-20.56666667,105.53516,2021.0,-0.154308820664281,2.686808194858796e-06,-18.461,-147.62,-20.933053970336914,-169.13619995117188
12.37861111,-1.503111111,292.625,2004.0,-0.23030567023061196,0.0,-5.05,-27.91,-4.615423679351807,-24.110816955566406
13.93111111,-89.86,744.46875,1998.0,0.3456123126707335,1.3411548934527673e-05,-7.2,-45.7,-6.412036418914795,-41.46501922607422
38.77,-27.19,280.32812,1999.0,0.2386727660059501,3.0874616641085595e-06,-4.73,-24.65,-3.9118409156799316,-17.526344299316406
44.13333333,6.333333333,881.625,2017.0,-0.9587178169872964,0.0,-6.36,-36.2,-6.360733509063721,-40.44428253173828
48.24861111,16.35638889,200.63281,2000.0,0.6994583270516471,1.2120682185923217e-05,-10.59,-81.95,-11.071836471557617,-80.4011001586914
33.21722222,-87.54305556,64.535156,2007.0,-0.680773409477016,6.478688010247424e-05,-2.9,-15.7,-3.7420105934143066,-15.936988830566406
19.28,166.65,4.0,1969.0,-0.7236440382959123,2.2345904653775502e-05,-0.86,-2.4,-3.8342041969299316,-16.799781799316406
52.8,5.05,-4.4990234,1996.0,0.3777079652039649,3.724846465047449e-06,-4.43,-30.7,-6.866888523101807,-45.181129455566406
32.2361,-110.9439,753.21875,1990.0,-0.9587178169872964,0.0,-3.688125894,-21.3490701,-7.113577365875244,-48.700660705566406
5.383333333,103.1,10.330566,2018.0,0.2386727660059501,0.0001720121217658,-5.2,-31.2,-6.244581699371338,-39.357276916503906
33.21722222,-87.54305556,64.535156,2006.0,0.29671281927349075,0.0,-1.6,-1.2,-4.87380838394165,-26.528907775878906
13.73,100.5,5.7392578,2010.0,-0.680773409477016,0.0001098241555155,-8.12,-52.3,-6.044424533843994,-37.484107971191406
53.8713,8.7058,4.7202148,1988.0,0.7295575540864875,4.5979355490999296e-05,-6.55,-48.3,-6.866888523101807,-45.181129455566406
-8.17755,-37.94643611,494.60938,1974.0,-0.7236440382959123,3.996678515250096e-06,-3.7,-19.0,-2.570181369781494,-4.970436096191406
-0.743055556,-90.30222222,1.7120972,2013.0,-0.661634618242279,0.0,-0.850817139,2.548139341,-1.6070008277893066,4.043479919433594
78.07,13.63,0.0,1964.0,0.2386727660059501,0.0,-12.2,-85.5,-9.877365112304688,-70.39640045166016
32.36666667,35.75,818.96875,1988.0,-0.7116566222817751,0.0,-6.87,-33.3,-3.8050904273986816,-16.527320861816406
-13.0,28.65,1260.6875,2005.0,0.2386727660059501,0.0001551870809635,-6.58,-42.44,-4.934462070465088,-27.096534729003906
22.2,92.2,144.05469,2018.0,0.29671281927349075,0.0,-3.27,-18.9,-4.6894211769104,-24.803321838378906
-54.78,-68.28,104.83984,1992.0,0.9562348265919056,3.60697231371887e-05,-11.7,-89.0,-8.664451599121094,-70.8271255493164
21.32,103.91,609.09375,2020.0,0.7295575540864875,0.0,-2.7,-8.4,-3.851187229156494,-16.958717346191406
45.80666667,15.97,120.36328,1993.0,0.9760105506323683,0.0001076887347153,-10.0,-69.4,-9.052490234375,-63.48737335205078
38.05011111,23.8675,438.375,2008.0,-0.9886775902323404,0.0,-7.0,-43.87,-4.441954135894775,-22.487403869628906
39.03,141.81,81.234375,1982.0,0.741222010848596,3.529898822307587e-05,-6.86,-41.5,-7.089543342590332,-48.357765197753906
-26.41388889,146.2558333,302.09375,2014.0,0.29671281927349075,0.0,-6.46,-32.3,-4.428610324859619,-22.362525939941406
49.7478,6.6581,259.26562,1981.0,0.2386727660059501,4.862633068114519e-05,-9.7,-73.8,-10.250797271728516,-73.52420806884766
-23.8,133.88,544.75,1975.0,0.6994583270516471,0.0,-8.29,-54.2,-4.694273471832275,-24.848731994628906
40.41195035,-3.67806112,671.09375,2013.0,0.9760105506323683,0.0,-7.46,-48.6,-7.7064714431762695,-52.213340759277344
-51.7,-57.87,50.568359,1973.0,0.9510565162951535,1.0428416317154188e-05,-5.86,-40.4,-7.328254222869873,-54.54273223876953
38.05011111,23.866675,444.85938,2017.0,-0.2135209154397959,0.0,-7.94,-46.8,-4.176290988922119,-20.001197814941406
41.38,2.12,59.777344,1988.0,0.2802306751992159,0.0,-4.4,-33.2,-4.079245090484619,-19.092994689941406
68.68333333,21.53,459.29688,1991.0,0.29671281927349075,0.0,-13.24,-99.4,-15.240976333618164,-115.3211441040039
37.9,23.73,18.334961,1972.0,-0.6932812268869771,0.0,-7.81,-46.2,-3.8390564918518066,-16.845191955566406
39.03,141.81,81.234375,2006.0,0.9510565162951535,3.838272823486477e-05,-11.29,-75.36,-6.866888523101807,-45.181129455566406
28.50444444,-16.30333333,570.6875,2012.0,0.39359027665646673,4.160082426096778e-06,-1.79,-6.72,-3.594015598297119,-14.551979064941406
45.32,-75.67,112.08594,1982.0,0.9760105506323683,0.0,-5.8,-44.5,-10.833965301513672,-78.40872955322266
43.49111613,-3.800555816,50.095703,2016.0,-0.23030567023061196,5.602314558927901e-06,-2.53,-8.7,-3.555197238922119,-14.188697814941406
49.81666667,23.95,322.9375,1981.0,-0.9587178169872964,0.0,-8.5,-53.0,-8.06391716003418,-55.207252502441406
4.05,114.81,27.053711,2010.0,0.7638886127905428,0.000326556386426,-14.15,-101.04,-6.866888523101807,-45.181129455566406
47.47051111,21.49041944,105.30859,2002.0,-0.9070138128026362,0.0,-10.54,-84.6,-7.277579307556152,-50.11743927001953
-6.18,106.83,5.1230469,1975.0,-0.9587178169872964,5.658084774040617e-05,-7.26,-49.5,-4.861677646636963,-26.415382385253906
50.92,5.78,111.17188,2000.0,0.9562348265919056,4.657509634853341e-05,-6.43,-42.9,-8.101644515991211,-55.52324676513672
6.9506,79.8795,3.7172852,2011.0,0.741222010848596,4.60275769000873e-05,-1.494351967,-0.785003506,-3.7565674781799316,-16.073219299316406
46.72738634,8.186782163,600.90625,2010.0,-0.9587178169872964,0.0,-10.04,-71.46389802,-8.268537521362305,-56.921119689941406
46.39864119,6.233803787,434.125,2004.0,-0.7116566222817751,0.0,-10.41,-70.70815139,-10.777694702148438,-77.93741607666016
41.46666667,46.08333333,0.0,2015.0,0.6994583270516471,0.0,-10.61,-74.2,-10.079427719116211,-72.0888442993164
11.21944444,-72.36333333,123.19141,2003.0,-0.2135209154397959,0.0,-4.46,-27.5,-5.476706027984619,-32.171119689941406
41.05916667,-100.7463889,918.34375,1997.0,-0.5877852522924734,0.0,-8.7,-56.0,-6.866888523101807,-45.181129455566406
41.46666667,46.08333333,0.0,2014.0,-0.7236440382959123,0.0,-14.48,-109.0,-8.939949035644531,-62.54474639892578
46.37222222,6.470833333,387.75,2016.0,0.6994583270516471,0.0,-10.03,-74.0,-11.184377670288086,-81.3437271118164
46.95222563,7.439320571,542.53125,1992.0,-0.9634705485641486,9.86345621640794e-05,-7.21,-45.2,-9.2161865234375,-64.85846710205078
-33.11011944,-64.24918333,408.09375,2015.0,-0.2884824328806098,0.0,-4.34,-24.3,-5.722959995269775,-34.475685119628906
13.1,123.9,155.11719,1993.0,0.741222010848596,0.0001380697940476,-1.73,-4.2,-4.307302951812744,-21.227272033691406
43.97455,10.27266,661.0,2018.0,0.29671281927349075,0.0,-5.43,-35.56,-5.514896392822266,-33.269752502441406
18.37583333,-65.73277778,2.0092773,2005.0,0.741222010848596,1.6966390830930322e-05,-2.78,-13.1,-2.366384983062744,-3.0632095336914062
-13.0,28.65,1260.6875,2007.0,0.6994583270516471,0.0001569346204632,-5.93,-34.32,-5.0193772315979,-27.891212463378906
-0.743055556,-90.30222222,1.7120972,2013.0,0.12874817745258132,2.797860361170024e-06,-0.707093574,0.899397668,-1.5245118141174316,4.815452575683594
-17.83,31.02,1473.25,1970.0,0.9510565162951535,0.0,-0.03,7.0,-5.295958042144775,-30.479591369628906
-0.92,-75.4,176.47656,2018.0,-0.680773409477016,0.0,-4.86,-24.5,-3.254354953765869,-11.373268127441406
47.67,-124.48,0.0,1964.0,-0.6932812268869771,0.0,-4.8,-36.6,-8.117823600769043,-58.03490447998047
-0.166666667,-78.48333333,2781.625,2019.0,0.2386727660059501,0.0,-6.41,-39.5,-5.5858049392700195,-44.13697814941406
54.5283,11.0603,1.9006348,2000.0,0.2802306751992159,0.0,-5.92,-40.3,-7.612473964691162,-51.42603302001953
25.7325,-80.16323611,3.5220947,2005.0,-0.6287628145958345,5.808537025586702e-05,0.86,12.2,-2.7569947242736816,-6.718727111816406
-34.05,115.0249,77.78125,2007.0,-0.9427611433904206,0.0,-3.18,-8.1,-2.968069553375244,-8.694068908691406
50.06166667,19.84861111,356.8125,2019.0,-0.2884824328806098,1.1368125342414714e-05,-17.04,-134.0,-11.954261779785156,-87.79215240478516
62.89179444,27.62542222,94.585938,2005.0,-0.680773409477016,0.000233501967159,-12.66,-91.7,-9.186059951782227,-65.74113464355469
-33.97,18.6,41.798828,1965.0,0.9760105506323683,0.0,-5.1,-24.1,-3.3974976539611816,-12.712867736816406
46.37222222,6.470833333,387.75,2002.0,-0.2884824328806098,5.385466647567228e-05,-9.75,-69.0,-12.135862350463867,-89.3132095336914
8.92,-79.6,11.163086,1993.0,0.741222010848596,0.0,-3.37,-20.3,-5.050917148590088,-28.186378479003906
1.685556,33.616389,1096.9375,2012.0,-0.970063921851507,0.000105268554762,-3.21,-16.0,-2.5483460426330566,-4.766090393066406
36.05,103.88,1519.75,1999.0,0.8498170915275278,0.0,-16.9,-110.1,-11.558977127075195,-82.9543228149414
15.48333333,44.21666667,2188.5,1977.0,-0.6932812268869771,0.0,-3.19,-11.9,-3.1063599586486816,-9.988258361816406
22.31666667,114.1666667,34.056641,2021.0,-0.2884824328806098,0.0,-3.22,-11.5,-3.3392701148986816,-12.167945861816406
47.8747,8.0036,1487.3125,1982.0,0.6994583270516471,0.0,-13.56,-101.5,-12.258634567260742,-90.3415298461914
13.7,-89.12,612.5,1978.0,0.29671281927349075,2.0260393284843303e-05,-5.15,-37.1,-6.6699442863464355,-48.248390197753906
-31.95,115.97,20.375,2013.0,-0.2135209154397959,3.5937664506491274e-05,-4.78,-17.7,-3.205832004547119,-10.919166564941406
39.46666667,-6.333333333,410.0,2018.0,-0.9587178169872964,1.2512375178630464e-05,-2.48,-16.0,-4.967215061187744,-27.403053283691406
47.8008,11.0108,974.96875,1987.0,0.9510565162951535,0.0,-12.1,-84.5,-12.273981094360352,-90.4700698852539
46.64833333,14.31833333,448.71875,1984.0,0.2386727660059501,0.0001692828955128,-15.5,-120.2,-13.394277572631836,-99.8534927368164
4.7,-74.13,2551.125,1990.0,0.2386727660059501,5.4076837841421366e-05,-4.01,-20.5,-2.7038941383361816,-30.120441436767578
47.37233597,8.083138245,397.48438,2015.0,0.741222010848596,0.0,-9.73,-73.5,-7.80558443069458,-53.043495178222656
51.6,-1.1,55.042969,2022.0,0.6994583270516471,1.0249166734865868e-05,-7.08,-50.5,-6.963994979858398,-46.35112380981445
-2.77,-171.72,2.7612305,1964.0,-0.970063921851507,0.0,-0.7,-0.6,-2.8394837379455566,-7.490699768066406
46.72738634,8.186782163,600.90625,2020.0,0.2802306751992159,4.62883836007677e-05,-8.75,-63.08,-8.056883811950684,-55.148338317871094
34.71666667,10.68333333,23.232422,2001.0,0.741222010848596,0.0,-3.76,-18.2,-3.909414768218994,-17.503639221191406
49.7703,9.9578,265.90625,2008.0,0.2802306751992159,1.4830604413873516e-05,-4.56,-27.1,-7.771694183349609,-52.75963592529297
36.72,3.18,19.595703,2003.0,0.9988797155850336,0.0002102858707075,-5.87,-32.3,-4.744009494781494,-25.314186096191406
43.73238889,7.423583333,8.8959961,2007.0,0.2386727660059501,0.0,-5.12,-32.21,-6.748538017272949,-44.07354736328125
19.32622222,-99.17605556,2276.625,2015.0,-0.9587178169872964,6.481652962975204e-05,-9.693,-63.02,-7.12362813949585,-52.503089904785156
-35.07,173.28,71.449219,1963.0,0.29671281927349075,8.020402674446814e-06,-5.9,-32.3,-4.752501010894775,-25.393653869628906
32.18333333,35.88333333,664.3125,2001.0,-0.4327755925504317,0.0,0.43,-6.51,-4.270910739898682,-20.886695861816406
-27.17,-109.43,140.28906,2012.0,-0.970063921851507,0.0,-0.39,9.5,-2.972921848297119,-8.739479064941406
39.91055556,41.27555556,1890.5625,2012.0,0.2386727660059501,0.0,-11.73,-85.26,-16.335695266723633,-124.4903335571289
43.9,125.2166667,230.54688,2001.0,-0.2135209154397959,0.0,-8.9,-57.8,-9.135616302490234,-64.18363189697266
46.49143367,9.898180888,1767.6875,2012.0,-0.970063921851507,0.0005374494940042,-18.23,-136.87,-11.007892608642578,-79.86551666259766
-34.05,115.0249,77.78125,2018.0,0.2802306751992159,0.0002109248307533,-3.72,-17.5,-3.603720188140869,-14.642799377441406
39.46666667,-6.333333333,410.0,2009.0,-0.7236440382959123,0.0,-4.12,-17.74,-5.931002140045166,-36.422645568847656
-34.05,115.0249,77.78125,2010.0,0.6420547132365637,4.37870912719518e-05,-5.4,-28.4,-4.161734104156494,-19.864967346191406
18.43,-66.0,8.0175781,1969.0,0.9510565162951535,0.0,-0.33,5.6,-1.8059449195861816,2.1816635131835938
39.91055556,41.27555556,1890.5625,2011.0,-0.7236440382959123,0.0,-9.069036421,-59.19470292,-7.815176010131836,-53.12383270263672
5.383333333,103.1,10.330566,1994.0,-0.680773409477016,3.249108340241946e-05,-5.33,-30.75,-6.31008768081665,-39.970314025878906
17.25,54.08333333,863.25,1989.0,-0.3131070409358267,6.487921200459823e-05,0.09,8.6,-0.8694519996643066,10.945823669433594
44.051,10.164,170.76562,2021.0,-0.455906693508459,0.0,-5.46,-39.17,-4.292746067047119,-21.091041564941406
40.50691,-1.65147,1713.75,2021.0,0.29671281927349075,0.0,-5.38,-31.9,-5.973459720611572,-36.819984436035156
6.9506,79.8795,3.7172852,2009.0,-0.9741004551724206,5.193490505916998e-05,-4.58,-19.96,-5.688422679901123,-34.86420440673828
43.587,13.51533333,153.78906,2021.0,-0.680773409477016,3.135376391583122e-05,-5.1,-28.1,-4.56326150894165,-23.622657775878906
53.97,-101.1,265.25,1979.0,-0.680773409477016,3.832476431853138e-05,-15.2,-108.0,-13.487716674804688,-102.3619155883789
2.883333333,101.7833306,55.289062,2014.0,0.9760105506323683,0.0001450112176826,-4.98,-25.6,-5.395430088043213,-31.410499572753906
-7.315277778,72.42805556,2.3126221,1972.0,-0.23030567023061196,5.397681889007799e-05,0.82,-0.7,-3.6740784645080566,-15.301246643066406
-34.23583333,142.0866667,49.828125,2009.0,0.741222010848596,0.0,-6.69,-41.5,-4.236944675445557,-20.568824768066406
11.25,75.78,7.1804199,2000.0,-0.27195815753410524,5.6714063248364255e-05,-5.09,-33.4,-4.633619785308838,-24.281105041503906
-27.17,-109.43,140.28906,1997.0,-0.9741004551724206,3.350455017425702e-06,-2.7,-5.9,-2.8977112770080566,-8.035621643066406
-22.94916667,-46.54916667,855.53125,1998.0,-0.994217906893952,0.0002288534451508,-4.56,-23.05,-2.8346314430236816,-7.445289611816406
47.81666667,13.71777778,1616.0625,2020.0,-0.7055836101071774,0.0,-7.519,-42.43,-10.603767395019531,-76.48062896728516
21.04534722,105.7986667,12.334473,2005.0,-0.9741004551724206,0.0,-4.14,-23.18,-6.348602771759033,-40.33075714111328
22.31666667,114.1666667,34.056641,1992.0,-0.970063921851507,0.0,-2.91,-11.9,-5.511885166168213,-32.500343322753906
58.1,6.57,0.0,1974.0,-0.7236440382959123,9.518914157524704e-05,-7.64,-54.3,-8.551170349121094,-59.28839874267578
43.587,13.51533333,153.78906,2018.0,0.9510565162951535,0.000150514562847,-11.15,-75.9,-5.952230930328369,-36.621315002441406
29.0814,-110.9706,200.875,2019.0,-0.2884824328806098,0.0,-6.07,-34.5,-6.792057037353516,-44.48081970214844
40.80638889,-104.7547222,1641.75,1997.0,0.5307300481619334,5.18364722665865e-05,-11.3,-85.0,-11.542463302612305,-84.3429946899414
55.75,37.57,130.52344,1975.0,0.29671281927349075,1.0995304364769254e-05,-6.7,-54.2,-8.759626388549805,-61.034400939941406
47.833185,1.940433,113.78516,1999.0,-0.680773409477016,0.0,-5.6,-38.6,-5.80544900894165,-35.247657775878906
43.365884,-8.421399,56.794922,2005.0,-0.9587178169872964,1.3705964647670044e-06,-4.34,-25.32,-4.353399753570557,-21.658668518066406
41.64083945,-4.754446679,735.625,2015.0,-0.7236440382959123,0.0,-12.42,-86.4,-9.049932479858398,-63.46595001220703
37.97,23.72,100.17578,2011.0,-0.9741004551724206,0.0,-7.513330346,-38.20584562,-4.473494052886963,-22.782569885253906
58.38277778,21.81416667,5.9343262,2018.0,0.29671281927349075,0.0001208286630571,-7.38,-53.8,-8.124025344848633,-55.71070098876953
38.00194982,-1.170837424,61.660156,2015.0,0.29671281927349075,0.0,1.62,12.2,-4.139898777008057,-19.660621643066406
54.35333333,-6.648333333,61.966797,2015.0,-0.9741004551724206,8.838444045977667e-06,-5.36,-33.9,-6.850754261016846,-45.856178283691406
50.3119,11.8758,564.53125,1985.0,0.9510565162951535,3.602798460633494e-05,-14.82,-115.8,-10.943948745727539,-79.3299331665039
18.32888889,-65.75083333,159.28125,2008.0,0.9634705485641488,2.017707083723508e-05,-0.75,7.8,-2.1553101539611816,-1.0878677368164062
-23.8,133.88,544.75,1967.0,0.9510565162951535,0.0,-6.4,-38.2,-5.036360263824463,-28.050148010253906
51.18,8.4889,841.375,1999.0,0.9760105506323683,9.658006092649885e-06,-10.3,-70.6,-9.20979118347168,-64.8049087524414
40.7930564,-4.010553289,1892.5,2013.0,-0.2135209154397959,0.0,-2.38,-17.2,-5.9672346115112305,-37.89527130126953
47.47051111,21.49041944,105.30859,2007.0,0.854322169749827,0.0,-6.63,-49.67,-9.987348556518555,-71.3176040649414
43.03916667,16.09055556,0.0,2003.0,0.9510565162951535,7.788481161696836e-05,-8.1,-51.1,-5.832743167877197,-35.503089904785156
-26.41388889,146.2558333,302.09375,2012.0,-0.27195815753410524,0.0,-2.57,-10.9,-3.7614197731018066,-16.118629455566406
40.8203002,0.493333172,52.294922,2006.0,0.29671281927349075,0.0001138247243943,0.56,3.23,-4.302450656890869,-21.181861877441406
-45.35,-72.07,583.1875,1993.0,0.29671281927349075,0.0,-11.9,-83.0,-9.914220809936523,-88.6576919555664
7.04,125.19,719.1875,1995.0,0.6994583270516471,0.0,-6.37,-41.0,-5.151602268218994,-29.128639221191406
36.62,127.46,80.589844,2017.0,0.741222010848596,1.1115396773675457e-05,-4.62,-28.2,-5.6956658363342285,-34.220252990722656
72.58,-38.4799,3202.0,2011.0,-0.9455963874271428,0.0,-38.22282499,-290.3652689,-32.40351104736328,-259.0717468261719
48.8281,9.2,313.79688,1976.0,-0.7116566222817751,0.0,-15.82,-119.6,-10.245681762695312,-73.48136138916016
-33.97,18.6,41.798828,1961.0,-0.9741004551724206,0.0,-3.8,-5.0,-3.094229221343994,-9.874732971191406
30.35277778,78.48333333,690.15625,2004.0,-0.27195815753410524,0.0,-1.3,5.0,-3.4023499488830566,-12.758277893066406
49.04,37.577,66.21875,2017.0,-0.9741004551724206,1.8949016521219164e-05,-9.95,-73.2,-8.893974304199219,-63.244972229003906
40.80638889,-104.7547222,1641.75,1996.0,-0.8631421280499115,0.0,-9.8,-69.0,-9.925962448120117,-70.8034439086914
31.85,36.81666667,510.6875,1999.0,0.9510565162951535,0.0,6.29,49.7,-4.365530490875244,-21.772193908691406
-46.42,168.32,-0.90939331,1986.0,0.9510565162951535,0.0,-7.05,-44.0,-6.866888523101807,-45.181129455566406
37.9,23.73,18.334961,1970.0,0.741222010848596,0.0,-7.08,-46.5,-4.268484592437744,-20.863990783691406
-1.283611111,29.69194444,1930.4375,2001.0,-0.9587178169872964,0.0,-0.74,10.7,-1.3789429664611816,6.177757263183594
4.036666667,9.734166667,39.230469,2017.0,-0.9587178169872964,0.0009424629970453,-2.94,-15.5,-5.179502964019775,-29.389747619628906
-3.12,-60.02,49.394531,1976.0,-0.9634705485641486,0.0,-1.11,2.0,-2.647818088531494,-5.696998596191406
44.42,8.85,5.4519043,1991.0,0.9760105506323683,0.0,-4.91,-31.1,-5.847906589508057,-35.644996643066406
47.07777778,15.44888889,370.03125,1993.0,0.9760105506323683,6.687494897050783e-05,-12.68,-92.8,-10.345434188842773,-74.3168716430664
-33.45,-70.7,507.65625,2011.0,0.6994583270516471,0.0,-4.83,-33.6,-6.398642063140869,-40.799049377441406
-34.05,115.0249,77.78125,2017.0,-0.6016240632249227,8.010543388081715e-05,-3.38,-13.0,-3.215536594390869,-11.009986877441406
-34.90416667,-56.16666667,34.734375,2015.0,0.741222010848596,0.0,-6.29,-35.7,-5.9916558265686035,-36.990272521972656
6.99,125.24,1928.125,1994.0,-0.2884824328806098,0.0,-11.49,-85.2,-8.03775405883789,-61.885963439941406
33.65694444,73.26611111,580.9375,2020.0,0.9562348265919056,0.0,-3.45,-10.0,-1.8981385231018066,1.3188705444335938
34.01937778,-6.838286111,18.375977,2002.0,0.8996308696522433,9.185254384647124e-06,-3.47,-10.43,-3.9700684547424316,-18.071266174316406
46.60305556,13.67138889,2148.125,2017.0,-0.5667017562911184,0.0,-13.362,-95.82,-12.780416488647461,-94.7118911743164
14.93894444,-88.02145,661.125,2008.0,-0.7116566222817751,8.598919521318749e-05,-10.61,-72.5,-4.659094333648682,-24.519508361816406
-34.05,115.0249,77.78125,2009.0,0.36171373072976765,1.0185923429162358e-06,-2.61,-4.3,-3.7420105934143066,-15.936988830566406
-75.58333333,-20.56666667,105.53516,2009.0,-0.7236440382959123,1.3337459531865333e-08,-19.38,-151.9,-21.93231964111328,-177.42575073242188
-33.95833333,18.46111111,109.49609,2000.0,0.2802306751992159,0.0,-3.13,-15.0,-3.4072022438049316,-12.803688049316406
-34.05,115.0249,77.78125,2011.0,0.6932812268869777,0.0,-4.97,-20.2,-4.152029514312744,-19.774147033691406
40.41195035,-3.67806112,671.09375,2002.0,-0.9587178169872964,0.0,-2.73,-13.0,-5.59194803237915,-33.249610900878906
10.30666667,-84.80472222,1457.5,2003.0,-0.04302223300453034,0.0004417517338879,-9.6,-68.0,-6.647764205932617,-45.981849670410156
25.01666667,102.6833333,1907.8125,2003.0,0.6994583270516471,0.0,-5.4,-43.0,-3.8730225563049316,-17.163063049316406
21.44,91.99,9.9770508,2021.0,0.741222010848596,3.993174232164165e-06,-5.14,-25.6,-2.414907932281494,-3.5173110961914062
14.2785,-2.1365,294.0625,1997.0,-0.2135209154397959,7.912837463663891e-05,-2.42,-11.8,-4.355825901031494,-21.681373596191406
4.05,114.81,27.053711,2006.0,-0.9611297838723007,0.0001808535889722,-4.28,-24.53,-7.059455394744873,-50.29987335205078
41.05916667,-100.7463889,918.34375,1994.0,0.24702218048093552,0.0,-1.6,-9.0,-11.849422454833984,-87.4267349243164
-21.43846,-65.71519,2957.125,2009.0,0.2386727660059501,1.2942359717271756e-05,-4.11,-11.0,-8.24907112121582,-64.9008560180664
49.0975,19.59,572.9375,2020.0,-0.9634705485641486,0.0,-8.01,-51.9,-8.759626388549805,-61.034400939941406
38.66038889,-27.22009444,77.109375,1990.0,0.6994583270516471,2.2447368337452644e-06,-4.68,-27.0,-3.2810425758361816,-11.623023986816406
29.86777778,77.89388889,266.375,2004.0,0.9721181966290613,0.0,-0.56,5.4,-2.046133518218994,-0.06613922119140625
-37.82,144.97,6.1674805,2006.0,0.29671281927349075,0.0,-5.9,-29.2,-4.991476535797119,-27.630104064941406
11.25,75.78,7.1804199,2001.0,-0.9741004551724206,0.0002083325671264,-1.15,2.0,-5.616209506988525,-33.476661682128906
34.71666667,10.68333333,23.232422,2015.0,-0.9741004551724206,0.0,-4.47,-18.3,-4.047705173492432,-18.797828674316406
-65.07944444,-63.9775,286.6875,1998.0,-0.9587178169872964,6.18582136953423e-08,-11.84,-92.4,-8.234426498413086,-93.29998016357422
41.91595556,13.08333333,499.48438,2001.0,0.8359254794186372,0.0,-6.3,-32.76,-6.313120365142822,-39.998695373535156
46.95222563,7.439320571,542.53125,1988.0,0.2802306751992159,0.0001308608188992,-8.91,-61.8,-9.278850555419922,-65.38333892822266
-41.47,-72.93,43.574219,1964.0,-0.6932812268869771,0.000128607804072,-3.5,-17.4,-6.070505619049072,-37.728187561035156
34.71666667,10.68333333,23.232422,2002.0,-0.7236440382959123,0.0,-6.28,-40.3,-4.703978061676025,-24.939552307128906
47.8008,11.0108,974.96875,1985.0,0.29671281927349075,3.858018317259848e-05,-9.68,-70.5,-9.741804122924805,-69.2609634399414
36.82222222,38.0125,350.1875,1993.0,0.6994583270516471,0.0,-8.5,-49.8,-6.0110650062561035,-37.171913146972656
51.93,-10.25,33.068359,2008.0,-0.23030567023061196,0.0,-4.74,-32.71,-5.445166110992432,-31.875953674316406
45.32,-75.67,112.08594,2013.0,-0.2884824328806098,0.0,-16.23,-117.8,-10.503223419189453,-98.5682601928711
-40.68,144.69,82.167969,2002.0,0.29671281927349075,5.303033503878396e-06,-3.34,-22.4,-4.672438144683838,-24.644386291503906
47.85166667,16.84305556,119.17969,1965.0,-0.9587178169872964,0.0,-9.15,-79.8,-7.811978816986084,-53.09705352783203
7.07,38.78,2674.625,1999.0,0.741222010848596,5.174445323063992e-05,-0.98,10.85,-0.7432923316955566,12.126487731933594
47.8008,11.0108,974.96875,1993.0,-0.9587178169872964,0.0,-9.65,-68.1,-8.64324951171875,-60.05963897705078
47.81666667,13.71777778,1616.0625,2021.0,0.6807734094770161,0.0,-11.951,-87.85,-12.48371696472168,-92.2267837524414
40.7930564,-4.010553289,1892.5,2017.0,0.9510565162951535,0.0,-10.1,-63.5,-10.17662239074707,-72.9029312133789
-21.02823729,55.47161911,1175.3125,2017.0,-0.2802306751992161,2.2674890715279616e-05,-3.939,-17.2,-4.176290988922119,-20.001197814941406
41.65,41.63333333,9.3139648,1981.0,0.9510565162951535,2.1112700778758157e-05,-6.4,-52.0,-8.918207168579102,-62.362648010253906
-22.399288,-47.543743,626.78125,2022.0,0.6994583270516471,0.0001617094094399,-11.5,-80.3,-5.315367221832275,-30.661231994628906
52.2914,10.4464,80.6875,1987.0,0.29671281927349075,1.0139779988094231e-05,-8.51,-63.8,-7.30522346496582,-48.85255432128906
50.06166667,19.84861111,356.8125,1995.0,-0.2135209154397959,0.0001274076639674,-4.99,-34.3,-7.142642498016357,-47.43440246582031
38.66038889,-27.22009444,77.109375,1998.0,-0.32126966169236515,1.211261042044498e-05,-3.755,-15.9,-4.069540500640869,-19.002174377441406
51.116535,17.029468,118.94141,2006.0,0.06880242680231986,3.0565181077690795e-05,-14.76624636,-96.4758393,-8.310741424560547,-57.27460479736328
47.4828,11.0622,716.1875,1987.0,-0.7236440382959123,8.01058195065707e-05,-12.74,-94.7,-12.453023910522461,-91.9697036743164
47.4828,11.0622,716.1875,1986.0,-0.680773409477016,0.0,-6.58,-43.0,-7.045618057250977,-46.62662124633789
10.00036389,-84.10913333,1157.3125,2018.0,-0.6354323008901775,0.0,-9.552620214,-81.12801287,-6.072848320007324,-39.413978576660156
6.906666667,79.87,14.911133,1986.0,0.9510565162951535,2.784179559967015e-05,-1.03,-1.5,-4.440741062164307,-22.476051330566406
4.05,114.81,27.053711,2011.0,0.9988797155850336,0.0005951555795036,-8.584,-57.063,-6.866888523101807,-45.181129455566406
-27.43,153.08,5.7802734,1962.0,0.2386727660059501,0.0,-4.0,-25.5,-3.729879856109619,-15.823463439941406
46.095,14.597,283.89062,1994.0,0.29671281927349075,0.0002500847331248,-7.8,-53.3,-6.962764263153076,-47.10089111328125
47.4,28.49166667,94.726562,2014.0,0.2386727660059501,0.0,-16.03,-117.8,-13.307313919067383,-99.1250991821289
14.559667,-90.937833,1575.0625,2021.0,0.2386727660059501,0.0,-3.56,-21.2,-2.873483419418335,-9.762123107910156
30.62,114.13,25.587891,1987.0,0.6994583270516471,2.373921961407177e-05,-2.15,-6.1,-4.064688205718994,-18.956764221191406
-16.23433889,-67.78571667,2239.0,1983.0,0.9760105506323683,6.045158806955442e-05,-8.07,-50.2,-6.7879815101623535,-46.89118194580078
47.81666667,13.71777778,1616.0625,2021.0,-0.7856498550787144,0.0001111702804337,-9.648,-62.47,-12.161439895629883,-89.5274429321289
19.2,-96.13,0.0,1975.0,-0.9587178169872964,0.0,-6.82,-44.3,-4.998754978179932,-27.698219299316406
-15.6,-56.1,177.79688,1987.0,0.9510565162951535,0.0001348950900137,-5.2,-32.0,-6.1062912940979,-38.063087463378906
-34.05,115.0249,77.78125,2017.0,-0.99665890175417,7.416067091980949e-05,-4.49,-20.5,-2.9607911109924316,-8.625953674316406
-75.58333333,-20.56666667,105.53516,2010.0,0.6994583270516471,1.7016758504353304e-07,-12.75,-98.1,-19.06491470336914,-153.39279174804688
7.47,151.85,0.0,1973.0,0.2386727660059501,0.0002728947147261,-0.47,5.8,-5.616209506988525,-33.476661682128906
42.5859,10.07945,19.258789,2016.0,-0.9634705485641486,0.0,-5.4,-30.2,-4.729452610015869,-25.177955627441406
52.8911,11.7294,21.530273,2004.0,0.2386727660059501,0.0,-13.17,-94.7,-10.01292610168457,-71.5318374633789
53.23,6.55,7.7121582,1969.0,-0.9587178169872964,3.953645318688359e-06,-5.9,-35.7,-6.41259241104126,-40.929603576660156
46.20239,7.84117,1546.1875,2021.0,0.9760105506323683,0.0,-11.97,-88.15,-12.81110954284668,-94.9689712524414
63.52,-116.0,238.64844,2008.0,-0.7116566222817751,0.0,-26.54,-200.2,-22.3361873626709,-174.74948120117188
47.74305556,16.84333333,119.03125,2021.0,0.29671281927349075,0.0,-2.84,-17.6,-7.319291114807129,-48.97038269042969
49.5971,11.0055,285.1875,2010.0,-0.680773409477016,6.007292904541828e-05,-7.85,-52.72,-6.341930866241455,-40.26831817626953
1.53,110.34,7.5837402,2015.0,-0.9741004551724206,3.638440102804452e-05,-3.13,-14.0,-6.418349266052246,-43.232765197753906
49.7478,6.6581,259.26562,2000.0,0.2386727660059501,7.832331903045997e-05,-7.82,-52.45,-9.023075103759766,-63.241004943847656
56.9,35.9,136.57812,1987.0,0.6994583270516471,0.0001220112390001,-18.3,-132.0,-15.629755020141602,-118.5774917602539
-15.85,-47.93,1012.8125,1967.0,-0.9587178169872964,5.918691385886632e-05,0.53,18.6,-2.3785157203674316,-3.1767349243164062
36.72,3.18,19.595703,2003.0,0.5086709438521044,0.0,-10.21,-58.2,-5.536146640777588,-32.727394104003906
63.52,-116.0,238.64844,2005.0,-0.9741004551724206,0.0,-22.29,-173.5,-22.295263290405273,-174.40670776367188
53.5483,13.1931,76.890625,2000.0,-0.970063921851507,0.0,-7.16,-47.9,-8.406330108642578,-58.902076721191406
41.91172742,2.763346411,139.71094,2001.0,-0.680773409477016,0.0,-4.19,-26.9,-4.432249546051025,-22.396583557128906
4.036666667,9.734166667,39.230469,2015.0,0.9760105506323683,0.0001044085511239,-1.54,-2.6,-2.715750217437744,-6.332740783691406
53.23,6.55,7.7121582,1964.0,0.9562348265919056,1.6617770597804338e-05,-10.9,-80.8,-7.376840591430664,-49.45240783691406
51.116535,17.029468,118.94141,2005.0,-0.5307300481619331,0.0,-8.244562,-43.17692555,-8.320972442626953,-57.36029815673828
-7.315277778,72.42805556,2.3126221,1963.0,-0.2884824328806098,3.686882701003924e-05,-6.7,-48.3,-3.5818848609924316,-14.438453674316406
-37.82,144.97,6.1674805,2014.0,0.9510565162951535,6.186259270180017e-06,-5.16,-33.9,-5.110357761383057,-28.742652893066406
36.78611111,14.55444444,25.894531,1999.0,0.9760105506323683,0.0,-3.7,-20.0,-4.7864670753479,-25.711524963378906
58.38277778,21.81416667,5.9343262,2019.0,0.741222010848596,0.0,-10.56,-79.7,-8.240402221679688,-56.685462951660156
0.31524,9.44157,0.0,2014.0,-0.2884824328806098,5.833976683788933e-05,-2.51,-4.4,-2.196554660797119,-1.4738540649414062
-34.05,115.0249,77.78125,2014.0,-0.9886775902323404,1.9373028408153917e-05,-6.82,-38.1,-2.968069553375244,-8.694068908691406
42.48,9.2,195.91406,1997.0,-0.7236440382959123,0.0,-7.46,-48.6,-6.6321587562561035,-42.984413146972656
37.9,23.73,18.334961,1960.0,-0.27195815753410524,0.0,-7.2,-44.0,-5.390577793121338,-31.365089416503906
49.0422,12.1019,370.21875,2001.0,0.9760105506323683,2.451037653372623e-05,-10.34,-82.05,-10.314741134643555,-74.0597915649414
47.7,27.88333333,177.36719,2014.0,-0.9587178169872964,0.0,-9.63,-68.2,-7.754790306091309,-54.15150451660156
-30.08,-51.18,244.72656,1979.0,0.2386727660059501,8.312705176649615e-06,-5.91,-40.4,-6.1614861488342285,-38.579627990722656
-46.42,168.32,-0.90939331,1977.0,0.29671281927349075,4.995967901777476e-05,-9.13,-59.9,-6.866888523101807,-45.181129455566406
4.618216667,-74.12840833,2560.5,1999.0,0.29671281927349075,0.0,-13.38,-95.4,-9.092529296875,-76.9345474243164
-13.8,-171.78,0.0,1972.0,-0.7116566222817751,0.0003122393682133,-3.81,-15.5,-3.7274537086486816,-15.800758361816406
36.62,127.46,80.589844,2011.0,0.9760105506323683,0.0,-2.82,-2.7,-5.9334282875061035,-36.445350646972656
40.7930564,-4.010553289,1892.5,2017.0,0.6994583270516471,0.0,-10.77,-72.2,-10.969526290893555,-79.5441665649414
-37.82,144.97,6.1674805,2008.0,0.7295575540864875,0.0,-11.35,-79.3,-5.139471530914307,-29.015113830566406
-16.49888889,-68.12305556,3582.75,1998.0,0.9760105506323683,0.0001462253276258,-18.35,-137.3,-11.56123161315918,-112.1557388305664
48.24861111,16.35638889,200.63281,2023.0,-0.9587178169872964,2.4437307729385797e-05,-5.254,-33.08,-7.810346603393555,-55.23796081542969
51.116535,17.029468,118.94141,2005.0,-0.4862727071086902,0.0,-4.687029978,-15.71700765,-8.919486999511719,-62.37335968017578
-34.05,115.0249,77.78125,2008.0,0.5877852522924732,3.176447717123665e-05,-6.22,-36.0,-4.135046482086182,-19.615211486816406
76.76666667,-18.66666667,0.0,2015.0,0.2386727660059501,1.2984203749510924e-05,-12.32,-91.3,-18.923439025878906,-146.40895080566406
25.46411667,-80.33465278,4.0249023,2003.0,-0.8996308696522434,0.0,-1.74,2.9,-3.851187229156494,-16.958717346191406
47.8008,11.0108,974.96875,2006.0,-0.7236440382959123,0.0,-10.52,-67.72,-12.360944747924805,-91.1984634399414
47.8008,11.0108,974.96875,1994.0,0.6994583270516471,4.300578802940436e-05,-14.31,-103.4,-12.48371696472168,-92.2267837524414
49.7703,9.9578,265.90625,1992.0,-0.23030567023061196,2.107934233208653e-05,-6.58,-44.0,-6.358307361602783,-40.42157745361328
37.6045,108.7969333,1334.5,2002.0,-0.9587178169872964,0.0,-10.5,-68.0,-5.989153861999512,-38.264564514160156
6.9506,79.8795,3.7172852,2016.0,-0.6932812268869771,0.0001351420360151,0.09,8.1,-3.4993958473205566,-13.666481018066406
-34.05,115.0249,77.78125,2010.0,0.5877852522924732,6.341873813653365e-05,-3.73,-5.3,-4.045279026031494,-18.775123596191406
44.13333333,6.333333333,881.625,2009.0,0.2386727660059501,0.0,-11.47,-83.17,-8.222188949584961,-58.576622009277344
4.05,114.81,27.053711,2009.0,0.7802958510707755,0.0,-5.62,-34.71,-6.257925510406494,-39.482154846191406
53.8713,8.7058,4.7202148,2003.0,0.6994583270516471,3.999839009338757e-06,-9.55,-64.85,-8.7859468460083,-62.532508850097656
-34.05,115.0249,77.78125,2018.0,-0.7748840413670406,1.5793876855241251e-06,-2.58,-6.0,-3.142752170562744,-10.328834533691406
47.81666667,13.71777778,1616.0625,2022.0,-0.7583058084785625,2.4071545340120792e-05,-9.615,-81.82,-12.207479476928711,-89.9130630493164
48.24861111,16.35638889,200.63281,1976.0,-0.9634705485641486,2.6898254873231053e-05,-10.92,-74.6,-7.8554606437683105,-53.46125030517578
56.93604,24.09549,1.7421875,2018.0,-0.9587178169872964,2.0382290131237824e-06,-11.18,-76.4,-8.707427978515625,-61.254051208496094
36.846389,-2.356942,16.541016,2001.0,0.2386727660059501,3.50334812537767e-05,-4.15,-25.9,-5.411200046539307,-31.558082580566406
52.4672,13.4019,47.5625,1983.0,-0.7236440382959123,0.0,-12.32,-89.0,-9.677860260009766,-68.72537994384766
52.4672,13.4019,47.5625,1990.0,0.741222010848596,0.0002227578806923,-6.53,-47.9,-7.181332588195801,-47.81486129760742
36.846389,-2.356942,16.541016,2013.0,-0.7236440382959123,0.0,-8.59,-66.4,-5.441526889801025,-31.841896057128906
60.18008889,24.83286111,14.698242,2015.0,-0.680773409477016,2.4418322936980985e-05,-8.78,-59.0,-8.496132850646973,-62.47431182861328
17.46,106.62,2.4233398,2015.0,-0.2884824328806098,0.0,-2.39,-1.5,-3.3198609352111816,-11.986305236816406
-34.05,115.0249,77.78125,2010.0,-0.11165900712169444,1.7954303984879516e-05,-5.51,-20.8,-3.3635315895080566,-12.394996643066406
47.38333333,123.9166667,143.5,1992.0,-0.23030567023061196,8.199644071282819e-05,-7.83,-57.2,-10.023157119750977,-71.6175308227539
58.26388889,26.46138889,70.085938,2020.0,-0.970063921851507,0.0,-12.42,-85.0,-10.199642181396484,-73.09574127197266
-40.68,144.69,82.167969,2009.0,-0.680773409477016,1.728414304125181e-06,-3.43,-12.8,-3.9700684547424316,-18.071266174316406
48.8281,9.2,313.79688,1982.0,0.29671281927349075,7.943600212456658e-05,-5.12,-36.7,-8.27621078491211,-56.985389709472656
-65.07944444,-63.9775,286.6875,1989.0,0.9760105506323683,2.2995619811630962e-10,-9.51,-78.6,-8.998207092285156,-75.5888442993164
46.49143367,9.898180888,1767.6875,2019.0,-0.2884824328806098,0.0,-19.37,-150.79,-14.294607162475586,-107.3945083618164
43.49111613,-3.800555816,50.095703,2009.0,0.6994583270516471,1.9415678252698854e-05,-6.38,-35.67,-6.116602420806885,-38.159584045410156
37.1644591,-5.611393166,86.394531,2001.0,-0.2884824328806098,6.084131655370584e-06,-4.59,-34.6,-5.527655124664307,-32.647926330566406
19.24921667,-99.25580556,2983.5,2012.0,0.6220467484408675,0.0,-9.56,-64.1,-6.037752628326416,-37.421669006347656
40.80638889,-104.7547222,1641.75,1996.0,-0.7176769136759615,0.0,-3.0,-26.0,-11.892375946044922,-91.4146499633789
-75.58333333,-20.56666667,105.53516,1990.0,0.9510565162951535,1.839649584930477e-09,-16.81,-129.6,-18.733638763427734,-150.65548706054688
-37.82,144.97,6.1674805,1984.0,-0.9634705485641486,0.0,-6.57,-42.0,-4.355825901031494,-21.681373596191406
48.951944,14.469722,396.5625,2017.0,0.2386727660059501,0.0,-14.24,-101.0,-12.22282600402832,-90.0416030883789
-34.05,115.0249,77.78125,2008.0,-0.7526668275320083,6.59560682834126e-05,-1.35,1.3,-3.0966553688049316,-9.897438049316406
46.57248471,8.332719621,1924.0,2019.0,-0.7236440382959123,5.699726898455992e-05,-18.54,-140.46,-14.18718147277832,-106.4947280883789
40.80638889,-104.7547222,1641.75,1996.0,-0.42500033996955394,4.793070547748357e-05,-8.9,-62.0,-7.351650238037109,-52.097267150878906
36.98,35.3,22.958008,2015.0,-0.7236440382959123,0.0,-1.65,2.3,-4.568113803863525,-23.668067932128906
-18.35361,-67.11556,3693.875,2011.0,0.2386727660059501,0.0,-13.39,-95.2,-10.599870681762695,-98.4399185180664
36.88,30.7,0.0,1999.0,0.6994583270516471,0.0,-6.775,-35.4,-5.003607273101807,-27.743629455566406
76.76666667,-18.66666667,0.0,2008.0,-0.6932812268869771,0.0,-11.72,-90.14,-16.7705135345459,-128.13229370117188
39.1,117.1666667,3.3602295,1990.0,0.2386727660059501,0.0,-12.48,-79.6,-8.2669038772583,-60.481231689453125
43.83758,10.35235,-1.0,2012.0,0.2386727660059501,0.0001801364123821,-9.27,-61.07,-6.809525489807129,-44.980133056640625
43.91281944,4.888775,30.959961,2007.0,0.29671281927349075,0.0,-6.26,-39.95,-4.701551914215088,-24.916847229003906
-2.77,-171.72,2.7612305,1962.0,-0.2135209154397959,9.31549584493041e-06,-1.1,-1.3,-3.4023499488830566,-12.758277893066406
25.7325,-80.16323611,3.5220947,2001.0,0.017213356155834685,0.0001068684869096,0.4,14.4,-2.5580506324768066,-4.856910705566406
41.65,41.63333333,9.3139648,1983.0,-0.9741004551724206,0.0,-9.8,-63.0,-6.698119640350342,-43.601707458496094
-3.72,-38.55,19.124023,1974.0,-0.9587178169872964,3.824925443041138e-08,-0.34,6.1,-1.6167054176330566,3.9526596069335938
-34.93,138.58,24.027344,2012.0,0.2802306751992159,0.0,-6.33,-35.0,-4.011312961578369,-18.457252502441406
51.116535,17.029468,118.94141,2004.0,-0.9999166586547379,1.1738467946997844e-05,-6.75375,-39.32990185,-7.206085681915283,-50.020484924316406
-4.37,15.25,422.4375,1965.0,0.9510565162951535,0.000112172208901,-7.8,-47.7,-4.939314365386963,-27.141944885253906
-53.0,-70.833333,32.589844,2003.0,-0.9741004551724206,0.0,-13.0,-103.9,-8.349742889404297,-66.3371353149414
6.906666667,79.87,14.911133,1994.0,0.9760105506323683,2.356277582293842e-05,-3.6,-17.0,-4.074392795562744,-19.047584533691406
46.095,14.597,283.89062,2001.0,-0.9741004551724206,0.0,-6.46,-40.5,-8.360696792602539,-59.08354949951172
38.43055556,27.15111111,13.000488,2010.0,-0.9587178169872964,0.0,-0.027475519,4.87347885,-4.013739109039307,-18.479957580566406
-21.02823729,55.47161911,1175.3125,2019.0,6.432490598706546e-16,0.0003106151998508,-7.289,-46.14,-4.594801425933838,-23.917823791503906
1.6,103.6666667,43.185547,2020.0,0.9562348265919056,9.389362821821123e-05,-5.16,-32.4,-6.085062503814697,-37.864418029785156
-0.37,-78.55,3064.0,1996.0,0.2802306751992159,0.0,-14.78,-107.4,-8.384206771850586,-66.8288345336914
25.21916667,91.66277778,913.15625,2008.0,0.8880573226294932,0.0,-3.31,-9.7,-1.6409668922424316,3.7256088256835938
16.73,-169.52,0.0,1976.0,-0.23030567023061196,0.0,0.27,4.4,-2.400351047515869,-3.3810806274414062
21.32,103.91,609.09375,2017.0,-0.2135209154397959,0.0,-10.54,-77.0,-7.709893226623535,-57.208351135253906
36.88,30.7,0.0,2017.0,-0.2884824328806098,0.0,-3.52,-11.6,-5.605291843414307,-33.374488830566406
46.49722222,28.3,150.79688,2014.0,-0.7236440382959123,0.0,-10.2,-71.2,-9.780170440673828,-69.58231353759766
46.17378583,8.788556051,407.5,2014.0,0.29671281927349075,0.0,-4.49,-24.7,-7.260782718658447,-48.480323791503906
36.72,3.18,19.595703,2002.0,0.255353295116187,0.0,-5.53,-34.6,-5.104292392730713,-28.685890197753906
-13.0,28.65,1260.6875,2016.0,0.2386727660059501,8.720398182049394e-05,-7.05,-42.0,-4.477133274078369,-22.816627502441406
49.93333333,36.28333333,149.28125,2014.0,0.29671281927349075,7.75508742663078e-05,-6.96,-46.3,-6.866888523101807,-45.181129455566406
0.512102778,25.20643889,414.57812,2017.0,-0.2884824328806098,5.399544897954911e-05,2.17,34.3,-2.604147434234619,-5.288307189941406
47.8008,11.0108,974.96875,1982.0,0.741222010848596,0.0001527312997495,-8.69,-63.5,-9.580665588378906,-67.91129302978516
48.24861111,16.35638889,200.63281,1993.0,0.741222010848596,0.0,-4.83,-32.8,-7.271333694458008,-48.568695068359375
48.24861111,16.35638889,200.63281,2021.0,0.741222010848596,0.0,-7.23,-54.9,-7.319291114807129,-48.97038269042969
47.833185,1.940433,113.78516,2011.0,-0.2884824328806098,0.0,-6.8,-44.5,-8.668827056884766,-60.27387237548828
38.05011111,23.866675,444.85938,2020.0,-0.7116566222817751,0.0,-5.65,-24.1,-5.698091983795166,-34.242958068847656
52.4672,13.4019,47.5625,1984.0,0.2802306751992159,0.0,-7.33,-52.7,-8.755790710449219,-61.00226593017578
-3.72,-38.55,19.124023,1976.0,0.2386727660059501,0.0001293101959163,-2.36,-6.9,-2.1747193336486816,-1.2695083618164062
62.28,-114.27,159.84375,1992.0,0.2386727660059501,0.0,-27.11,-206.2,-28.08601951599121,-222.90914916992188
23.13,113.32,6.8730469,1989.0,-0.9587178169872964,0.0,-5.31,-50.6,-7.2491655349731445,-50.635108947753906
48.545,13.3528,478.40625,2005.0,0.29671281927349075,0.0,-5.36,-35.9,-7.277408123016357,-48.61957550048828
48.8281,9.2,313.79688,1988.0,0.9721181966290613,8.59816100273747e-06,-11.28,-81.3,-9.501375198364258,-67.2471694946289
-27.17,-109.43,140.28906,1999.0,0.6994583270516471,0.0,-0.24,5.8,-3.1839966773986816,-10.714820861816406
50.9,14.8,240.94531,2020.0,0.7295575540864875,0.0,-7.31,-50.4,-8.305625915527344,-57.23175811767578
-75.58333333,-20.56666667,105.53516,2008.0,-0.23030567023061196,2.7594742951569724e-09,-24.58,-188.59,-21.823835372924805,-177.08346557617188
52.1042,8.7519,134.42188,2004.0,-0.7116566222817751,0.0002063758729491,-9.53,-65.3,-9.344074249267578,-65.92963409423828
-22.94916667,-46.54916667,855.53125,1997.0,-0.32126966169236515,5.758121187682264e-05,-4.41,-28.38,-3.569754123687744,-14.324928283691406
49.0422,12.1019,370.21875,1987.0,0.2386727660059501,0.0,-9.93,-78.7,-12.202363967895508,-89.8702163696289
-20.90388,-67.76126,3688.25,2010.0,0.2386727660059501,0.0,-11.16,-75.0,-9.857990264892578,-87.8554458618164
37.13333333,79.93333333,1348.75,1992.0,-0.27195815753410524,0.0,-8.03,-44.8,-14.033716201782227,-105.2093276977539
51.93,-10.25,33.068359,1961.0,0.2386727660059501,0.0001867967366706,-7.1,-47.7,-6.1954522132873535,-38.897499084472656
46.72738634,8.186782163,600.90625,1983.0,0.9760105506323683,7.130180165404454e-05,-14.15,-103.6,-13.051538467407227,-96.9827651977539
48.24861111,16.35638889,200.63281,2004.0,-0.9634705485641486,0.0,-6.92,-45.0,-7.9272379875183105,-56.31987762451172
45.37,-63.27,12.535156,1977.0,0.6994583270516471,0.0,-12.3,-89.0,-13.199888229370117,-98.2253189086914
50.3381,7.6,86.441406,1999.0,0.2386727660059501,0.0,-10.27,-76.9,-9.283966064453125,-65.42618560791016
51.3,3.75,9.4589844,2009.0,-0.6354323008901775,0.0,-6.91,-43.77,-6.636556148529053,-43.02556610107422
50.4972,9.9428,920.40625,2004.0,-0.970063921851507,0.0,-11.85,-82.25,-8.480831146240234,-58.699256896972656
-5.8,-35.2,40.765625,1968.0,0.9562348265919056,0.0,-0.79,8.4,-3.2179627418518066,-11.032691955566406
-0.166666667,-78.48333333,2781.625,2002.0,0.5160623910158528,0.0,-16.15,-121.4,-8.235467910766602,-64.7067642211914
28.46344137,-16.2553441,36.554688,2018.0,-0.9741004551724206,0.0,-2.42,-7.8,-3.2567811012268066,-11.395973205566406
65.11666667,57.1,53.808594,1982.0,0.29671281927349075,0.0,-11.5,-87.0,-11.918453216552734,-87.49222564697266
10.00036389,-84.10913333,1157.3125,2018.0,0.5595892624101765,0.0002950839989352,-13.03496122,-93.25182113,-8.581920623779297,-69.6496353149414
22.2,92.2,144.05469,2018.0,-0.680773409477016,6.889812357258052e-05,-4.31,-26.7,-6.227598667144775,-39.198341369628906
49.0392,8.365,112.44141,1986.0,-0.9741004551724206,1.0525671314098872e-05,-7.44,-50.9,-7.920177459716797,-56.0750617980957
35.7875,-105.7833333,3633.25,1991.0,-0.4405187843504952,0.0001334787812083,-7.83,-51.7,-9.272119522094727,-60.61416244506836
37.77,-25.65,137.14062,1964.0,0.7295575540864875,0.0,-2.6,-12.4,-3.6546692848205566,-15.119606018066406
31.28333333,34.23333333,41.878906,2001.0,0.6994583270516471,0.0,-4.28,-17.1,-2.9316773414611816,-8.353492736816406
41.05916667,-100.7463889,918.34375,1996.0,-0.9536809966304455,0.0003781346022151,-6.5,-37.0,-8.225055694580078,-56.556922912597656
-19.65028,-67.66944,3701.25,2010.0,0.9510565162951535,1.3578364814748056e-05,-3.294687663,-15.8,-11.140409469604492,-106.1518325805664
6.417169444,2.329255556,12.735352,2018.0,0.9760105506323683,9.720986417960376e-05,-4.12,-17.4,-3.2276673316955566,-11.123512268066406
-37.82,144.97,6.1674805,1996.0,0.2386727660059501,4.888886905973777e-06,-4.21,-18.3,-4.967215061187744,-27.403053283691406
31.83410278,47.14969722,10.561035,2012.0,0.8996308696522433,5.4272579291136935e-05,-2.83,-11.91,-1.6652283668518066,3.4985580444335938
-75.58333333,-20.56666667,105.53516,1969.0,-0.2884824328806098,4.65431303045652e-07,-9.25,-64.4,-20.362693786621094,-164.19332885742188
3.783333333,103.3333333,8.0805664,2015.0,0.29671281927349075,0.0,-4.76,-29.1,-6.216074466705322,-39.090492248535156
-23.0,-47.13333333,635.21875,1998.0,0.12874817745258132,0.0002627021749503,-2.11,-0.28,-4.587522983551025,-23.849708557128906
-41.47,-72.93,43.574219,2013.0,0.6994583270516471,0.0,-1.04,-6.9,-6.409862995147705,-40.90406036376953
33.88,7.86,80.324219,2000.0,-0.23030567023061196,4.207457095617428e-06,6.53,21.0,-4.503820896148682,-23.066383361816406
9.0,38.73,2329.125,2021.0,-0.9587178169872964,8.42990557430312e-05,-1.05,6.1,-1.3498291969299316,6.450218200683594
46.78,23.61,336.76562,2020.0,-0.9634705485641486,2.4369681341340765e-05,-9.92,-68.9,-7.540416717529297,-51.81629943847656
47.81666667,13.71777778,1616.0625,2019.0,0.8919813464595485,3.344022479723208e-05,-11.722,-75.99,-10.816061019897461,-78.2587661743164
38.05011111,23.8675,438.375,2007.0,-0.20510449986861926,0.0,-8.03,-55.8,-4.064688205718994,-18.956764221191406
68.78666667,-81.25,7.5170898,1989.0,-0.9741004551724206,0.0,-25.3,-176.4,-20.924306869506836,-162.92379760742188
47.59583333,7.594444444,248.26562,1989.0,0.29671281927349075,0.0,-4.87,-32.4,-7.538299083709717,-50.80475616455078
32.36666667,-6.4,467.60938,2000.0,-0.1712931441814778,0.0,-7.85,-44.15,-3.676504611968994,-15.323951721191406
37.01,-7.96,0.0,1978.0,-0.7236440382959123,0.0,-6.77,-35.9,-4.632406711578369,-24.269752502441406
-27.43,153.08,5.7802734,1965.0,-0.9741004551724206,0.0,-1.3,7.9,-1.7622742652893066,2.5903549194335938
17.03333333,54.11666667,14.982422,1989.0,-0.2967128192734901,7.326703052967787e-05,-0.12,8.8,-0.5200867652893066,14.215354919433594
37.90111111,40.20361111,674.46875,2016.0,0.2386727660059501,0.0,-14.12,-100.2,-6.878458023071289,-44.77886962890625
13.73,100.5,5.7392578,2009.0,-0.9741004551724206,8.742570207687095e-05,-9.46,-64.7,-7.559793949127197,-55.066871643066406
38.43055556,27.15111111,13.000488,2015.0,-0.680773409477016,0.0,-4.15,-28.8,-3.991903781890869,-18.275611877441406
43.68333333,-1.066666667,17.238281,2004.0,0.2802306751992159,8.5925848907209e-06,0.77,2.68,-4.581457614898682,-23.792945861816406
62.89179444,27.62542222,94.585938,2019.0,-0.2884824328806098,4.329146395321004e-05,-16.53,-123.2,-15.788335800170898,-119.9057388305664
41.66056063,-1.004162565,244.98438,2005.0,0.741222010848596,0.00013867362577,-3.84,-28.24,-5.414839267730713,-31.592140197753906
42.025,35.15833333,61.443359,2019.0,0.9510565162951535,1.6886708635865944e-06,-7.13,-53.6,-8.705913543701172,-60.584510803222656
53.32,-60.42,46.541016,1962.0,0.9510565162951535,0.0,-14.9,-117.5,-15.389326095581055,-116.5636978149414
47.42692898,9.400776879,758.46875,2006.0,-0.680773409477016,8.685137436259538e-05,-9.32,-65.00556126,-6.62715482711792,-42.937583923339844
23.95277778,90.27916667,23.626953,2010.0,-0.9741004551724206,0.0,-14.34608098,-107.3630108,-7.684952259063721,-56.852516174316406
36.88,30.7,0.0,2021.0,0.9760105506323683,0.0,-2.37,-3.2,-4.415266513824463,-22.237648010253906
49.82,-74.97,386.4375,2003.0,-0.2884824328806098,0.0,-19.49,-139.5,-14.970653533935547,-145.69219970703125
4.7,-74.13,2551.125,2008.0,-0.23030567023061196,0.0,-12.91,-95.86,-7.908060550689697,-60.035621643066406
50.9,14.8,240.94531,2015.0,-0.9587178169872964,0.0,-6.0,-39.7,-7.485227584838867,-51.366065979003906
-27.43,153.08,5.7802734,1983.0,-0.9587178169872964,8.8779408542905e-05,-0.8,7.9,-2.3785157203674316,-3.1767349243164062
41.67805556,26.55916667,95.183594,2009.0,0.2386727660059501,0.0,-11.35,-79.83,-10.151044845581055,-72.6886978149414
47.59583333,7.594444444,248.26562,1993.0,-0.9741004551724206,0.0001708426716504,-9.79,-70.3,-8.248398780822754,-58.69062042236328
13.7,-89.12,612.5,1976.0,0.9721181966290613,0.0,-2.1,-4.0,-2.9802002906799316,-8.807594299316406
12.69325,-7.995494444,382.5625,1976.0,-0.9634705485641486,7.554863259429112e-05,-5.5,-32.8,-4.659094333648682,-24.519508361816406
47.8008,11.0108,974.96875,1991.0,0.6994583270516471,0.0,-17.17,-126.0,-13.266389846801758,-98.7823257446289
40.96666667,15.68333333,465.64062,2003.0,-0.7236440382959123,1.5637235264875926e-05,-6.8,-41.0,-6.8621625900268555,-44.98390197753906
9.49,138.09,7.6940918,1973.0,0.741222010848596,9.956934809451924e-05,-3.2,-16.0,-4.144751071929932,-19.706031799316406
50.12,-104.42,580.5,2004.0,-0.27195815753410524,6.997555829002522e-06,-23.06,-177.8,-18.711763381958008,-175.80892944335938
53.7122,7.1519,8.8525391,2002.0,-0.9741004551724206,0.0,-7.98,-49.26,-7.531307220458984,-51.03839111328125
-34.05,115.0249,77.78125,2013.0,0.29671281927349075,7.541584636783227e-05,-4.94,-40.6,-3.6595215797424316,-15.165016174316406
38.28,21.79,113.0625,2014.0,0.2386727660059501,7.703751907683909e-05,-7.34,-46.6,-6.157846927642822,-38.545570373535156
53.23,6.55,7.7121582,1980.0,0.7295575540864875,6.166363164084032e-06,-5.62,-40.3,-6.866888523101807,-45.181129455566406
76.76666667,-18.66666667,0.0,1997.0,0.9510565162951535,8.77354250405915e-06,-15.46,-112.9,-21.497243881225586,-167.72262573242188
-6.18,106.83,5.1230469,1990.0,0.6994583270516471,9.106511424761266e-05,-6.0,-38.8,-5.627127170562744,-33.578834533691406
-22.94805556,17.1525,1690.0,1963.0,0.9760105506323683,0.0,-4.5,-23.0,-4.236944675445557,-20.568824768066406
-31.95,115.97,20.375,2014.0,0.741222010848596,0.0,-3.7,-13.5,-3.6740784645080566,-15.301246643066406
4.05,114.81,27.053711,2009.0,0.4093559588156213,0.0,-3.64,-15.79,-7.005311012268066,-47.15601348876953
35.68,139.77,22.099609,1979.0,0.29671281927349075,0.0,-6.07,-44.5,-6.866888523101807,-45.181129455566406
-54.78,-68.28,104.83984,1988.0,0.9562348265919056,0.0,-10.0,-84.0,-8.67624282836914,-70.9953384399414
30.72916667,78.44666667,1121.375,2004.0,-0.23030567023061196,0.0,-2.4,-6.5,-5.374807834625244,-31.217506408691406
-40.68,144.69,82.167969,2004.0,0.2802306751992159,0.0,-4.84,-28.7,-4.6700119972229,-24.621681213378906
-75.58333333,-20.56666667,105.53516,1983.0,0.9510565162951535,1.046300600069959e-07,-15.2,-119.6,-16.882143020629883,-135.93307495117188
41.818399,46.266606,0.0,2017.0,-0.7236440382959123,0.0,-3.75,-14.1,-9.162473678588867,-64.40857696533203
47.4828,11.0622,716.1875,2006.0,0.2386727660059501,0.0001363076444249,-14.75,-112.45,-12.07447624206543,-88.7990493774414
-22.94916667,-46.54916667,855.53125,1998.0,0.811539059007361,0.000117176619824,-8.18,-52.14,-4.982985019683838,-27.550636291503906
-0.13,-67.08,58.835938,1989.0,0.04302223300453059,6.453685637097806e-05,-2.68,-7.9,-3.6837830543518066,-15.392066955566406
-45.35,-72.07,583.1875,1996.0,0.7295575540864875,0.0,-8.39,-68.0,-9.172340393066406,-78.0732192993164
-33.95833333,18.46111111,109.49609,2000.0,-0.9209712877166346,6.281213427428156e-05,-0.85,4.0,-3.065115451812744,-9.602272033691406
52.2914,10.4464,80.6875,1987.0,0.741222010848596,4.013539364677854e-05,-7.13,-52.2,-6.866888523101807,-45.181129455566406
28.50444444,-16.30333333,570.6875,2008.0,-0.9999907397361901,5.725916253140895e-06,-2.91,-15.39,-4.025869846343994,-18.593482971191406
-2.53,140.72,68.566406,1970.0,-0.9587178169872964,0.0,-5.33,-31.2,-5.179502964019775,-29.389747619628906
-26.41388889,146.2558333,302.09375,2012.0,-0.23030567023061196,7.525204273406416e-05,-4.72,-24.4,-3.9846253395080566,-18.207496643066406
47.81666667,13.71777778,1616.0625,2019.0,-0.8919813464595487,1.809997775126249e-05,-14.259,-103.06,-9.590896606445312,-67.99698638916016
46.72738634,8.186782163,600.90625,2022.0,0.9510565162951535,0.0,-10.94,-75.6,-11.330169677734375,-82.56485748291016
-34.05,115.0249,77.78125,2013.0,-0.8359254794186365,0.0,-6.54,-35.3,-2.9704957008361816,-8.716773986816406
33.21722222,-87.54305556,64.535156,2006.0,-0.9338372288229252,0.0,-6.0,-35.8,-4.684568881988525,-24.757911682128906
-17.97472,-67.08,3703.375,2011.0,0.9510565162951535,0.0,-16.39,-117.1,-11.427003860473633,-110.2406997680664
41.75,44.766667,0.0,2013.0,0.9510565162951535,0.0,-11.22,-77.7,-9.214906692504883,-64.8477554321289
49.7478,6.6581,259.26562,1997.0,-0.7236440382959123,0.0,-10.8,-74.3,-9.142011642456055,-64.23719024658203
46.89,7.49,659.34375,2011.0,-0.2135209154397959,2.712981222430244e-05,-6.95,-45.49,-6.595766544342041,-42.643836975097656
37.77,-25.65,137.14062,2006.0,0.2386727660059501,9.086767931876238e-06,-3.08,-11.85,-3.9069886207580566,-17.480934143066406
10.25,-67.65,430.0,1961.0,-0.680773409477016,4.7517114580841735e-05,-4.4,-26.7,-5.849119663238525,-35.656349182128906
-13.8,-171.78,0.0,1975.0,0.2386727660059501,5.4968229960650206e-05,-4.21,-22.5,-4.130194187164307,-19.569801330566406
45.32,-75.67,112.08594,1995.0,-0.680773409477016,0.0,-5.9,-37.9,-7.54528284072876,-54.859840393066406
-34.05,115.0249,77.78125,2005.0,-0.9859481499638303,2.2876095044921385e-06,-4.1,-17.7,-2.963217258453369,-8.648658752441406
41.75,44.766667,0.0,2010.0,0.2386727660059501,0.0,-12.64,-93.4,-12.785531997680664,-94.7547378540039
17.46,106.62,2.4233398,2018.0,-0.2884824328806098,0.0,-4.07,-16.2,-3.346548557281494,-12.236061096191406
6.2,100.4,3.8469238,2019.0,0.9760105506323683,0.0,-4.45,-23.5,-4.575392246246338,-23.736183166503906
46.49143367,9.898180888,1767.6875,2003.0,-0.2135209154397959,5.778088598162867e-05,-6.73,-42.75224799,-8.410493850708008,-58.11011505126953
-40.68,144.69,82.167969,1986.0,0.9760105506323683,0.0,-3.81,-19.0,-4.801023960113525,-25.847755432128906
47.07777778,15.44888889,370.03125,1982.0,0.2386727660059501,2.8192514946567823e-05,-13.55,-107.3,-13.107809066772461,-97.4540786743164
17.975,-67.05,4.9833984,2015.0,-0.9741004551724206,4.9173457227880135e-05,-2.16,-4.4,-3.5285096168518066,-13.938941955566406
-53.0,-70.833333,32.589844,2002.0,0.9760105506323683,0.0,-10.23,-77.9,-8.085821151733398,-62.571754455566406
41.7787,2.5047,614.3125,2012.0,0.2386727660059501,8.090292249107733e-05,-7.7,-48.65,-8.468042373657227,-58.592140197753906
33.21722222,-87.54305556,64.535156,2007.0,0.36171373072976765,0.0001077334673027,-0.7,-4.3,-4.847120761871338,-26.279151916503906
47.4828,11.0622,716.1875,1996.0,0.2386727660059501,0.0,-18.34,-142.4,-12.964574813842773,-96.2543716430664
46.60305556,13.67138889,2148.125,1993.0,-0.9741004551724206,0.0,-8.6,-53.2,-8.472161293029785,-59.79608917236328
45.80666667,15.97,120.36328,1988.0,0.9721181966290613,1.297134076594375e-05,-7.37,-55.0,-9.775054931640625,-69.53946685791016
51.3,3.75,9.4589844,2000.0,0.7116566222817746,1.468320442654658e-05,-6.25,-40.2,-7.366614818572998,-52.310768127441406
-34.05,115.0249,77.78125,2007.0,-0.8958392907349089,0.0,-3.49,-11.0,-2.972921848297119,-8.739479064941406
52.4672,13.4019,47.5625,1979.0,0.9510565162951535,0.0,-10.18,-73.9,-10.04617691040039,-71.81034088134766
47.6772,9.19,442.90625,2013.0,0.6994583270516471,4.0398248529527336e-05,-13.65,-105.63,-12.887842178344727,-95.6116714477539
21.04534722,105.7986111,12.334473,2003.0,0.5234156073655503,1.341910865448881e-05,0.31,23.9,-3.0675415992736816,-9.624977111816406
-6.88,39.2,52.724609,1969.0,-0.7236440382959123,0.0,-1.37,-2.1,-2.3251404762268066,-2.6772232055664062
6.166666667,102.2833333,3.2288818,2016.0,-0.970063921851507,0.0001757118152454,-7.82,-52.1,-6.219882488250732,-41.222938537597656
48.24861111,16.35638889,200.63281,2002.0,-0.9587178169872964,0.0,-9.49,-67.2,-7.817881107330322,-55.339805603027344
41.75,44.766667,0.0,2010.0,-0.7236440382959123,1.2125032299081797e-05,-4.625825917,-27.95342814,-9.17654037475586,-64.52640533447266
47.81666667,13.71777778,1616.0625,2018.0,-0.3697245428906732,3.31755327351857e-05,-11.712,-81.84,-11.547578811645508,-84.3858413696289
52.4672,13.4019,47.5625,1988.0,0.9562348265919056,4.106281994609162e-05,-11.47,-82.1,-8.994939804077148,-63.005348205566406
41.91595556,13.08333333,499.48438,2003.0,0.1202080448993527,0.0,-9.27,-63.78,-5.15805721282959,-29.452957153320312
31.62,-97.22,151.59375,1976.0,0.9562348265919056,0.0,-0.73,-2.0,-3.200979709625244,-10.873756408691406
36.88,30.7,0.0,1992.0,-0.9634705485641486,0.0,-9.21,-52.0,-3.569754123687744,-14.324928283691406
28.276976,84.30961,2101.5,2016.0,-0.4405187843504952,0.0,-12.026879,-86.49316499,-9.482515335083008,-82.4985122680664
60.18008889,24.83286111,14.698242,2007.0,-0.9741004551724206,0.0,-12.84,-89.8,-10.406820297241211,-74.8310317993164
-34.23583333,142.0866667,49.828125,2010.0,-0.7236440382959123,0.0,-5.03,-28.0,-3.302877902984619,-11.827369689941406
22.31666667,114.1666667,34.056641,2000.0,-0.7116566222817751,0.0,-6.3,-39.8,-5.240156650543213,-29.957374572753906
39.95,32.88,920.125,2002.0,0.895839290734909,0.0,-7.59,-53.9,-9.28268814086914,-65.41547393798828
-1.68421,29.01794,1465.6875,2015.0,-0.2135209154397959,4.7846413508523256e-05,3.035,30.16,-0.42789316177368164,15.078147888183594
63.52,-116.0,238.64844,2007.0,0.9760105506323683,1.2487264029914512e-05,-17.97,-138.5,-24.70978355407715,-194.63034057617188
-27.17,-109.43,140.28906,2009.0,-0.2884824328806098,0.0001293078094022,-2.16,-8.3,-3.433889865875244,-13.053443908691406
23.13,113.32,6.8730469,1986.0,0.29671281927349075,0.000285409099888,-6.14,-54.4,-6.608958721160889,-42.767295837402344
69.2666,-53.469,93.789062,2016.0,0.9721181966290613,0.0,-10.38,-75.7,-20.88338279724121,-162.58102416992188
-15.95555556,-69.21805556,3812.625,2001.0,-0.2884824328806098,0.0,-10.65,-76.4,-9.631254196166992,-84.6205825805664
40.8203002,0.493333172,52.294922,2005.0,-0.680773409477016,0.0,-2.81,-10.82,-3.8147950172424316,-16.618141174316406
44.42,8.85,5.4519043,1991.0,0.6994583270516471,0.0,-6.86,-45.1,-6.199697971343994,-38.937232971191406
7.02,125.23,1213.5625,1998.0,-0.680773409477016,0.0,-6.98,-38.2,-7.561154365539551,-55.086280822753906
-54.78,-68.28,104.83984,1991.0,0.6994583270516471,0.0,-10.6,-78.0,-8.577384948730469,-69.5849380493164
48.15,15.15,264.90625,1967.0,-0.680773409477016,0.0,-5.52,-37.9,-6.811238765716553,-44.66033172607422
49.0392,8.365,112.44141,1992.0,0.7295575540864875,0.0,-6.43,-45.3,-7.100283622741699,-47.136009216308594
-21.50303,-64.17048,1258.6875,2009.0,-0.2135209154397959,1.3054687769908924e-05,-1.92,6.2,-4.657881259918213,-24.508155822753906
49.0975,19.59,572.9375,2021.0,0.9510565162951535,0.0,-9.27,-68.0,-10.803272247314453,-78.15164947509766
52.88333333,-1.083333333,60.794922,1995.0,-0.680773409477016,0.0,-5.8,-40.0,-6.330103397369385,-40.157630920410156
-20.47583333,57.63944444,58.746094,1994.0,-0.680773409477016,3.280071905464865e-05,-1.56,-3.0,-1.9782013893127441,0.5696029663085938
47.833185,1.940433,113.78516,2005.0,-0.680773409477016,0.0,-3.25,-20.71,-5.816366672515869,-35.349830627441406
51.1622,14.9506,238.80469,2004.0,0.2386727660059501,0.0,-13.78,-100.3,-10.66771125793457,-77.0162124633789
72.58,-38.4799,3202.0,2011.0,-0.9587178169872964,3.5772641240328085e-06,-37.18023794,-283.9239883,-35.697898864746094,-286.6650085449219
43.49111613,-3.800555816,50.095703,2021.0,0.29671281927349075,0.0,-3.85,-19.3,-4.439527988433838,-22.464698791503906
-32.88,-68.85,762.84375,1987.0,-0.7236440382959123,5.411301026470028e-05,-5.0,-43.0,-5.733877658843994,-34.577857971191406
-0.13,-67.08,58.835938,1976.0,-0.27195815753410524,4.9220678192796186e-05,-1.94,-2.6,-3.322287082672119,-12.009010314941406
36.29166667,81.00833333,2226.875,1992.0,0.9455963874271426,0.0,-17.05,-144.0,-17.01605796813965,-130.18893432617188
46.72738634,8.186782163,600.90625,2006.0,0.9760105506323683,3.0821003747405484e-05,-9.23,-64.07,-11.585945129394531,-84.70719146728516
48.8281,9.2,313.79688,1976.0,-0.27195815753410524,0.0,-15.16,-114.9,-11.122991561889648,-80.8295669555664
53.23,6.55,7.7121582,1990.0,0.29671281927349075,0.0003554948489181,-5.9,-37.0,-6.866888523101807,-45.181129455566406
47.42692898,9.400776879,758.46875,2009.0,-0.2884824328806098,0.0002166840131394,-16.39,-122.5755912,-12.458139419555664,-92.0125503540039
49.7703,9.9578,265.90625,2002.0,0.9760105506323683,5.97235430177534e-06,-6.81,-47.05,-9.002613067626953,-63.069618225097656
44.42,8.85,5.4519043,1979.0,0.741222010848596,0.0001120077213272,-1.24,-5.4,-5.560408115386963,-32.954444885253906
36.88,30.7,0.0,1977.0,-0.7236440382959123,0.0,-4.24,-12.8,-4.924757480621338,-27.005714416503906
51.6,-1.1,55.042969,2008.0,-0.9634705485641486,0.0,-7.12,-46.9,-6.220320224761963,-39.130226135253906
-65.07944444,-63.9775,286.6875,1994.0,-0.680773409477016,1.0471285349921296e-05,-14.07,-113.1,-8.707695007324219,-88.94430541992188
8.983333333,79.9,2.5202637,1986.0,0.2386727660059501,0.0,-4.0,-24.2,-3.6740784645080566,-15.301246643066406
9.29,123.17,800.375,1997.0,-0.2135209154397959,0.0002564707829151,-8.57,-57.1,-7.834598064422607,-58.987525939941406
47.81666667,13.71777778,1616.0625,2019.0,0.8880573226294932,3.184274828527123e-05,-12.499,-88.41,-10.767463684082031,-77.85172271728516
-27.43,153.08,5.7802734,2014.0,0.29671281927349075,0.0,-1.14,7.0,-2.968069553375244,-8.694068908691406
4.05,114.81,27.053711,2007.0,-0.9455963874271428,0.000187612575246,-8.44,-55.55,-7.11183500289917,-50.923622131347656
-31.95,115.97,20.375,2007.0,-0.680773409477016,0.0,-3.19,-7.0,-3.0238709449768066,-9.216285705566406
-38.73263889,-72.58922222,110.76172,1991.0,-0.680773409477016,0.0001787351502571,-6.4,-37.0,-5.7490410804748535,-34.719764709472656
19.28,166.65,4.0,1973.0,-0.2884824328806098,1.382946538797114e-05,1.01,8.0,-1.0926575660705566,8.856956481933594
19.28,166.65,4.0,1976.0,-0.6932812268869771,0.0001877114991657,-2.42,-12.6,-3.4363160133361816,-13.076148986816406
46.95222563,7.439320571,542.53125,2008.0,0.9721181966290613,1.0644778740243057e-05,-10.01,-72.24,-11.153684616088867,-81.0866470336914
38.79273611,-9.105733333,36.355469,2016.0,-0.7116566222817751,1.2740059673888029e-06,-5.88,-34.3,-4.963575839996338,-27.368995666503906
34.3,108.93,399.84375,1989.0,-0.9587178169872964,0.0,-8.88,-75.8,-7.331697463989258,-51.812599182128906
46.98141401,6.607999655,1046.0625,2010.0,0.741222010848596,3.137064049951732e-05,-8.78,-59.93267592,-9.321054458618164,-65.73682403564453
-34.05,115.0249,77.78125,2014.0,-0.24702218048093527,8.303844651891268e-07,-2.52,-7.6,-3.3247132301330566,-12.031715393066406
32.63333333,-16.9,0.0,2001.0,0.2386727660059501,2.2608051040151622e-06,-1.41,2.9,-3.642538547515869,-15.006080627441406
-33.97,18.6,41.798828,1967.0,-0.9587178169872964,0.0,-2.4,0.1,-3.1354737281799316,-10.260719299316406
49.0392,8.365,112.44141,2008.0,-0.7116566222817751,9.783713903743774e-05,-7.02,-43.15,-9.12794303894043,-64.1193618774414
48.24861111,16.35638889,200.63281,2015.0,0.29671281927349075,4.426619125297293e-05,-4.81,-34.5,-7.287639141082764,-48.70526885986328
-15.85,-47.93,1012.8125,1965.0,-0.680773409477016,0.0,1.4,26.1,-3.5479187965393066,-14.120582580566406
52.4672,13.4019,47.5625,1994.0,-0.7236440382959123,5.510738628800027e-05,-7.27,-48.9,-9.125385284423828,-64.09793853759766
28.22,-177.37,0.0,1978.0,0.9510565162951535,1.7083578995880089e-06,-0.74,4.7,-3.3004517555236816,-11.804664611816406
62.28,-114.27,159.84375,1993.0,0.741222010848596,0.0,-16.04,-119.5,-21.62001609802246,-168.75094604492188
40.008,-105.2682583,1647.3125,2014.0,0.9760105506323683,7.874157017795369e-05,-13.37,-96.6,-15.92133903503418,-121.0197525024414
0.604166667,-77.81944444,2835.75,2016.0,0.2802306751992159,6.068050424801186e-05,-11.17,-83.7,-9.23945426940918,-79.0307388305664
-8.811944444,13.22722222,10.254883,2021.0,0.9760105506323683,6.171483255457133e-05,-4.78,-24.8,-3.268911838531494,-11.509498596191406
46.20239,7.84117,1546.1875,2023.0,0.6994583270516471,0.0002082705323118,-13.2,-97.25,-13.199888229370117,-98.2253189086914
46.39864119,6.233803787,434.125,2012.0,0.9721181966290613,0.0,-10.02,-72.77,-10.135698318481445,-72.5601577758789
78.07,13.63,0.0,1973.0,0.2386727660059501,7.255254786286969e-06,-8.61,-55.6,-10.189411163330078,-73.01004791259766
46.64833333,14.31833333,448.71875,1999.0,0.6994583270516471,4.254715531715192e-05,-21.46,-164.0,-13.609128952026367,-101.6530532836914
47.81666667,13.71777778,1616.0625,2021.0,0.8631421280499114,0.0002377694181632,-14.582,-109.4,-9.963813781738281,-71.43388366699219
0.512102778,25.20643889,414.57812,2015.0,0.29671281927349075,0.0,-0.92,8.2,-0.31629037857055664,16.122581481933594
13.03,123.92,624.1875,1998.0,-0.7236440382959123,0.0,-6.51,-39.9,-5.245008945465088,-30.002784729003906
-40.35,-9.88,37.345703,1962.0,-0.680773409477016,1.363039427815238e-05,-4.4,-26.1,-4.66030740737915,-24.530860900878906
10.86,0.2,372.54688,2016.0,0.6932812268869777,0.0,-5.661,-27.75,-2.7327332496643066,-6.491676330566406
47.37233597,8.083138245,397.48438,2000.0,-0.23030567023061196,0.0,-6.48,-47.0693025,-6.524498462677002,-41.97687530517578
42.11666667,44.96666667,1107.4375,2014.0,0.9760105506323683,9.608251275494696e-05,-7.64,-41.1,-8.5882568359375,-59.599037170410156
51.1622,14.9506,238.80469,2005.0,0.9760105506323683,0.0,-7.98,-58.3,-9.474519729614258,-67.02222442626953
53.7122,7.1519,8.8525391,2007.0,0.29671281927349075,0.0,-7.01,-50.52,-6.866888523101807,-45.181129455566406
48.545,13.3528,478.40625,2004.0,-0.6932812268869771,0.0,-7.05,-47.5,-6.487802982330322,-41.633460998535156
53.23,6.55,7.7121582,1975.0,-0.2135209154397959,1.315092322329292e-05,-4.76,-31.0,-6.287949085235596,-39.76313018798828
-53.0,-70.833333,32.589844,2003.0,0.6994583270516471,6.711679452564567e-05,-5.36,-45.7,-8.405065536499023,-67.1264419555664
58.1,6.57,0.0,1972.0,-0.27195815753410524,4.3995980377076194e-05,-5.09,-37.2,-8.983430862426758,-62.90894317626953
-2.53,140.72,68.566406,1991.0,0.6994583270516471,0.0,-7.08,-45.9,-5.9091668128967285,-36.218299865722656
49.7478,6.6581,259.26562,2008.0,0.6994583270516471,0.0,-8.61,-60.6,-9.498817443847656,-67.22574615478516
-17.97472,-67.08,3703.375,2009.0,-0.9587178169872964,0.0,-8.59,-53.4,-6.866888523101807,-45.181129455566406
41.7787,2.5047,614.3125,2013.0,0.2386727660059501,1.6535455870325677e-05,-6.53,-46.32,-9.254552841186523,-65.17981719970703
-53.0,-70.833333,32.589844,1997.0,0.9510565162951535,0.0,-8.18,-62.9,-8.243629455566406,-64.8232192993164
-13.0,-38.52,39.933594,1974.0,-0.2884824328806098,5.407073331298307e-06,-0.27,3.0,-1.9466614723205566,0.8647689819335938
4.7,-74.13,2551.125,2002.0,0.2386727660059501,0.0,-2.7,-5.0,-2.8639283180236816,-30.699405670166016
51.01666667,-114.0166667,1033.25,1996.0,-0.23030567023061196,0.0,-14.5,-110.7,-16.42777442932129,-125.2615737915039
10.00036389,-84.10913333,1157.3125,2016.0,-0.9992500112396835,0.0,-7.468261,-46.916847,-8.355266571044922,-67.46617889404297
47.8008,11.0108,974.96875,1995.0,0.2386727660059501,0.0,-15.14,-111.1,-12.473485946655273,-92.1410903930664
46.095,14.597,283.89062,1982.0,0.6994583270516471,0.0,-14.44,-105.0,-13.30219841003418,-99.0822525024414
49.0422,12.1019,370.21875,2003.0,-0.680773409477016,0.0,-4.22,-31.4,-6.466877460479736,-41.43762969970703
31.2025,29.87666667,-7.1420898,2001.0,-0.6870527672236675,1.2603770301211624e-05,-4.37,-12.9,-3.957937717437744,-17.957740783691406
52.16666667,0.25,32.667969,1983.0,-0.2135209154397959,2.8300997655605897e-05,-5.2,-31.0,-6.204550266265869,-38.982643127441406
13.73,100.5,5.7392578,2016.0,0.2802306751992159,0.0,-3.02,-15.0,-5.181929111480713,-29.412452697753906
4.463,117.923,902.40625,2007.0,-0.7236440382959123,5.635933121084236e-05,-11.28,-77.93,-7.018150806427002,-48.59113311767578
45.46666667,13.61666667,0.5645752,2002.0,-0.7236440382959123,7.5241928243485745e-06,-5.27,-24.7,-5.90249490737915,-36.155860900878906
0.05,32.45,1135.4375,2013.0,0.29671281927349075,0.0,0.21,12.54,-1.5196595191955566,4.860862731933594
19.2,-96.13,0.0,1985.0,0.6994583270516471,0.0,-0.42,11.1,-2.2475037574768066,-1.9506607055664062
-34.05,115.0249,77.78125,2011.0,-0.9106046300942162,0.0,-1.91,-7.3,-2.9753479957580566,-8.762184143066406
-21.15,55.75,738.875,2000.0,0.9721181966290613,3.44865329680033e-05,-2.39,-6.6,-3.555197238922119,-14.188697814941406
41.66056063,-1.004162565,244.98438,2002.0,0.29671281927349075,9.09968548512552e-06,-4.45,-29.68,-4.949018955230713,-27.232765197753906
52.93,4.78,0.63311768,1986.0,0.741222010848596,2.180423734898796e-06,-5.61,-35.1,-6.866888523101807,-45.181129455566406
47.8008,11.0108,974.96875,1975.0,-0.2135209154397959,3.215103060938418e-05,-7.15,-48.4,-7.689206600189209,-52.06873321533203
9.466666667,100.05,0.0,1980.0,-0.970063921851507,0.0002203391486546,-6.51,-41.1,-7.206912517547607,-51.57300567626953
-16.49888889,-68.12305556,3582.75,1996.0,-0.27195815753410524,6.04044835199602e-05,-14.11,-101.2,-9.462562561035156,-82.2138442993164
-1.61374,29.25533,1773.0625,2014.0,-0.7236440382959123,4.615249781636521e-05,-2.2,-5.35,-2.492544651031494,-4.243873596191406
46.37222222,6.470833333,387.75,1996.0,-0.9634705485641486,6.828202458564192e-05,-9.02,-62.8,-7.702315330505371,-53.56700134277344
47.81666667,13.71777778,1616.0625,2020.0,-0.9307239310379793,5.189267176319845e-05,-7.567,-46.46,-8.865774154663086,-61.92346954345703
43.49111613,-3.800555816,50.095703,2007.0,0.29671281927349075,0.0,-3.87,-24.45,-4.372808933258057,-21.840309143066406
37.97,23.72,100.17578,2020.0,-0.7116566222817751,0.0,-3.94,-17.9,-5.317793369293213,-30.683937072753906
36.98,35.3,22.958008,2017.0,-0.7236440382959123,8.948249160312116e-06,-4.51,-15.3,-4.512312412261963,-23.145851135253906
66.53333333,66.66666667,16.196289,1996.0,0.9562348265919056,0.0,-17.8,-148.3,-17.77315330505371,-136.53024291992188
52.88333333,-1.083333333,60.794922,1991.0,0.2386727660059501,1.961625093827024e-05,-9.5,-67.0,-8.30051040649414,-57.18891143798828
43.91281944,4.888775,30.959961,2005.0,-0.9587178169872964,0.0,-6.94,-45.64,-4.879873752593994,-26.585670471191406
45.32,-75.67,112.08594,1975.0,-0.9587178169872964,7.811523391865194e-05,-7.83,-52.0,-8.699520111083984,-60.53095245361328
-0.37,-78.55,3064.0,1993.0,-0.9587178169872964,1.7406364349881187e-05,-8.32,-57.1,-7.313558578491211,-51.553810119628906
6.166666667,102.2833333,3.2288818,1982.0,-0.9587178169872964,8.859934314386919e-05,-4.1,-20.0,-6.698657512664795,-46.308998107910156
46.57248471,8.332719621,1924.0,1971.0,0.6994583270516471,3.924964767065831e-05,-14.71,-107.9,-14.309953689575195,-107.5230484008789
36.83,10.23,0.0,1982.0,0.9760105506323683,3.3762982639018446e-05,-4.7,-30.1,-4.628767490386963,-24.235694885253906
46.095,14.597,283.89062,2008.0,0.6994583270516471,0.0,-9.62,-62.1,-11.529674530029297,-84.23587799072266
64.13,-21.93,12.141602,2011.0,0.2386727660059501,0.0,-7.82,-52.8,-9.934603691101074,-71.36370086669922
14.53,-4.1,268.21875,2014.0,-0.9587178169872964,0.0,-2.65,-17.4,-3.9263978004455566,-17.662574768066406
14.52,121.0,3.6977539,1962.0,0.9760105506323683,0.0001603083510417,-4.1,-34.1,-4.706404209136963,-24.962257385253906
52.4672,13.4019,47.5625,1996.0,-0.9634705485641486,0.0,-8.1,-56.8,-7.415323734283447,-50.68705749511719
48.8281,9.2,313.79688,1994.0,0.6994583270516471,2.901550760725513e-05,-10.09,-78.2,-10.50401496887207,-75.6451187133789
-34.03,-67.97,581.875,1984.0,-0.23030567023061196,0.0,-14.7,-106.0,-6.279760837554932,-39.686500549316406
12.13,15.03,294.5,1968.0,-0.6932812268869771,0.0001170861796708,-4.72,-28.3,-2.6842103004455566,-6.037574768066406
50.4972,9.9428,920.40625,2000.0,0.2386727660059501,8.689870446687564e-05,-7.64,-51.9,-9.39139175415039,-66.32596588134766
-34.05,115.0249,77.78125,2014.0,-0.3131070409358267,9.620234050089492e-05,-4.78,-24.6,-3.3732361793518066,-12.485816955566406
51.93,-10.25,33.068359,1980.0,-0.27195815753410524,6.508833030238748e-05,-3.18,-21.4,-5.829710483551025,-35.474708557128906
47.81666667,13.71777778,1616.0625,2022.0,-0.9796136916454901,0.0001809210370993,-11.988,-76.59,-9.40826416015625,-66.67214965820312
43.365884,-8.421399,56.794922,2008.0,-0.27195815753410524,0.0002516264503356,-6.58,-39.31,-5.3493332862854,-30.979103088378906
47.37233597,8.083138245,397.48438,2002.0,0.29671281927349075,0.000266204442596,-5.22,-35.21159903,-6.866888523101807,-45.181129455566406
18.30388889,-65.74583333,553.1875,2006.0,0.1797665857255624,2.526949901948683e-05,-2.07,-6.0,-2.050985813140869,-0.11154937744140625
54.5283,11.0603,1.9006348,2012.0,0.7295575540864875,5.323703589965589e-05,-6.05,-41.8,-7.157033920288086,-47.6113395690918
-19.87086111,-43.96733333,844.875,2020.0,0.6994583270516471,7.189768075477332e-05,-6.28,-40.1,-5.351759433746338,-31.001808166503906
51.116535,17.029468,118.94141,2005.0,0.8498170915275278,0.0,-14.82675,-104.487975,-9.410575866699219,-66.48664093017578
50.3381,7.6,86.441406,1985.0,-0.9741004551724206,0.0,-2.78,-13.7,-7.517593860626221,-52.33885192871094
-13.0,28.65,1260.6875,1968.0,-0.7116566222817751,5.0400816689943895e-05,-2.3,-10.6,-3.880300998687744,-17.231178283691406
47.833185,1.940433,113.78516,2005.0,0.9510565162951535,0.0,2.12,-9.59,-7.9289960861206055,-54.077171325683594
46.22030867,7.33848445,481.70312,2017.0,-0.9587178169872964,0.0,-4.66,-32.3,-7.828819274902344,-53.32601547241211
51.35,12.43,125.46484,1987.0,0.2386727660059501,0.0,-13.8,-102.2,-10.447744369506836,-75.1738052368164
4.466666667,101.3833333,1451.4375,2017.0,0.29671281927349075,0.0,-8.26,-51.4,-7.152122497558594,-49.250587463378906
35.68,139.77,22.099609,1979.0,0.741222010848596,0.0,-4.41,-23.3,-5.747828006744385,-34.708412170410156
52.93,4.78,0.63311768,1986.0,-0.9587178169872964,1.185004111903254e-05,-7.02,-41.1,-6.459599018096924,-41.36951446533203
46.771245,-65.002861,38.376953,2017.0,0.9510565162951535,0.0,-12.22,-87.75,-10.286605834960938,-73.82413482666016
-34.05,115.0249,77.78125,2018.0,-0.2802306751992161,6.83657854096964e-05,-2.57,-6.1,-3.351400852203369,-12.281471252441406
36.83,10.23,0.0,1969.0,-0.680773409477016,0.0,-0.93,-3.7,-3.501821994781494,-13.689186096191406
25.086675,-80.45309444,2.7862549,2001.0,-0.7856498550787144,0.0,-0.07,7.3,-3.7953858375549316,-16.436500549316406
51.93,-10.25,33.068359,2009.0,0.6994583270516471,4.646762681659311e-05,-5.73,-36.1,-6.1154937744140625,-38.66478729248047
39.03,141.81,81.234375,1982.0,-0.7236440382959123,1.2973481716471724e-05,-6.1,-28.7,-6.866888523101807,-45.181129455566406
47.12,9.49,459.84375,2019.0,0.741222010848596,4.348800939624198e-05,-10.04,-73.23,-8.21226692199707,-56.449806213378906
46.72738634,8.186782163,600.90625,2019.0,-0.9741004551724206,5.942648203927092e-05,-9.26,-64.36,-9.682975769042969,-68.76822662353516
-27.17,-109.43,140.28906,2015.0,-0.7236440382959123,0.0,-2.11,12.2,-3.1112122535705566,-10.033668518066406
-53.0,-70.833333,32.589844,2005.0,-0.9741004551724206,0.0,-12.03,-95.6,-8.372415542602539,-66.6606216430664
50.7,5.47,141.75781,1970.0,0.9760105506323683,0.0,-7.56,-54.8,-8.191804885864258,-56.278419494628906
45.6,13.93333333,486.53125,2003.0,0.3536761221763716,0.0,-13.83,-103.51,-9.400344848632812,-66.40094757080078
58.26388889,26.46138889,70.085938,2015.0,0.9510565162951535,0.0,-14.27,-108.7,-11.557809829711914,-84.4715347290039
41.02444444,40.52,10.936523,2012.0,-0.6932812268869771,0.0001897567999549,-4.52,-20.91,-4.896856784820557,-26.744606018066406
-0.743055556,-90.30222222,1.7120972,2013.0,0.6744436188329455,1.4337672837427816e-05,-1.980078419,-5.717400541,-2.303305149078369,-2.4728775024414062
22.7,90.36,5.9089355,2019.0,0.9510565162951535,0.0,-0.83,0.6,-2.055838108062744,-0.15695953369140625
47.12,9.49,459.84375,2021.0,0.741222010848596,0.0001215597512782,-9.9,-74.48,-8.10356330871582,-55.53931427001953
51.93,-10.25,33.068359,2000.0,0.9562348265919056,5.035914364270866e-05,-4.94,-25.7,-5.882177829742432,-36.12501525878906
47.81666667,13.71777778,1616.0625,2020.0,0.29671281927349075,7.014565198915079e-05,-8.36,-50.02,-10.780252456665039,-77.9588394165039
37.77,-25.65,137.14062,1963.0,-0.7236440382959123,1.5993526176316664e-05,-5.8,-29.8,-3.336843967437744,-12.145240783691406
4.05,114.81,27.053711,2009.0,-0.8311706263658079,0.000411168555729,-3.92,-19.89,-8.124820709228516,-63.128150939941406
37.1644591,-5.611393166,86.394531,2013.0,-0.9587178169872964,0.0,-1.41,-2.6,-4.423758029937744,-22.317115783691406
36.62,127.46,80.589844,2017.0,-0.7236440382959123,0.0,-4.34,-15.6,-6.809722423553467,-44.646141052246094
66.49686111,25.75518056,108.88672,2004.0,-0.23030567023061196,0.0,-10.37,-77.2,-9.312101364135742,-65.6618423461914
43.78,87.62,900.71875,1996.0,-0.27195815753410524,0.0,-17.12,-120.8,-16.647741317749023,-127.1039810180664
41.7787,2.5047,614.3125,2012.0,-0.9634705485641486,0.0001180943727376,-8.47,-65.13,-5.934034824371338,-36.451026916503906
51.83,6.25,9.5,2003.0,-0.2884824328806098,3.2099200325319543e-05,-10.1,-70.45,-8.406656265258789,-58.077980041503906
-31.95,115.97,20.375,1962.0,0.9760105506323683,1.497613425271993e-06,-1.2,0.0,-4.159307956695557,-19.842262268066406
19.53,-96.91,1381.3125,2017.0,-0.680773409477016,0.0,-9.69,-65.0,-3.540640354156494,-14.052467346191406
43.91281944,4.888775,30.959961,2009.0,-0.9587178169872964,0.0,-11.16,-75.66,-4.884726047515869,-26.631080627441406
43.49111613,-3.800555816,50.095703,2021.0,0.741222010848596,2.512447281333152e-05,-3.46,-17.8,-4.858038425445557,-26.381324768066406
43.91281944,4.888775,30.959961,1998.0,-0.2135209154397959,0.0,-0.8,-5.6,-3.691061496734619,-15.460182189941406
-4.37,15.25,422.4375,1963.0,-0.2884824328806098,0.0,-5.4,-24.2,-3.9021363258361816,-17.435523986816406
55.677,12.56,17.620117,2019.0,-0.680773409477016,0.0,-6.29,-40.9,-7.613752841949463,-51.436744689941406
54.5275,9.5486,43.292969,1998.0,-0.9587178169872964,0.0,-7.76,-51.4,-6.932359218597412,-45.70256805419922
10.00036389,-84.10913333,1157.3125,2015.0,0.6807734094770161,0.0002486814337316,-5.95477955,-46.7101095,-8.254512786865234,-64.9784927368164
64.58,40.5,0.0,1981.0,-0.9741004551724206,2.89410054392647e-05,-12.6,-96.0,-14.100217819213867,-105.7663345336914
13.73,100.5,5.7392578,1983.0,-0.680773409477016,0.0002047429879894,-8.2,-59.5,-6.2439751625061035,-39.351600646972656
76.23333333,-119.2833333,6.2902832,1989.0,0.6994583270516471,0.0,-25.58,-183.0,-27.9018611907959,-221.36666870117188
38.66038889,-27.22009444,77.109375,1999.0,-0.8311706263658079,3.013423111042357e-06,0.2,2.35,-3.2858948707580566,-11.668434143066406
67.15,32.35,0.0,2000.0,-0.970063921851507,0.0,-15.2,-116.5,-12.519525527954102,-92.5267105102539
-45.35,-72.07,583.1875,1990.0,-0.7236440382959123,0.0,-11.3,-88.0,-9.573209762573242,-83.7924575805664
-75.58333333,-20.56666667,105.53516,2006.0,0.2386727660059501,9.382212603533709e-08,-18.29,-142.04,-20.57550811767578,-166.44601440429688
50.4972,9.9428,920.40625,2008.0,0.9721181966290613,9.997661436500492e-06,-11.28,-76.9,-9.486028671264648,-67.1186294555664
52.93,4.78,0.63311768,1987.0,-0.7236440382959123,3.5597957321442664e-05,-7.98,-53.6,-7.8963847160339355,-53.80402374267578
51.93,-10.25,33.068359,2012.0,0.2386727660059501,5.908280218136497e-05,-4.38,-22.9,-6.211222171783447,-39.045082092285156
41.91172742,2.763346411,139.71094,2018.0,0.9760105506323683,1.1794701094913762e-05,-5.98,-40.3,-5.7733025550842285,-34.946815490722656
42.58834633,-5.651107617,911.78125,2004.0,0.9562348265919056,0.0,-11.19,-84.46,-9.092134475708008,-63.819435119628906
41.93333333,45.48333333,0.0,2018.0,0.9510565162951535,0.0,-6.72,-46.7,-9.058883666992188,-63.540931701660156
22.31666667,114.1666667,34.056641,2019.0,0.2386727660059501,0.0,-1.69,4.9,-3.264059543609619,-11.464088439941406
44.52361111,11.33888889,38.84375,1997.0,0.9510565162951535,0.0001217170429299,-9.58,-65.4,-5.806662082672119,-35.259010314941406
51.6,-1.1,55.042969,2014.0,0.29671281927349075,3.613055014284328e-05,-6.2,-44.1,-6.294317722320557,-39.822731018066406
13.50277778,-88.51805556,1017.5312,1998.0,-0.7295575540864876,0.0001027308317134,-4.3,-24.1,-6.082575798034668,-39.469398498535156
-34.93,138.58,24.027344,1973.0,0.2386727660059501,0.0,-2.13,-5.2,-4.465002536773682,-22.703102111816406
-40.35,-9.88,37.345703,1995.0,0.6994583270516471,0.0,-3.57,-17.5,-4.596014499664307,-23.929176330566406
41.733333,43.516667,0.0,2020.0,-0.27195815753410524,0.0,-16.91,-121.5,-10.677942276000977,-77.1019058227539
-34.05,115.0249,77.78125,2011.0,6.432490598706546e-16,0.0,-0.04,10.1,-3.3344178199768066,-12.122535705566406
8.92,-79.6,11.163086,1977.0,0.6994583270516471,0.0,1.54,14.5,-4.103506565093994,-19.320045471191406
4.83,-52.37,7.9216309,1995.0,-0.2135209154397959,0.0001889506092993,-5.8,-33.2,-3.817221164703369,-16.640846252441406
33.46555556,126.9333333,5.9509277,1995.0,-0.7176769136759615,0.0,-4.4,-30.0,-6.650354862213135,-43.154701232910156
47.833185,1.940433,113.78516,2001.0,-0.7236440382959123,0.0,-5.0,-26.0,-7.646364212036133,-51.70989227294922
47.59583333,7.594444444,248.26562,2004.0,0.9562348265919056,0.0,-8.8,-66.55,-9.29803466796875,-65.54401397705078
26.27,50.62,2.3325195,1961.0,-0.7236440382959123,0.0,0.6,16.2,-1.3110108375549316,6.813499450683594
28.46344137,-16.2553441,36.554688,2003.0,-0.2884824328806098,0.0,2.11,-1.66,-1.8399109840393066,1.8637924194335938
52.1042,8.7519,134.42188,1978.0,-0.2135209154397959,0.0,-6.23,-50.3,-6.331619739532471,-40.17182159423828
9.49,138.09,7.6940918,1974.0,0.9510565162951535,1.9325332687003535e-05,-3.58,-21.3,-4.439527988433838,-22.464698791503906
53.8713,8.7058,4.7202148,2006.0,0.6994583270516471,4.14252372138435e-06,-7.18,-57.05,-8.816736221313477,-62.768348693847656
19.53,-96.91,1381.3125,2020.0,-0.6932812268869771,0.0,-5.05,-27.4,-3.608572483062744,-14.688209533691406
42.7728,-0.33149,1302.3125,2020.0,-0.970063921851507,5.190806768951006e-05,-9.58,-65.9,-9.13433837890625,-64.17292022705078
41.02444444,40.52,10.936523,2011.0,0.9760105506323683,2.6466634608368622e-06,-8.704046106,-58.46398638,-8.60999870300293,-59.78113555908203
33.86666667,35.56666667,226.0625,2002.0,-0.12020804489935275,1.6735847339077736e-06,-4.99,-17.8,-4.450445652008057,-22.566871643066406
49.7703,9.9578,265.90625,1995.0,-0.2135209154397959,0.0,-4.08,-28.2,-6.365889072418213,-40.492530822753906
40.40725278,-3.686133333,653.5,2003.0,0.13727877211326478,0.0,-8.2,-58.4,-7.717981338500977,-52.30974578857422
22.31666667,114.1666667,34.056641,1987.0,0.2386727660059501,0.0,-3.37,-22.2,-3.0578370094299316,-9.534156799316406
-0.743055556,-90.30222222,1.7120972,2015.0,-0.07738647923346322,5.736042112403084e-06,-0.917216581,2.648921941,-1.4662842750549316,5.360374450683594
78.91666667,11.93333333,38.650391,1997.0,-0.680773409477016,2.095855597872287e-05,-7.78,-57.8,-11.412017822265625,-83.25040435791016
35.67805556,-106.3547222,1727.9375,1992.0,-0.2553532951161881,0.0,-10.49,-72.4,-10.247976303100586,-93.4194107055664
-6.18527,35.75335,1134.8125,2016.0,0.9562348265919056,0.0,-5.43,-31.3,-4.088949680328369,-19.183815002441406
32.2361,-110.9439,753.21875,2003.0,-0.7236440382959123,0.0,-7.0,-49.0,-6.587801456451416,-45.525306701660156
47.07777778,15.44888889,370.03125,1982.0,-0.9741004551724206,0.0,-9.64,-64.6,-9.21895694732666,-64.92059326171875
53.7122,7.1519,8.8525391,2005.0,-0.7236440382959123,7.049763371469453e-05,-7.92,-49.21,-7.891908645629883,-53.76653289794922
-2.6,-78.56666667,1992.375,1992.0,-0.9634705485641486,0.0,-5.4,-21.3,-4.695486545562744,-24.860084533691406
-34.93,138.58,24.027344,2013.0,0.6994583270516471,0.0,-0.63,1.6,-4.268484592437744,-20.863990783691406
80.0,-85.56,141.59375,1990.0,0.741222010848596,0.0,-28.86,-230.1,-29.109121322631836,-231.47848510742188
46.72738634,8.186782163,600.90625,2012.0,0.6994583270516471,0.0001103664908441,-12.99,-97.79,-13.281736373901367,-98.9108657836914
-45.35,-72.07,583.1875,1994.0,0.9760105506323683,0.0,-10.8,-79.0,-9.056251525878906,-76.4169692993164
40.41195035,-3.67806112,671.09375,2003.0,-0.7236440382959123,0.0,-8.98,-62.63,-8.640691757202148,-60.03821563720703
47.07777778,15.44888889,370.03125,2000.0,0.7295575540864875,3.0251965654315427e-05,-5.62,-35.3,-8.531986236572266,-59.127723693847656
46.95222563,7.439320571,542.53125,2007.0,0.29671281927349075,0.0,-8.82,-63.37,-7.3333587646484375,-49.08821105957031
37.77,-25.65,137.14062,1990.0,0.6994583270516471,2.08068536267092e-06,-5.85,-34.7,-3.4702820777893066,-13.394020080566406
17.46,106.62,2.4233398,2015.0,-0.9587178169872964,0.0,-6.3,-38.4,-7.5788397789001465,-55.338600158691406
-23.8,133.88,544.75,1964.0,-0.970063921851507,0.0,-1.7,-4.4,-1.1751465797424316,8.084983825683594
28.50444444,-16.30333333,570.6875,2010.0,-0.9859481499638303,0.0,-7.47,-47.63,-3.671652317047119,-15.278541564941406
-45.35,-72.07,583.1875,1993.0,-0.2135209154397959,0.0,-13.2,-99.0,-9.473445892333984,-82.3691177368164
50.92,5.78,111.17188,1986.0,0.9510565162951535,0.0,-6.68,-47.4,-8.160472869873047,-56.01598358154297
47.81666667,13.71777778,1616.0625,2002.0,0.8311706263658079,6.264309922698885e-05,-12.86,-80.4,-10.51936149597168,-75.7736587524414
47.07777778,15.44888889,370.03125,1985.0,0.9760105506323683,0.0,-7.67,-53.6,-11.069278717041016,-80.37967681884766
47.4,28.49166667,94.726562,2020.0,0.9562348265919056,0.0,-6.82,-48.3,-9.74947738647461,-69.32523345947266
4.036666667,9.734166667,39.230469,2011.0,0.741222010848596,0.0,-1.99,-0.29,-2.822500705718994,-7.331764221191406
56.9,35.9,136.57812,1985.0,0.9510565162951535,1.4338044820760842e-05,-16.7,-131.0,-12.882726669311523,-95.5688247680664
47.59583333,7.594444444,248.26562,1992.0,0.9721181966290613,1.0715772987168748e-05,-11.28,-85.6,-9.248157501220703,-65.12625885009766
51.387367,-0.325697,10.34082,2021.0,0.5380051715382996,0.0,-6.82,-40.37,-6.467787265777588,-41.446144104003906
43.365884,-8.421399,56.794922,2010.0,0.741222010848596,4.002659261459485e-05,-5.76,-39.03,-4.904135227203369,-26.812721252441406
47.8747,8.0036,1487.3125,1985.0,0.9760105506323683,3.665380427264608e-05,-8.7,-60.0,-11.097414016723633,-80.6153335571289
26.87472222,80.93888889,116.25,2003.0,-0.9587178169872964,0.0001056167166098,-9.69,-69.1,-6.2803568840026855,-39.75604248046875
46.78,23.61,336.76562,2022.0,0.2386727660059501,1.3504243725037668e-05,-12.16,-87.6,-12.933881759643555,-95.9972915649414
9.0,38.73,2329.125,2016.0,-0.23030567023061196,0.0,-4.21,-19.4,-2.298452854156494,-2.4274673461914062
31.99730278,34.81616111,44.347656,1972.0,0.9721181966290613,0.0,-0.6,-11.0,-3.860891819000244,-17.049537658691406
34.3,108.93,399.84375,1990.0,0.6994583270516471,2.901567540902761e-06,-17.02,-122.7,-3.860891819000244,-17.049537658691406
19.2,-96.13,0.0,1978.0,0.29671281927349075,0.0002999103162437,-3.78,-26.0,-4.474707126617432,-22.793922424316406
71.3,-156.78,0.0,1964.0,-0.6932812268869771,0.0,-7.5,-62.6,-18.01869773864746,-138.58688354492188
-29.89805556,-71.2425,14.506836,2000.0,0.2802306751992159,0.0,-6.33,-39.5,-6.32525110244751,-40.112220764160156
38.28,21.79,113.0625,2022.0,0.9760105506323683,0.0,3.38,35.7,-4.915052890777588,-26.914894104003906
47.37233597,8.083138245,397.48438,2011.0,0.9510565162951535,0.0,-8.7,-66.47,-10.452859878540039,-75.2166519165039
12.13,15.03,294.5,2016.0,-0.970063921851507,1.4267848200688604e-05,3.55,38.7,-2.385794162750244,-3.2448501586914062
21.04534722,105.7986667,12.334473,2007.0,0.9760105506323683,0.0,-3.57,-11.65,-2.5095276832580566,-4.402809143066406
44.42,8.85,5.4519043,1989.0,-0.2884824328806098,0.0001143231638707,-3.75,-19.8,-6.426239490509033,-41.05731964111328
41.02444444,40.52,10.936523,2011.0,-0.9741004551724206,0.0,-8.606085115,-51.13373197,-6.343447208404541,-40.282508850097656
-0.37,-78.55,3064.0,1999.0,-0.7236440382959123,6.397791003109887e-05,-14.67,-108.6,-8.568315505981445,-69.4555435180664
-33.95833333,18.46111111,109.49609,2000.0,-0.4482293417404106,0.0,0.15,3.0,-3.341696262359619,-12.190650939941406
43.49111613,-3.800555816,50.095703,2013.0,-0.2884824328806098,6.341309199342504e-05,-4.61,-20.4,-5.9043145179748535,-36.172889709472656
-33.56237778,-62.88506389,123.51562,2015.0,0.741222010848596,0.0,-4.9,-32.0,-6.126913547515869,-38.256080627441406
38.66038889,-27.22009444,77.109375,1998.0,-0.9679377830240641,7.273406481544953e-06,-0.595,3.6,-3.123342990875244,-10.147193908691406
-65.07944444,-63.9775,286.6875,1990.0,-0.7236440382959123,5.473647332917824e-06,-9.55,-76.5,-7.912715435028076,-93.97798919677734
32.18333333,35.88333333,664.3125,1991.0,0.9510565162951535,0.0,-8.64,-53.7,-4.610571384429932,-24.065406799316406
6.417169444,2.329255556,12.735352,2014.0,0.29671281927349075,0.0,-4.09,-20.5,-2.6405396461486816,-5.628883361816406
36.98,35.3,22.958008,2019.0,-0.2135209154397959,0.0,-1.75,0.3,-2.599295139312744,-5.242897033691406
66.49686111,25.75518056,108.88672,2004.0,0.2802306751992159,0.0,-10.96,-82.0,-12.938997268676758,-96.0401382446289
-51.7,-57.87,50.568359,1963.0,0.2386727660059501,4.286906914785504e-06,-6.9,-49.6,-7.266680717468262,-51.858558654785156
-15.85,-47.93,1012.8125,1975.0,0.9760105506323683,3.177155667799525e-05,-11.09,-77.1,-5.269270420074463,-30.229835510253906
-33.95833333,18.46111111,109.49609,2000.0,-0.7116566222817751,0.0,-2.54,-11.0,-3.011740207672119,-9.102760314941406
47.833185,1.940433,113.78516,2012.0,0.6994583270516471,1.933110434038099e-05,-7.3,-48.1,-8.465784072875977,-59.76538848876953
18.295,-65.79388889,798.625,2007.0,0.5086709438521044,4.799839189217892e-06,-1.77,3.1,-3.0626893043518066,-9.579566955566406
71.3,-156.78,0.0,1965.0,0.741222010848596,1.4261918295233045e-06,-14.6,-131.7,-20.2081356048584,-156.92526245117188
-38.73263889,-72.58922222,110.76172,1989.0,0.741222010848596,0.0,-9.0,-55.0,-5.963148593902588,-36.723487854003906
-65.07944444,-63.9775,286.6875,2012.0,0.2802306751992159,2.308760300635455e-07,-13.5,-103.32,-9.195920944213867,-78.4096450805664
52.8,5.05,-4.4990234,1992.0,0.9721181966290613,5.972351209493354e-05,-9.4,-64.1,-7.621495246887207,-52.974937438964844
58.38277778,21.81416667,5.9343262,2022.0,-0.7236440382959123,1.462542604713235e-05,-16.02,-116.0,-10.544939041137695,-75.9878921508789
33.96666667,-4.983333333,500.04688,2019.0,0.9760105506323683,0.0,-4.62,-20.9,-3.758993625640869,-16.095924377441406
25.07,110.08,385.5,1983.0,0.2386727660059501,3.045270659640664e-06,-1.75,4.9,-1.6943421363830566,3.2260971069335938
47.59583333,7.594444444,248.26562,1988.0,0.9562348265919056,2.340390165045392e-05,-9.46,-67.3,-9.629262924194336,-68.3183364868164
36.62,127.46,80.589844,2000.0,-0.27195815753410524,0.0,-7.64,-40.95,-6.866888523101807,-45.181129455566406
49.7703,9.9578,265.90625,1999.0,-0.9741004551724206,0.0,-9.53,-68.65,-8.152385711669922,-58.002647399902344
-16.85,-68.91666667,3831.25,2002.0,0.9760105506323683,0.0,-15.75,-115.1,-11.56123161315918,-112.1557388305664
78.91666667,11.93333333,38.650391,1991.0,0.6994583270516471,0.0,-7.21,-51.2,-12.887842178344727,-95.6116714477539
46.29,-64.15,0.0,2005.0,-0.9587178169872964,0.0,-6.76,-41.7,-7.433884620666504,-51.127037048339844
74.72,-94.98,67.636719,1989.0,-0.2884824328806098,0.0,-35.79,-274.6,-25.2970027923584,-226.09298706054688
52.2914,10.4464,80.6875,2011.0,0.741222010848596,0.0,-2.63,-21.95,-6.866888523101807,-45.181129455566406
4.166530499,9.225749944,1200.6875,1972.0,0.008606996888688698,0.0,-4.39,-26.2,-5.610144138336182,-33.419898986816406
51.73333333,36.26666667,193.03906,1996.0,-0.6932812268869771,0.0,-6.8,-51.0,-6.775313377380371,-45.26462936401367
40.7930564,-4.010553289,1892.5,2021.0,-0.2135209154397959,0.0,-6.72,-50.6,-5.982114791870117,-38.00336456298828
-33.11011944,-64.24918333,408.09375,2013.0,0.9510565162951535,0.0,-8.0,-45.0,-6.316153049468994,-40.027076721191406
43.365884,-8.421399,56.794922,2000.0,0.7295575540864875,4.414205977809616e-05,-2.26,-18.3,-5.115210056304932,-28.788063049316406
52.1042,8.7519,134.42188,1984.0,0.7295575540864875,0.0,-11.4,-84.0,-7.294033527374268,-48.758827209472656
47.4828,11.0622,716.1875,1996.0,0.6994583270516471,0.0,-17.17,-133.6,-13.020845413208008,-96.7256851196289
47.98,-55.82,119.36328,1998.0,-0.680773409477016,0.0,-5.51,-32.4,-6.866888523101807,-45.181129455566406
72.58,-38.4799,3202.0,2012.0,-0.9959189961471792,0.0,-37.12859505,-278.3978734,-35.57512664794922,-285.6366882324219
-35.07,173.28,71.449219,1980.0,0.9562348265919056,9.150965342996642e-05,-4.24,-19.6,-4.826498508453369,-26.086158752441406
46.64833333,14.31833333,448.71875,1984.0,-0.27195815753410524,0.0,-10.9,-74.4,-13.583551406860352,-101.4388198852539
-24.11,-65.19,1321.5625,1982.0,-0.9741004551724206,0.0,1.7,19.0,-2.283895969390869,-2.2912368774414062
47.833185,1.940433,113.78516,1998.0,-0.2884824328806098,4.593412086251192e-05,-9.9,-64.9,-8.548612594604492,-59.26697540283203
53.7122,7.1519,8.8525391,1998.0,-0.680773409477016,0.0001021692951326,-7.88,-55.74,-6.866888523101807,-45.181129455566406
8.92,-79.6,11.163086,1976.0,0.2802306751992159,0.0,-6.82,-42.4,-4.280615329742432,-20.977516174316406
-75.58333333,-20.56666667,105.53516,1977.0,0.741222010848596,5.601042950593749e-06,-18.76,-141.3,-16.60818862915039,-133.86288452148438
42.7728,-0.33149,1302.3125,2018.0,-0.7236440382959123,0.0,-13.0,-88.6,-10.51936149597168,-75.7736587524414
76.76666667,-18.66666667,0.0,1994.0,-0.9741004551724206,0.0,-19.27,-139.2,-18.5711727142334,-143.21432495117188
-2.53,140.72,68.566406,1991.0,0.9760105506323683,0.0,-10.39,-71.9,-5.917051792144775,-36.292091369628906
38.05011111,23.866675,444.85938,2013.0,0.9510565162951535,0.0,-6.22,-32.09,-5.981344699859619,-36.893775939941406
46.60305556,13.67138889,2148.125,2001.0,0.6287628145958344,0.0,-7.54,-43.4,-8.72393798828125,-62.13001251220703
46.65772518,8.292706832,1061.3125,2021.0,0.9760105506323683,0.0,-13.01,-89.6,-11.956819534301758,-87.8135757446289
-20.901,55.484,83.28125,2017.0,0.2386727660059501,3.0102693926892243e-05,-2.51,-8.5,-3.133047580718994,-10.238014221191406
41.66056063,-1.004162565,244.98438,2010.0,-0.2884824328806098,1.663682451180648e-05,-8.15,-59.57,-6.986303806304932,-46.181331634521484
-0.743055556,-90.30222222,1.7120972,2014.0,0.3456123126707335,1.8776436263578944e-06,-1.697153376,-1.575153275,-1.9078431129455566,1.2280502319335938
14.64,121.04,42.933594,2003.0,-0.9741004551724206,0.0001912216539494,-0.45,-2.2,-6.273695468902588,-39.629737854003906
36.846389,-2.356942,16.541016,2010.0,0.9760105506323683,0.0,-2.3,-10.27,-4.802237033843994,-25.859107971191406
41.15305556,-96.49277778,352.0625,1992.0,-0.9796136916454901,8.278799941763282e-05,-0.7,-3.0,-7.839474678039551,-53.327354431152344
49.7478,6.6581,259.26562,2012.0,-0.9634705485641486,0.0,-6.73,-45.43,-6.770818710327148,-45.47626495361328
38.79273611,-9.105733333,36.355469,2003.0,-0.7236440382959123,0.0,-4.11,-20.3,-4.773123264312744,-25.586647033691406
38.28,21.79,113.0625,2015.0,0.6994583270516471,6.5553467720747e-05,-7.08,-42.2,-5.77208948135376,-34.935462951660156
50.3381,7.6,86.441406,1994.0,0.9510565162951535,0.0,-5.37,-43.0,-8.345270156860352,-57.563819885253906
36.83,10.23,0.0,1990.0,-0.9741004551724206,0.0001553075853735,0.67,-2.8,-4.013739109039307,-18.479957580566406
4.83,-52.37,7.9216309,1995.0,-0.2884824328806098,0.0,-2.2,-7.4,-2.9122681617736816,-8.171852111816406
47.81666667,13.71777778,1616.0625,2020.0,-0.5737722679043243,0.0,-16.001,-117.91,-11.09229850769043,-80.5724868774414
47.6772,9.19,442.90625,1985.0,-0.9587178169872964,2.3209675418911505e-05,-4.65,-30.6,-8.418167114257812,-58.17438507080078
-15.85,-47.93,1012.8125,1975.0,0.741222010848596,6.947146175662056e-05,-3.06,-13.1,-4.936888217926025,-27.119239807128906
47.81666667,13.71777778,1616.0625,2001.0,-0.9721181966290612,0.0,-12.31,-83.4,-10.238008499145508,-73.4170913696289
46.49143367,9.898180888,1767.6875,1997.0,0.2386727660059501,0.0,-19.11,-145.4,-15.194936752319336,-114.9355239868164
45.32,-75.67,112.08594,1997.0,-0.9587178169872964,1.2155852346040774e-05,-9.8,-67.3,-8.057523727416992,-55.15369415283203
31.99730278,34.81616111,44.347656,1960.0,-0.7116566222817751,3.196778561687097e-05,-5.3,-24.0,-3.9991822242736816,-18.343727111816406
49.0975,19.59,572.9375,1998.0,-0.9587178169872964,0.0,-11.645,-84.9,-8.571632385253906,-59.45978546142578
-31.95,115.97,20.375,1962.0,0.741222010848596,1.230799512086378e-06,-4.0,-18.0,-4.193274021148682,-20.160133361816406
37.30268,-2.90198,1735.125,2021.0,0.9510565162951535,0.0,-8.43,-56.2,-6.888802528381348,-45.115394592285156
-34.05,115.0249,77.78125,2019.0,0.401487989205973,0.0,-2.15,-1.8,-3.5236573219299316,-13.893531799316406
-8.77,-63.92,52.0,1975.0,-0.7236440382959123,0.0001065188116626,-2.54,-10.9,-4.668798923492432,-24.610328674316406
1.6,103.6666667,43.185547,2020.0,-0.23030567023061196,0.0,-7.5,-47.4,-6.866888523101807,-45.181129455566406
41.13333333,-8.6,59.621094,2000.0,-0.6932812268869771,2.4329920051968656e-06,-4.0,-18.4,-4.309729099273682,-21.249977111816406
41.78,-87.75,186.0,1977.0,0.6994583270516471,0.0,-9.87,-69.8,-11.296918869018555,-82.2863540649414
14.64,121.04,42.933594,2008.0,0.9721181966290613,0.0,-4.64,-29.65,-4.384939670562744,-21.953834533691406
53.23,6.55,7.7121582,1983.0,0.6994583270516471,2.666693580977153e-05,-10.4,-70.9,-8.147786140441895,-58.47571563720703
46.37222222,6.470833333,387.75,2020.0,0.9721181966290613,0.0,-9.22,-68.9,-9.463008880615234,-66.92581939697266
-12.43,130.87,16.515625,1963.0,0.9760105506323683,0.0,-6.8,-38.5,-4.205404758453369,-20.273658752441406
43.91281944,4.888775,30.959961,2002.0,-0.2135209154397959,0.0,-7.55,-55.6,-3.705618381500244,-15.596412658691406
33.27722222,44.38765833,39.535156,2010.0,6.432490598706546e-16,0.0,-5.82,-31.1,-3.5285096168518066,-13.938941955566406
12.13,15.03,294.5,1966.0,-0.9741004551724206,0.0,2.2,23.0,-1.8107972145080566,2.1362533569335938
48.36,-4.57,68.214844,2000.0,-0.7116566222817751,3.837442363874288e-06,-6.8,-42.1,-6.6071391105651855,-42.750267028808594
48.8281,9.2,313.79688,1973.0,-0.680773409477016,1.4332333194033708e-05,-5.6,-37.7,-6.866888523101807,-45.181129455566406
53.8713,8.7058,4.7202148,2012.0,-0.7116566222817751,2.2296158931567334e-05,-9.08,-60.67,-8.074788093566895,-55.298301696777344
41.91172742,2.763346411,139.71094,2010.0,0.741222010848596,0.0,-9.94,-74.45,-5.10671854019165,-28.708595275878906
11.11,124.65,479.0625,1998.0,0.6994583270516471,0.0,-0.85,5.2,-3.8827271461486816,-17.253883361816406
46.60305556,13.67138889,2148.125,2017.0,-0.9796136916454901,0.0,-19.271,-139.24,-8.602628707885742,-63.35266876220703
6.48,38.51,2779.625,2000.0,0.7295575540864875,0.0,-4.47,-23.6,-0.6996216773986816,12.535179138183594
48.18427778,16.389575,201.11719,2003.0,0.9634705485641488,2.6815541787073016e-05,-7.11,-44.0,-9.657398223876953,-68.55399322509766
45.32,-75.67,112.08594,1995.0,-0.2135209154397959,2.267234776809346e-05,-6.6,-43.3,-7.393369674682617,-52.692481994628906
-34.05,115.0249,77.78125,2017.0,-0.3131070409358267,2.171759660996031e-06,-4.6,-17.1,-3.356253147125244,-12.326881408691406
36.62,127.46,80.589844,2011.0,-0.7236440382959123,0.0,-7.81,-45.8,-6.866888523101807,-45.181129455566406
47.8008,11.0108,974.96875,1991.0,-0.2135209154397959,0.0,-7.99,-55.0,-7.827325344085693,-53.22559356689453
-33.97,18.6,41.798828,1974.0,0.6994583270516471,3.2982601538833485e-08,-1.65,1.8,-3.3732361793518066,-12.485816955566406
47.37233597,8.083138245,397.48438,2016.0,0.2386727660059501,8.251392864622176e-05,-13.03,-93.88,-11.061605453491211,-80.3154067993164
1.6,103.6666667,43.185547,2020.0,-0.27195815753410524,0.0003084389027208,-7.5,-48.5,-6.866888523101807,-45.181129455566406
38.79273611,-9.105733333,36.355469,2002.0,-0.4635502709028512,2.8751714125974104e-05,-0.96,5.9,-3.710470676422119,-15.641822814941406
-75.58333333,-20.56666667,105.53516,1995.0,0.9760105506323683,2.0401714411689814e-06,-23.68,-181.6,-18.83504295349121,-151.49948120117188
31.2025,29.87666667,-7.1420898,2001.0,-0.5808002734538013,9.071436579688452e-06,-5.85,-29.9,-4.147177219390869,-19.728736877441406
49.0392,8.365,112.44141,1989.0,0.29671281927349075,0.0,-4.94,-30.7,-6.866888523101807,-45.181129455566406
4.05,114.81,27.053711,2009.0,-0.8758917051442433,8.738206088310108e-05,-11.91,-78.82,-8.079473495483398,-62.481178283691406
4.427,117.9086111,399.76562,2008.0,-0.970063921851507,0.0,-8.92,-56.31,-7.479320526123047,-54.36273193359375
-34.05,115.0249,77.78125,2012.0,-0.9796136916454901,1.835241710068658e-05,-1.78,-1.0,-2.972921848297119,-8.739479064941406
47.25,39.82,80.558594,1990.0,-0.7236440382959123,0.0,-11.0,-82.0,-11.005334854125977,-79.8440933227539
4.693816667,-74.02864167,2599.5,1999.0,0.6994583270516471,0.0,0.7,-4.7,-9.039926528930664,-76.1840591430664
41.05916667,-100.7463889,918.34375,1991.0,-0.9984354211555643,0.0,-14.3,-105.0,-9.338958740234375,-65.88678741455078
4.05,114.81,27.053711,2008.0,-0.9721181966290612,5.523111030925065e-05,-8.07,-59.04,-6.759005069732666,-46.878211975097656
-0.694444444,-90.325,182.40625,1998.0,-0.2135209154397959,5.6248227338073775e-06,-0.95,2.7,-1.5730347633361816,4.361351013183594
50.4972,9.9428,920.40625,1988.0,-0.6932812268869771,0.0,-7.4,-45.9,-6.866888523101807,-45.181129455566406
46.22030867,7.33848445,481.70312,1998.0,-0.2884824328806098,4.013119178125635e-05,-12.92,-112.6,-13.12315559387207,-97.5826187133789
38.00194982,-1.170837424,61.660156,2003.0,-0.680773409477016,0.0,-9.48,-61.93,-3.749289035797119,-16.005104064941406
-40.68,144.69,82.167969,1995.0,-0.7236440382959123,0.0001436192833352,-1.42,-6.6,-4.183569431304932,-20.069313049316406
40.96666667,15.68333333,465.64062,2003.0,0.29671281927349075,0.0,-4.4,-27.0,-5.414839267730713,-31.592140197753906
-15.69166667,-70.25833333,3837.625,2001.0,-0.2884824328806098,0.0,-12.7,-84.9,-9.638509750366211,-84.7240982055664
-0.37,-78.55,3064.0,2008.0,-0.7116566222817751,2.220600435975939e-05,-11.84,-83.0,-8.513898849487305,-68.6791763305664
51.83,6.25,9.5,1980.0,0.7295575540864875,1.3578199286712334e-05,-5.56,-37.1,-6.866888523101807,-45.181129455566406
52.1,5.18,1.7967529,2007.0,0.26366549272800704,0.0001501341175753,-6.68,-48.83,-6.902497291564941,-45.4793815612793
64.74313611,-148.3142861,346.375,2004.0,-0.6420547132365636,5.654440610669553e-05,-14.92,-121.1,-16.95467185974121,-129.67477416992188
7.189444444,-72.87166667,3321.375,2005.0,0.9510565162951535,2.632388896017801e-05,-3.58,-13.84,-4.686883449554443,-33.08637237548828
22.31666667,114.1666667,34.056641,2019.0,-0.2884824328806098,0.0,-7.55,-49.7,-3.3392701148986816,-12.167945861816406
47.98,-55.82,119.36328,2009.0,-0.9587178169872964,0.0,-9.8,-67.2,-7.039663314819336,-47.54058837890625
-27.17,-109.43,140.28906,2012.0,-0.7116566222817751,2.2590878870687447e-05,-1.65,-4.5,-3.2228150367736816,-11.078102111816406
60.18008889,24.83286111,14.698242,2010.0,0.2386727660059501,0.0,-19.97,-145.0,-13.573320388793945,-101.3531265258789
54.0967,13.4056,1.5458374,2004.0,0.2386727660059501,0.0,-12.55,-91.0,-10.107563018798828,-72.32450103759766
36.38,28.1,62.691406,1968.0,0.2386727660059501,0.0,-5.07,-31.0,-5.5240159034729,-32.613868713378906
-20.47,-54.67,554.875,1979.0,-0.9587178169872964,3.2555828511249274e-05,-5.5,-30.0,-2.2086853981018066,-1.5873794555664062
50.4972,9.9428,920.40625,1987.0,0.741222010848596,1.9931152564822696e-05,-11.54,-82.4,-9.180377960205078,-64.55854034423828
47.07777778,15.44888889,370.03125,1974.0,-0.9741004551724206,2.283905996591784e-05,-12.49,-89.1,-9.254552841186523,-65.17981719970703
46.98141401,6.607999655,1046.0625,1998.0,0.9760105506323683,0.0,-13.05,-94.7,-11.767545700073242,-86.2282485961914
11.25,75.78,7.1804199,2003.0,-0.9587178169872964,0.0,-2.59,-8.0,-4.173864841461182,-19.978492736816406
43.73238889,7.423583333,8.8959961,2013.0,0.2386727660059501,2.936639430117793e-05,-6.29,-40.45,-6.710098743438721,-43.71381378173828
-75.58333333,-20.56666667,105.53516,1992.0,0.2802306751992159,0.0,-25.1,-204.2,-20.49802017211914,-165.21994018554688
-0.37,-78.55,3064.0,1996.0,-0.6932812268869771,0.0,-6.75,-47.3,-7.243721008300781,-51.977577209472656
41.58194444,12.95694444,36.330078,2001.0,-0.2135209154397959,0.0001502242084825,0.36,2.08,-3.6886353492736816,-15.437477111816406
52.1042,8.7519,134.42188,1994.0,-0.9587178169872964,0.0,-10.34,-73.1,-6.739936828613281,-44.20799255371094
52.1042,8.7519,134.42188,2008.0,-0.23030567023061196,0.0,-6.21,-35.6,-6.382265567779541,-40.645790100097656
65.11666667,57.1,53.808594,1983.0,0.29671281927349075,7.32029220671393e-05,-11.0,-90.0,-11.95937728881836,-87.83499908447266
47.8008,11.0108,974.96875,2001.0,-0.9587178169872964,0.0,-9.8,-64.36,-8.641969680786133,-60.048927307128906
19.28,166.65,4.0,1968.0,-0.23030567023061196,0.0001280123105971,-2.55,-6.8,-2.701193332672119,-6.196510314941406
50.4972,9.9428,920.40625,2005.0,-0.680773409477016,0.0,-9.01,-60.2,-6.866888523101807,-45.181129455566406
62.89179444,27.62542222,94.585938,2014.0,-0.9587178169872964,0.0,-14.16,-99.5,-10.800714492797852,-78.1302261352539
47.42692898,9.400776879,758.46875,2010.0,-0.9587178169872964,0.0,-13.71,-99.88029637,-8.599767684936523,-59.69544219970703
46.39864119,6.233803787,434.125,2009.0,-0.2884824328806098,0.0001670325145823,-13.31,-95.99908311,-12.447908401489258,-91.9268569946289
36.88,30.7,0.0,2019.0,-0.7236440382959123,2.5767783881747164e-05,-3.0,-3.8,-4.827711582183838,-26.097511291503906
35.68,51.32,1161.1875,1974.0,-0.7236440382959123,2.2512553186970763e-05,-0.52,0.5,-4.756140232086182,-25.427711486816406
52.4672,13.4019,47.5625,1990.0,-0.2135209154397959,0.0,-4.37,-32.4,-6.590307712554932,-42.592750549316406
13.73,100.5,5.7392578,2013.0,-0.9587178169872964,9.06112909433432e-05,-10.67,-76.4,-7.461843967437744,-53.669410705566406
46.72738634,8.186782163,600.90625,2017.0,0.9760105506323683,0.0,-11.25,-81.9,-11.332727432250977,-82.5862808227539
50.4972,9.9428,920.40625,2012.0,-0.7116566222817751,0.0,-12.01,-81.73,-10.394031524658203,-74.72391510009766
42.58834633,-5.651107617,911.78125,2016.0,-0.27195815753410524,5.393230094341561e-05,-11.78,-80.0,-9.792959213256836,-69.6894302368164
49.0975,19.59,572.9375,2002.0,-0.2135209154397959,1.7413318346370943e-05,-5.28,-35.0,-7.529986381530762,-50.735130310058594
52.2914,10.4464,80.6875,2003.0,-0.2135209154397959,0.0002073444920824,-4.01,-30.65,-6.459295749664307,-41.366676330566406
38.05011111,23.8675,438.375,2003.0,0.3536761221763716,6.222119282028871e-06,-5.97,-27.1,-5.292318820953369,-30.445533752441406
40.40725278,-3.686133333,653.5,2003.0,0.811539059007361,0.0,-9.66,-61.5,-7.622065544128418,-51.506370544433594
51.3744,11.2919,162.88281,2004.0,0.2386727660059501,0.0,-13.81,-105.1,-10.074312210083008,-72.0459976196289
76.76666667,-18.66666667,0.0,2010.0,-0.2884824328806098,0.0,-22.18,-171.9,-17.906156539916992,-137.64425659179688
24.35,109.4,101.74609,1991.0,-0.2884824328806098,0.0,-3.92,-33.1,-3.293173313140869,-11.736549377441406
60.72,-135.07,695.0,1963.0,-0.680773409477016,0.0,-14.5,-115.7,-22.244108200073242,-173.97824096679688
51.35,12.43,125.46484,2008.0,0.2802306751992159,2.8130936698289588e-05,-5.23,-42.8,-7.802387237548828,-53.01671600341797
17.03333333,54.11666667,14.982422,1988.0,-0.37770796520396466,0.0,-0.1,7.6,-1.1169190406799316,8.629905700683594
41.91172742,2.763346411,139.71094,2017.0,0.9510565162951535,5.78870385652408e-05,-5.18,-31.4,-5.751467227935791,-34.742469787597656
46.72738634,8.186782163,600.90625,2019.0,0.29671281927349075,0.0001499557984061,-4.12,-21.2,-7.367249488830566,-49.3720703125
-31.95,115.97,20.375,1965.0,-0.7236440382959123,0.0,-3.4,-18.0,-3.273764133453369,-11.554908752441406
10.88,-74.78,22.039062,1974.0,0.29671281927349075,3.345609229654656e-07,-1.33,-3.3,-4.531721591949463,-23.327491760253906
47.81666667,13.71777778,1616.0625,2020.0,-0.5595892624101763,0.0001129185693571,-14.014,-103.5,-10.498899459838867,-75.6022720336914
36.98,35.3,22.958008,2015.0,0.6994583270516471,9.69163593254052e-05,-7.07,-37.5,-4.809515476226807,-25.927223205566406
43.941,10.237,5.9284668,2020.0,-0.23030567023061196,5.176595550437924e-06,-5.01,-30.87,-3.962790012359619,-18.003150939941406
49.7478,6.6581,259.26562,2008.0,0.7295575540864875,4.54769360658247e-05,-4.25,-25.65,-7.028906345367432,-46.53816223144531
46.25,48.03,-22.556641,1999.0,0.2386727660059501,1.882163451227825e-05,-10.3,-81.8,-14.258798599243164,-107.0945816040039
37.01,-7.96,0.0,1983.0,-0.2884824328806098,9.05749220692087e-06,-4.49,-20.2,-5.292318820953369,-30.445533752441406
36.83,10.23,0.0,2006.0,-0.2884824328806098,0.0,-2.92,-5.87,-5.624701023101807,-33.556129455566406
22.7,90.36,5.9089355,2021.0,0.29671281927349075,0.0002866357681341,-3.7,-21.1,-4.562048435211182,-23.611305236816406
-0.121944444,-67.14916667,97.964844,1973.0,-0.7236440382959123,9.08368019736372e-05,-5.4,-30.0,-3.2955994606018066,-11.759254455566406
48.75,-91.62,405.375,1978.0,0.6994583270516471,0.0,-28.3,-223.0,-20.075132369995117,-155.81124877929688
42.025,35.15833333,61.443359,2009.0,-0.2135209154397959,0.0,-4.67,-27.1,-4.865316867828369,-26.449440002441406
52.1042,8.7519,134.42188,1988.0,-0.9634705485641486,0.0,-7.61,-54.9,-6.759918212890625,-44.669471740722656
19.28,166.65,4.0,1975.0,-0.9587178169872964,0.0001530296576675,-1.92,-10.5,-3.720175266265869,-15.732643127441406
2.816666667,101.5833333,1.5,2003.0,-0.9587178169872964,8.353786688530818e-05,-7.53,-45.12,-6.708985805511475,-46.378944396972656
-6.18,106.83,5.1230469,1993.0,0.9760105506323683,0.0001006501915981,-6.66,-41.6,-5.701124668121338,-34.271339416503906
4.05,114.81,27.053711,2007.0,-0.2967128192734901,0.0,-4.61,-32.4,-6.866888523101807,-45.181129455566406
48.8281,9.2,313.79688,1961.0,0.9760105506323683,3.134382495773025e-05,-8.9,-60.7,-10.112678527832031,-72.36734771728516
47.59583333,7.594444444,248.26562,1987.0,-0.9587178169872964,1.7869351722765714e-05,-10.04,-71.1,-6.946208953857422,-46.80877685546875
47.4828,11.0622,716.1875,1993.0,0.9510565162951535,4.0525366785004735e-05,-11.23,-81.9,-11.87752914428711,-87.14945220947266
60.18008889,24.83286111,14.698242,2017.0,-0.680773409477016,0.0,-8.79,-59.1,-8.627740859985352,-61.72479248046875
47.37233597,8.083138245,397.48438,2004.0,0.2802306751992159,9.587061504134908e-05,-7.63,-55.25689083,-7.532544136047363,-50.756553649902344
2.883333333,101.7833306,55.289062,1998.0,0.29671281927349075,8.834201435092837e-05,-7.82,-54.4,-6.018343448638916,-37.240028381347656
46.60305556,13.67138889,2148.125,1978.0,0.29671281927349075,0.0,-7.92,-48.7,-8.717551231384277,-63.040931701660156
19.28,166.65,4.0,1969.0,0.9510565162951535,4.546259788185125e-06,2.78,21.7,-2.186850070953369,-1.3830337524414062
-33.11011944,-64.24918333,408.09375,2021.0,0.6994583270516471,0.0,-4.51,-26.4,-6.333439350128174,-40.18885040283203
17.45,78.47,527.28125,1998.0,0.29671281927349075,0.0,-1.5,-5.5,-2.502249240875244,-4.334693908691406
4.05,114.81,27.053711,2008.0,-0.9338372288229252,0.0002109053457388,-7.72,-56.74,-7.957035541534424,-60.734352111816406
47.833185,1.940433,113.78516,2009.0,-0.680773409477016,0.0,-1.5,-10.4,-5.823645114898682,-35.417945861816406
60.18008889,24.83286111,14.698242,2017.0,0.6994583270516471,6.747450697730528e-06,-13.48,-101.6,-14.304838180541992,-107.4802017211914
38.79273611,-9.105733333,36.355469,2015.0,0.29671281927349075,2.6441844056535047e-06,-3.84,-18.2,-3.851187229156494,-16.958717346191406
49.82,-74.97,386.4375,2004.0,-0.6932812268869771,0.0,-10.51,-75.5,-9.728958129882812,-73.37970733642578
0.453055556,33.195,1174.25,2015.0,-0.7236440382959123,0.000131355409394,-3.6,-14.5,-2.657522678375244,-5.787818908691406
-31.95,115.78,12.910645,1983.0,-0.2884824328806098,0.0,-3.93,-19.5,-3.234945774078369,-11.191627502441406
-0.694444444,-90.325,182.40625,2006.0,-0.7236440382959123,2.827812522809836e-06,-1.9,-3.75,-2.012167453765869,0.25173187255859375
64.13,-21.93,12.141602,2003.0,-0.7236440382959123,5.8783716667676345e-05,-9.24,-65.1,-9.475797653198242,-67.0329360961914
51.18,8.4889,841.375,2013.0,0.741222010848596,0.0,-9.72,-67.5,-8.407936096191406,-58.08869171142578
42.14,41.7,0.0,2014.0,-0.2884824328806098,8.75685418577632e-06,-11.17,-76.6,-10.949064254760742,-79.3727798461914
-0.743055556,-90.30222222,1.7120972,2013.0,0.6551563572090853,2.799886533466633e-05,-1.890123596,-6.97375905,-2.2086853981018066,-1.5873794555664062
36.34064444,43.12988333,231.57812,2024.0,0.2219215130041655,0.0,-7.28,-39.56,-5.670191287994385,-33.981849670410156
-1.68218,29.22716,1527.1875,2021.0,0.9760105506323683,3.505019412841648e-05,-2.89,-11.0,-2.871023654937744,-7.785865783691406
42.025,35.15833333,61.443359,2010.0,0.9760105506323683,0.0,-5.978745245,-39.44410598,-8.650922775268555,-60.12390899658203
1.35,103.9,20.787109,1969.0,0.29671281927349075,0.0002020849351538,-7.0,-40.9,-6.866888523101807,-45.181129455566406
9.316666667,42.11666667,1932.8125,2002.0,-0.2135209154397959,0.0,-1.39,3.1,-1.6409668922424316,3.7256088256835938
47.42692898,9.400776879,758.46875,2007.0,0.6994583270516471,1.5459048881893978e-05,-12.41,-92.72868784,-12.71391487121582,-94.1548843383789
51.93,-10.25,33.068359,1965.0,-0.9587178169872964,3.560990808182396e-05,-6.2,-43.4,-5.175863742828369,-29.355690002441406
41.733333,43.516667,0.0,2009.0,0.9760105506323683,0.0,-13.09,-93.0,-9.01284408569336,-63.155311584472656
-34.05,115.0249,77.78125,2013.0,-0.16280701293851646,1.3857508747605609e-05,-4.48,-23.0,-3.3004517555236816,-11.804664611816406
33.96666667,-4.983333333,500.04688,1996.0,0.6994583270516471,0.0,-3.07,-10.2,-4.54385232925415,-23.441017150878906
9.4778,-75.469,40.359375,2020.0,-0.9634705485641486,0.0,-4.24,-22.6,-5.610144138336182,-33.419898986816406
52.1042,8.7519,134.42188,1984.0,-0.9634705485641486,0.0,-9.15,-63.4,-6.628471374511719,-43.15733337402344
49.7478,6.6581,259.26562,1988.0,-0.7116566222817751,3.057394496863708e-05,-11.21,-87.2,-9.165031433105469,-64.43000030517578
64.13,-21.93,12.141602,2008.0,-0.23030567023061196,3.685189585667104e-05,-6.8,-52.81,-8.186689376831055,-56.235572814941406
43.91281944,4.888775,30.959961,2020.0,0.6994583270516471,1.718715429888107e-05,-4.98,-34.1,-5.9868035316467285,-36.944862365722656
10.18183333,-84.21931389,2519.0,1999.0,0.29671281927349075,0.0001454134762752,-19.56,-143.04,-9.331962585449219,-80.3505630493164
35.68,139.77,22.099609,1978.0,0.6994583270516471,4.895470738119911e-06,-3.77,-14.4,-5.868528842926025,-35.837989807128906
-21.54022,-64.69846,1877.5,2009.0,0.9760105506323683,0.0,-7.46,-39.0,-7.038344383239746,-48.856910705566406
43.933,-60.007,2.6035156,2019.0,-0.970063921851507,0.0,-4.53,-25.65,-6.4750657081604,-41.514259338378906
-1.43,-48.48,4.737793,1976.0,-0.9634705485641486,0.0,0.34,7.1,-1.9660706520080566,0.6831283569335938
50.3119,11.8758,564.53125,1993.0,-0.7236440382959123,4.411259578773752e-05,-13.13,-98.4,-10.662595748901367,-76.9733657836914
-35.07,173.28,71.449219,1987.0,0.2386727660059501,5.819058060296811e-06,-4.11,-21.9,-4.853186130523682,-26.335914611816406
41.733333,43.516667,0.0,2008.0,0.7295575540864875,0.0,-9.28,-58.8,-5.517950534820557,-32.557106018066406
46.60305556,13.67138889,2148.125,2001.0,-0.9368813462954315,0.0,-5.4,-45.6,-8.483331680297852,-62.94654083251953
49.0392,8.365,112.44141,2007.0,-0.680773409477016,0.0,-6.54,-41.8,-6.797819137573242,-44.53474426269531
4.05,114.81,27.053711,2011.0,0.15430882066428117,3.753877535928041e-05,-7.201,-45.058,-7.904432773590088,-59.983863830566406
28.46344137,-16.2553441,36.554688,2012.0,0.9721181966290613,4.267830718163168e-06,0.14,8.6,-2.6550965309143066,-5.765113830566406
38.43055556,27.15111111,13.000488,2018.0,-0.7236440382959123,0.0002977183030452,-4.13,-19.5,-5.386938571929932,-31.331031799316406
-34.90416667,-56.16666667,34.734375,2014.0,0.29671281927349075,0.0,-3.91,-15.8,-5.414839267730713,-31.592140197753906
50.06166667,19.84861111,356.8125,1989.0,0.6994583270516471,0.0,-9.56,-66.2,-13.527280807495117,-100.9675064086914
50.12,-104.42,580.5,2008.0,0.7295575540864875,9.49792520259507e-05,-9.73,-67.9,-15.148897171020508,-114.5499038696289
51.83,6.25,9.5,1994.0,0.29671281927349075,0.0,-4.99,-34.8,-6.67461633682251,-43.381752014160156
50.06166667,19.84861111,356.8125,2010.0,-0.9741004551724206,2.0314739231253043e-05,-8.71,-55.6,-9.099373817443848,-64.5706558227539
9.0,38.73,2329.125,2007.0,-0.9587178169872964,0.0,-0.41,12.2,-0.7578492164611816,11.990257263183594
28.276976,84.30961,2101.5,2016.0,-0.8359254794186365,0.0,-4.921196936,-45.74206956,-9.043554306030273,-76.2358169555664
-23.0,-47.13333333,635.21875,1998.0,-0.9988797155850335,2.7325515929987887e-06,-0.86,6.89,-2.730307102203369,-6.468971252441406
43.83758,10.35235,-1.0,2010.0,-0.2884824328806098,0.0003305358113721,-4.82,-33.14,-6.286129474639893,-39.74610137939453
-75.58333333,-20.56666667,105.53516,2015.0,-0.9741004551724206,0.0,-23.87,-183.0,-22.611783981323242,-182.35812377929688
48.8281,9.2,313.79688,1987.0,-0.7236440382959123,0.0001116909115808,-9.44,-64.9,-10.250797271728516,-73.52420806884766
46.72738634,8.186782163,600.90625,2016.0,-0.970063921851507,0.0,-10.04,-72.23,-9.642051696777344,-68.42545318603516
-40.68,144.69,82.167969,1998.0,0.29671281927349075,1.6537571355002e-05,-1.92,-8.3,-4.674864292144775,-24.667091369628906
28.58,77.2,222.79688,1966.0,0.2386727660059501,0.0001034238739521,2.6,31.5,-0.5589051246643066,13.852073669433594
47.07777778,15.44888889,370.03125,1997.0,0.2386727660059501,7.850604561099317e-06,-14.47,-103.5,-12.110284805297852,-89.0989761352539
32.53,35.85,648.125,1992.0,0.2386727660059501,2.9710832677665167e-05,-8.54,-42.0,-5.354185581207275,-31.024513244628906
45.8,28.2,40.330078,2018.0,-0.680773409477016,0.0,-12.1,-80.8,-6.631703853607178,-42.98015594482422
-0.377777778,-78.14166667,3127.375,1993.0,-0.7236440382959123,0.0,-11.41,-84.5,-8.452226638793945,-67.7992935180664
24.91,91.84533333,16.452148,2012.0,-0.9634705485641486,0.0,-7.38,-48.02,-7.517621040344238,-54.465187072753906
-1.5075,-77.94388889,958.9375,2017.0,0.9510565162951535,0.0004745908081531,-7.11,-50.5,-6.981898307800293,-46.836185455322266
16.77,96.17,10.356445,1962.0,-0.9741004551724206,3.342791023897007e-05,-7.6,-51.4,-7.247616291046143,-52.32343292236328
39.95,32.88,920.125,2000.0,-0.9634705485641486,0.0,-12.64,-88.25,-5.574965000152588,-33.090675354003906
-2.716666667,-78.33333333,755.28125,1992.0,-0.9634705485641486,0.0,-3.65,-19.8,-2.997183322906494,-8.966529846191406
52.88333333,-1.083333333,60.794922,1988.0,0.9721181966290613,2.2304766389424916e-05,-5.5,-37.0,-7.524255752563477,-51.936065673828125
8.983333333,-79.53333333,52.037109,2004.0,0.9562348265919056,0.0,1.03,10.7,-2.9462342262268066,-8.489723205566406
54.6789,13.4342,38.980469,2002.0,-0.2135209154397959,7.464639929821715e-05,-6.17,-40.6,-6.686898708343506,-43.49669647216797
2.883333333,101.7833306,55.289062,2000.0,0.9562348265919056,0.0,-7.94,-52.8,-5.614996433258057,-33.465309143066406
33.27722222,44.38765833,39.535156,2015.0,-0.780295851070776,7.674267180846073e-06,-0.84,2.34,-2.511953830718994,-4.425514221191406
28.46344137,-16.2553441,36.554688,2014.0,0.9760105506323683,0.0,-1.48,-15.2,-2.5677552223205566,-4.947731018066406
-0.316666667,-78.96666667,918.15625,1992.0,-0.970063921851507,0.0,-1.93,-3.8,-3.594015598297119,-14.551979064941406
6.2,100.4,3.8469238,2015.0,-0.2135209154397959,0.0,-5.08,-27.9,-6.4962944984436035,-41.712928771972656
49.0975,19.59,572.9375,2008.0,0.6994583270516471,2.4883011064957827e-05,-11.73,-87.27,-12.719030380249023,-94.1977310180664
25.7325,-80.16323611,3.5220947,2006.0,0.9873494423939864,0.0,-1.3,-2.5,-2.3105835914611816,-2.5409927368164062
28.58,77.2,222.79688,1979.0,0.6994583270516471,0.0,0.38,17.8,-0.5297913551330566,14.124534606933594
14.64,121.04,42.933594,2011.0,0.29671281927349075,0.0,-7.57,-51.7,-6.571505069732666,-42.416786193847656
54.5275,9.5486,43.292969,2004.0,-0.9634705485641486,5.31583464180585e-05,-5.595,-34.15,-7.082728862762451,-46.98381805419922
-17.97472,-67.08,3703.375,2010.0,0.6994583270516471,3.730200478457846e-05,-16.42,-118.5,-11.263753890991211,-107.9115982055664
52.4672,13.4019,47.5625,2010.0,-0.2884824328806098,2.7642272470984608e-05,-13.5,-103.82,-10.644691467285156,-76.82340240478516
48.24861111,16.35638889,200.63281,1996.0,-0.9634705485641486,0.0,-10.19,-70.9,-7.919873237609863,-56.267539978027344
-23.8,133.88,544.75,1983.0,-0.7236440382959123,0.0,-3.0,-13.7,-1.8010926246643066,2.2270736694335938
47.07777778,15.44888889,370.03125,1989.0,0.29671281927349075,9.693990432424472e-05,-7.43,-48.5,-8.106121063232422,-55.56073760986328
53.7122,7.1519,8.8525391,2006.0,0.9760105506323683,0.0,-7.14,-48.43,-7.657114028930664,-52.458457946777344
6.9506,79.8795,3.7172852,2009.0,-0.9587178169872964,1.3765414223598782e-05,-1.66,-2.77,-3.9361023902893066,-17.753395080566406
46.05,-74.28,363.76562,1977.0,0.6994583270516471,0.0,-14.6,-103.0,-16.19757652282715,-123.3334732055664
43.49111613,-3.800555816,50.095703,2002.0,0.741222010848596,5.975084786769003e-05,-3.54,-19.03,-5.443953037261963,-31.864601135253906
52.1042,8.7519,134.42188,1992.0,-0.970063921851507,0.000120088137919,-10.54,-69.7,-7.76651668548584,-53.88139724731445
41.13333333,-8.6,59.621094,1994.0,-0.9587178169872964,0.0,-2.77,-8.8,-4.399496555328369,-22.090065002441406
51.93,-10.25,33.068359,2008.0,0.6994583270516471,2.725543708947953e-05,-6.59,-39.28,-6.062392711639404,-37.84466552734375
32.18,118.18,39.578125,1992.0,0.2802306751992159,0.0,-8.4,-53.3,-6.729811191558838,-43.898292541503906
23.95277778,90.27916667,23.626953,2019.0,0.9510565162951535,0.0,-0.82,7.7,-2.080099582672119,-0.38401031494140625
49.7703,9.9578,265.90625,2013.0,-0.680773409477016,0.0,-7.64,-51.78,-6.361643314361572,-40.452796936035156
28.58,77.2,222.79688,1961.0,-0.9741004551724206,0.0,-6.1,-44.6,-6.866888523101807,-45.181129455566406
22.06538333,-80.48231667,32.125,2018.0,0.9510565162951535,0.0,-1.15,5.5,-2.157736301422119,-1.1105728149414062
47.81666667,13.71777778,1616.0625,2022.0,0.5808002734538009,0.0,-10.324,-71.61,-8.835081100463867,-61.66638946533203
52.09444444,23.70583333,142.89844,1982.0,-0.2135209154397959,1.3973005479783753e-05,-5.5,-43.0,-6.911598205566406,-45.521785736083984
7.17,2.07,154.96875,2016.0,0.7295575540864875,0.0001187134694191,-5.14,-23.5,-2.7909607887268066,-7.036598205566406
5.383333333,103.1,10.330566,2019.0,0.29671281927349075,2.1962525352137163e-05,-7.85,-52.3,-6.250647068023682,-39.414039611816406
19.2,-96.13,0.0,1982.0,-0.9587178169872964,0.0,-4.21,-21.7,-5.064260959625244,-28.311256408691406
-18.91472222,47.55805556,1278.5,2021.0,0.2386727660059501,5.662768671754748e-05,-4.09,-19.1,-5.144323825836182,-29.060523986816406
46.95222563,7.439320571,542.53125,2011.0,-0.9587178169872964,0.0,-6.97,-45.33,-7.811978816986084,-53.09705352783203
55.7,37.51666667,199.46875,2019.0,0.29671281927349075,4.853698919760063e-05,-7.43,-52.3,-9.084461212158203,-63.755165100097656
-54.78,-68.28,104.83984,1989.0,0.6994583270516471,0.0,-10.5,-84.0,-8.57375717163086,-69.5331802368164
54.35333333,-6.648333333,61.966797,2013.0,0.9510565162951535,0.0,-11.24,-78.36,-7.087891101837158,-48.009986877441406
-65.07944444,-63.9775,286.6875,1988.0,-0.9634705485641486,9.221242567878949e-08,-12.04,-98.7,-7.773919105529785,-93.908447265625
42.58834633,-5.651107617,911.78125,2011.0,0.29671281927349075,0.0,-2.83,-22.2,-5.707796573638916,-34.333778381347656
36.846389,-2.356942,16.541016,2016.0,0.2386727660059501,0.0,-0.39,-2.6,-5.547064304351807,-32.829566955566406
13.73,100.5,5.7392578,1984.0,-0.7116566222817751,0.0,-3.25,-19.7,-5.561621189117432,-32.965797424316406
23.95277778,90.27916667,23.626953,2010.0,-0.9587178169872964,0.0,-7.007369244,-45.20810052,-7.356184959411621,-52.161964416503906
49.0392,8.365,112.44141,1993.0,0.2386727660059501,0.0,-6.13,-46.2,-9.613916397094727,-68.1897964477539
51.93,-10.25,33.068359,1963.0,-0.9741004551724206,2.071298695227597e-05,-4.8,-29.8,-5.709616184234619,-34.350807189941406
39.1,117.1666667,3.3602295,1988.0,0.7295575540864875,0.0,-4.95,-38.7,-7.153298377990723,-47.32048797607422
30.61,34.8,859.8125,1977.0,-0.154308820664281,0.0,-6.81,-22.5,-4.363104343414307,-21.749488830566406
46.49143367,9.898180888,1767.6875,2004.0,0.9562348265919056,0.0,-22.35,-170.2489597,-13.829095840454102,-103.4954605102539
-3.72,-38.55,19.124023,1983.0,-0.2884824328806098,0.0,-1.2,7.0,-2.283895969390869,-2.2912368774414062
41.67805556,26.55916667,95.183594,2014.0,0.29671281927349075,6.612775177927688e-05,-5.74,-35.1,-5.767237186431885,-34.890052795410156
55.7,37.51666667,199.46875,2020.0,-0.9634705485641486,0.0,-9.47,-65.9,-9.785285949707031,-69.62516021728516
40.45801195,-1.598681669,1425.875,2013.0,0.29671281927349075,3.924470001948066e-05,-5.71,-36.5,-5.751467227935791,-34.742469787597656
46.25,48.03,-22.556641,1984.0,-0.23030567023061196,0.0,-3.7,-28.0,-6.866888523101807,-45.181129455566406
54.5275,9.5486,43.292969,2013.0,-0.9587178169872964,8.094695658655837e-05,-7.0555,-50.76166667,-7.136571884155273,-47.4399528503418
-40.68,144.69,82.167969,2005.0,0.9510565162951535,0.0,-2.34,-7.9,-4.71853494644165,-25.075782775878906
-26.81666667,-65.21666667,453.07812,2002.0,-0.2135209154397959,0.0,-3.7,-15.0,-6.123274326324463,-38.222023010253906
-37.82,144.97,6.1674805,1969.0,0.6994583270516471,0.0,-5.86,-35.4,-4.969641208648682,-27.425758361816406
51.3,3.75,9.4589844,1989.0,-0.2135209154397959,0.0,-3.34,-24.2,-6.3167595863342285,-40.032752990722656
31.95765,35.84828333,916.125,1990.0,0.2386727660059501,0.0001518989301985,-7.37,-36.4,-5.425756931304932,-31.694313049316406
-35.07,173.28,71.449219,1975.0,0.2386727660059501,0.0,-4.41,-19.2,-4.85439920425415,-26.347267150878906
46.17378583,8.788556051,407.5,2010.0,0.9510565162951535,1.4007778190716635e-05,-8.15,-56.00954899,-9.954097747802734,-71.03910064697266
22.31666667,114.1666667,34.056641,1990.0,0.741222010848596,0.0002799990179482,-5.21,-29.1,-4.616636753082275,-24.122169494628906
-65.07944444,-63.9775,286.6875,1980.0,0.7295575540864875,9.478794203864204e-07,-13.68,-104.8,-8.858537673950195,-73.5961685180664
43.49111613,-3.800555816,50.095703,2020.0,0.6994583270516471,6.605474482057616e-05,-2.34,-7.5,-5.606504917144775,-33.385841369628906
54.0967,13.4056,1.5458374,2003.0,0.2386727660059501,0.0,-10.88,-76.6,-10.102447509765625,-72.28165435791016
-33.45,-70.7,507.65625,1990.0,-0.9587178169872964,0.0,-7.4,-56.0,-5.4657883644104,-32.068946838378906
28.50444444,-16.30333333,570.6875,2010.0,-0.9398560579418953,1.684588278294541e-05,-2.76,-8.49,-3.1694397926330566,-10.578590393066406
47.81666667,13.71777778,1616.0625,2020.0,0.6994583270516471,0.0,-11.708,-81.14,-12.719030380249023,-94.1977310180664
51.116535,17.029468,118.94141,2007.0,-0.7909456567567774,0.0,-15.34209401,-105.7902808,-8.177738189697266,-56.16059112548828
51.83,6.25,9.5,2005.0,-0.7236440382959123,4.395009818836115e-05,-8.69,-63.6,-7.88679313659668,-53.72368621826172
10.88,-74.78,22.039062,1977.0,-0.9587178169872964,6.067210415494628e-05,-5.34,-31.8,-5.6956658363342285,-34.220252990722656
72.58,-38.4799,3202.0,2012.0,0.9141279881853337,4.116162381251343e-05,-36.69118725,-293.2891505,-34.02001190185547,-272.6112976074219
6.2,100.4,3.8469238,1994.0,0.9510565162951535,3.3833472116384655e-05,-6.8,-44.4,-5.374807834625244,-31.217506408691406
52.1,5.18,1.7967529,1995.0,-0.9999166586547379,0.0,-6.42,-38.8,-6.866888523101807,-45.181129455566406
46.49722222,28.3,150.79688,2014.0,0.6994583270516471,0.0,-9.7,-63.4,-12.212594985961914,-89.9559097290039
24.35,109.4,101.74609,1989.0,0.6994583270516471,0.0,-1.54,-2.0,-2.754568576812744,-6.696022033691406
44.038,10.18,783.40625,2021.0,0.401487989205973,0.0002327816328033,-10.38,-65.98,-6.866888523101807,-45.181129455566406
78.07,13.63,0.0,1973.0,0.6994583270516471,2.594809757283656e-06,-6.16,-35.2,-11.048816680908203,-80.20829010009766
1.6,103.6666667,43.185547,2018.0,-0.2884824328806098,0.0002419903612462,-6.85,-44.1,-6.866888523101807,-45.181129455566406
51.35,12.43,125.46484,1993.0,0.9760105506323683,0.0,-7.8,-57.0,-8.90030288696289,-62.212684631347656
50.7311,13.7514,876.875,2004.0,0.7295575540864875,0.0,-10.03,-67.3,-9.50393295288086,-67.26859283447266
52.93,4.78,0.63311768,1983.0,0.2386727660059501,7.33399938326329e-05,-7.11,-48.5,-8.21226692199707,-56.449806213378906
33.21722222,-87.54305556,64.535156,2006.0,-0.9741004551724206,0.0,-5.0,-27.1,-4.597227573394775,-23.940528869628906
37.77,-25.65,137.14062,1997.0,-0.9587178169872964,3.0010860427864827e-06,-5.66,-32.7,-3.2858948707580566,-11.668434143066406
-15.6,-56.1,177.79688,1986.0,-0.2884824328806098,0.0002323052904102,-2.4,-3.0,-4.331564426422119,-21.454322814941406
51.6,-1.1,55.042969,1993.0,-0.9741004551724206,2.442196819174569e-05,-7.7,-52.0,-6.870599746704102,-44.97991943359375
50.3381,7.6,86.441406,1989.0,0.741222010848596,0.0,-3.86,-27.0,-6.866888523101807,-45.181129455566406
51.77,-104.2,553.34375,1980.0,0.7295575540864875,4.219811307848431e-05,-8.3,-72.0,-15.870183944702148,-120.5912857055664
47.4,28.49166667,94.726562,2021.0,0.741222010848596,0.0,-8.3,-58.4,-7.730770111083984,-52.41686248779297
4.05,114.81,27.053711,2010.0,-0.8958392907349089,0.0005214364500716,-8.39,-52.47,-8.140237808227539,-63.348121643066406
47.42692898,9.400776879,758.46875,2015.0,0.2386727660059501,2.84585385088576e-05,-13.94,-102.0,-12.652528762817383,-93.6407241821289
46.39864119,6.233803787,434.125,2010.0,0.741222010848596,3.592159555410035e-05,-6.77,-47.96633922,-7.455172061920166,-50.108497619628906
46.60305556,13.67138889,2148.125,2001.0,0.8359254794186372,3.578919131541625e-05,-9.68,-64.5,-8.041593551635742,-56.42949676513672
39.95,32.88,920.125,2002.0,0.9922222094179323,0.0,-19.03,-144.05,-8.269817352294922,-56.93183135986328
4.7,-74.13,2551.125,2013.0,0.9760105506323683,2.4035787646425888e-05,-20.03,-151.14,-5.680944442749023,-38.601463317871094
38.71,-27.19,479.5,1999.0,0.29671281927349075,9.298529221268836e-06,-3.38,-12.35,-3.3974976539611816,-12.712867736816406
26.27,50.62,2.3325195,1977.0,-0.9741004551724206,0.0,-0.12,8.4,-1.6021485328674316,4.088890075683594
46.64833333,14.31833333,448.71875,1981.0,-0.680773409477016,4.17452902183868e-05,-7.47,-48.1,-6.6862921714782715,-43.49102020263672
41.66056063,-1.004162565,244.98438,2018.0,0.9760105506323683,0.0,-14.8,-111.3,-6.40501070022583,-40.85865020751953
6.9506,79.8795,3.7172852,2015.0,-0.680773409477016,6.804415170336142e-05,-2.56,-11.6,-3.0287232398986816,-9.261695861816406
51.01666667,-114.0166667,1033.25,1999.0,0.2386727660059501,0.0,-27.7,-209.3,-25.25202751159668,-199.17208862304688
48.8281,9.2,313.79688,1987.0,0.741222010848596,8.6819991338416e-06,-8.37,-65.6,-7.076464653015137,-46.93650436401367
51.93,-10.25,33.068359,2003.0,0.741222010848596,0.0,-5.15,-35.2,-5.57253885269165,-33.067970275878906
38.43055556,27.15111111,13.000488,2017.0,-0.7236440382959123,0.0001178138918476,-4.91,-25.4,-5.338415622711182,-30.876930236816406
-3.12,-60.02,49.394531,1990.0,0.9510565162951535,0.0002049424219876,-7.32,-44.5,-6.540268421173096,-42.12445831298828
47.37233597,8.083138245,397.48438,2014.0,0.9760105506323683,1.3169099474907853e-05,-10.64,-78.6,-10.381242752075195,-74.6167984008789
31.18333333,29.95,-4.0114746,1962.0,0.6994583270516471,8.608352800365537e-06,-5.0,-17.4,-3.7517151832580566,-16.027809143066406
51.93,-10.25,33.068359,2001.0,-0.2135209154397959,1.955346488102805e-05,-4.63,-30.8,-5.206190586090088,-29.639503479003906
28.58,77.2,222.79688,2005.0,0.9510565162951535,0.0,0.22,12.78,-1.8884339332580566,1.4096908569335938
0.05,32.45,1135.4375,1973.0,0.29671281927349075,0.0,1.37,12.7,-1.7962403297424316,2.2724838256835938
47.4828,11.0622,716.1875,1983.0,-0.680773409477016,0.0,-5.86,-39.3,-7.125199317932129,-47.316871643066406
40.7930564,-4.010553289,1892.5,2018.0,-0.2135209154397959,0.0,-7.27,-45.4,-5.981049060821533,-38.00006866455078
60.72,-135.07,695.0,1962.0,-0.7236440382959123,9.446531475987284e-05,-22.7,-171.9,-19.839818954467773,-153.84030151367188
28.46344137,-16.2553441,36.554688,2016.0,0.9721181966290613,0.0,0.01,6.1,-2.4658570289611816,-3.9941177368164062
-33.97,18.6,41.798828,1970.0,0.29671281927349075,0.0003461004525888,-2.7,-7.0,-3.4120545387268066,-12.849098205566406
13.73,100.5,5.7392578,1985.0,-0.9587178169872964,0.0,-7.82,-53.5,-7.370696067810059,-52.368995666503906
-34.05,115.0249,77.78125,2013.0,0.9562348265919056,1.948599219758762e-06,-4.59,-21.1,-4.101080417633057,-19.297340393066406
-37.82,144.97,6.1674805,2010.0,-0.7236440382959123,0.0,-3.83,-17.3,-4.367956638336182,-21.794898986816406
48.18427778,16.389575,201.11719,2001.0,-0.8996308696522434,0.0,-4.88,-29.7,-7.65168571472168,-53.97449493408203
50.06166667,19.84861111,356.8125,1999.0,0.5086709438521044,0.0,-13.76,-98.5,-8.693124771118164,-60.477394104003906
48.36,-4.57,68.214844,1997.0,-0.2884824328806098,3.2809132335387403e-06,-4.8,-24.8,-7.193353652954102,-47.90049743652344
56.9,35.9,136.57812,1986.0,-0.2884824328806098,9.52608297666302e-06,-10.2,-88.0,-15.092626571655273,-114.0785903930664
41.9,13.31666667,1152.75,2002.0,-0.2884824328806098,0.0003001833974849,-12.89,-93.69,-9.821094512939453,-69.92508697509766
50.06166667,19.84861111,356.8125,1990.0,-0.9587178169872964,0.0,-9.72,-67.4,-8.056883811950684,-55.148338317871094
35.87083333,-106.2183333,1944.375,1990.0,-0.6016240632249227,6.475210830103606e-05,-7.86,-57.6,-8.951295852661133,-53.1666374206543
-1.68421,29.01794,1465.6875,2015.0,0.9510565162951535,3.494537668302655e-05,0.324,9.61,-2.720602512359619,-6.378150939941406
55.67,12.3,26.070312,1966.0,-0.2884824328806098,8.366222346012364e-07,-13.23,-94.1,-10.227777481079102,-73.3313980102539
-34.05,115.0249,77.78125,2013.0,-0.622046748440868,0.0,2.69,25.9,-3.254354953765869,-11.373268127441406
47.7,27.88333333,177.36719,2017.0,0.741222010848596,6.430447683669627e-05,-5.23,-36.2,-7.702634811401367,-52.18120574951172
58.38277778,21.81416667,5.9343262,2015.0,-0.9587178169872964,0.0,-9.28,-62.5,-8.978315353393555,-62.86609649658203
46.95222563,7.439320571,542.53125,2007.0,-0.680773409477016,0.0,-10.06,-70.85,-6.4380669593811035,-41.168006896972656
47.47051111,21.49041944,105.30859,2009.0,0.3212696616923644,0.0,-2.72,-30.05,-7.701355934143066,-52.170494079589844
44.81666667,14.98333333,1534.5,2001.0,0.741222010848596,1.685700408415869e-05,-6.79,-41.29,-8.98598861694336,-62.93036651611328
-22.94805556,17.1525,1690.0,1964.0,0.9562348265919056,0.0,-1.0,-7.5,-3.923971652984619,-17.639869689941406
78.91666667,11.93333333,38.650391,2010.0,-0.9741004551724206,0.0001145627247751,-10.89,-86.7,-10.312712669372559,-74.6185073852539
-29.89805556,-71.2425,14.506836,2008.0,-0.9634705485641486,0.0,-6.25,-42.3,-4.079245090484619,-19.092994689941406
4.05,114.81,27.053711,2009.0,0.4937755501599772,0.0,-10.74,-75.4,-6.284916400909424,-39.73474884033203
-38.73263889,-72.58922222,110.76172,1989.0,0.9760105506323683,0.0,-2.7,-18.0,-6.014097690582275,-37.200294494628906
50.06166667,19.84861111,356.8125,2016.0,-0.7116566222817751,7.217181700980291e-05,-12.03,-85.8,-11.693370819091797,-85.60697174072266
46.771245,-65.002861,38.376953,2017.0,0.29671281927349075,0.0,-10.07,-80.55,-8.461648941040039,-58.53858184814453
-15.6,-56.1,177.79688,1962.0,0.9760105506323683,0.0,-2.8,-22.4,-4.198126316070557,-20.205543518066406
3.305997222,-76.10000278,3396.25,2003.0,-0.2884824328806098,0.0,-7.8,-52.0,-8.04410171508789,-61.976539611816406
-34.05,115.0249,77.78125,2013.0,-0.23030567023061196,8.714423165656626e-05,-5.41,-25.0,-3.3198609352111816,-11.986305236816406
48.75,-91.62,405.375,1981.0,0.741222010848596,0.0,-9.7,-71.0,-11.186935424804688,-81.36515045166016
13.73,100.5,5.7392578,1968.0,-0.970063921851507,0.0001282427547266,-7.88,-49.7,-7.434635639190674,-53.281227111816406
53.32,-60.42,46.541016,1964.0,0.2802306751992159,0.0,-13.7,-99.0,-11.087182998657227,-80.5296401977539
50.92,5.78,111.17188,1987.0,-0.2135209154397959,0.0,-7.87,-52.7,-6.1420769691467285,-38.397987365722656
28.276976,84.30961,2101.5,2016.0,-0.6932812268869771,0.0002819339279085,-14.46437123,-107.4172775,-8.889373779296875,-74.0361099243164
3.783333333,103.3333333,8.0805664,2015.0,-0.9587178169872964,0.0,-4.26,-20.7,-6.229024887084961,-41.475440979003906
22.31666667,114.1666667,34.056641,1963.0,-0.7236440382959123,0.0,-1.2,-5.0,-6.060194492340088,-37.631690979003906
10.00036389,-84.10913333,1157.3125,2017.0,-0.7856498550787144,0.0002947576576843,-6.2609318,-35.94913029,-6.2688374519348145,-44.312110900878906
-0.841111111,29.94194444,1574.5,2004.0,-0.7116566222817751,4.394460484036245e-05,-5.6,-32.5,-2.8734498023986816,-7.808570861816406
-0.743055556,-90.30222222,1.7120972,2013.0,-0.060213277365792774,1.3309483620105311e-05,-1.169443678,1.590864991,-1.4856934547424316,5.178733825683594
58.75,-94.06,16.645508,1991.0,0.29671281927349075,0.0,-11.18,-113.4,-15.215398788452148,-115.1069107055664
48.8281,9.2,313.79688,1962.0,-0.2135209154397959,0.0,-5.9,-44.6,-6.3895440101623535,-40.713905334472656
48.545,13.3528,478.40625,2001.0,-0.2135209154397959,0.0001061163202393,-6.52,-44.8,-6.792529106140137,-44.4461784362793
36.15,-5.35,1.5737915,2003.0,-0.9587178169872964,0.0,-6.28,-38.6,-4.169012546539307,-19.933082580566406
-27.43,153.08,5.7802734,1979.0,-0.9741004551724206,0.0,-3.0,-2.6,-1.9903321266174316,0.45607757568359375
47.81666667,13.71777778,1616.0625,2002.0,0.8452490573530633,0.0,-12.37,-82.4,-10.856985092163086,-78.6015396118164
-46.88,37.87,0.0,2010.0,-0.9587178169872964,9.141700866166502e-05,-4.310583029,-25.94487746,-4.830137729644775,-26.120216369628906
40.80638889,-104.7547222,1641.75,1997.0,-0.6016240632249227,0.0,-6.5,-40.0,-7.973004341125488,-57.598167419433594
-33.97,18.6,41.798828,1970.0,-0.2884824328806098,0.0,-2.2,-4.0,-3.011740207672119,-9.102760314941406
13.73,100.5,5.7392578,2009.0,-0.7236440382959123,9.257432247977704e-05,-4.37,-32.5,-5.613783359527588,-33.453956604003906
63.52,-116.0,238.64844,2007.0,0.6994583270516471,0.0,-32.03,-249.0,-25.978429794311523,-205.25631713867188
36.88,30.7,0.0,1987.0,0.9510565162951535,0.0,-9.05,-52.3,-4.801023960113525,-25.847755432128906
42.29055556,-85.58444444,244.73438,1993.0,0.017213356155834685,0.0,-4.7,-13.0,-7.253473281860352,-50.696571350097656
10.25,-67.65,430.0,1968.0,-0.7116566222817751,0.0,-3.83,-24.1,-5.548277378082275,-32.840919494628906
43.71,10.4,9.4057617,1993.0,0.29671281927349075,6.0734623730240855e-06,-0.15,3.1,-4.779188632965088,-25.643409729003906
6.417169444,2.329255556,12.735352,2015.0,-0.680773409477016,2.552358091634233e-05,-0.8,1.9,-3.074820041656494,-9.693092346191406
38.01666667,-7.866666667,279.60938,1989.0,-0.7236440382959123,0.0,-6.87,-44.3,-5.285040378570557,-30.377418518066406
48.8281,9.2,313.79688,1979.0,0.741222010848596,0.0001408192183589,-6.93,-49.2,-7.3675689697265625,-49.37474822998047
48.36,-4.57,68.214844,1997.0,0.6994583270516471,0.0,-3.6,-19.2,-7.213003635406494,-50.35122299194336
-33.95833333,18.46111111,109.49609,2001.0,-0.680773409477016,0.0,-4.48,-18.0,-3.016592502593994,-9.148170471191406
30.87,34.79,468.625,1978.0,0.7469720876965552,0.0,-2.92,-36.9,-2.9025635719299316,-8.081031799316406
25.01666667,102.6833333,1907.8125,1990.0,-0.9587178169872964,2.8947000828338787e-05,-10.09,-74.2,-8.438623428344727,-67.6052017211914
2.816666667,101.5833333,1.5,2003.0,0.741222010848596,0.0,-13.52,-89.14,-5.7587456703186035,-34.810585021972656
-1.68218,29.22716,1527.1875,2017.0,-0.2884824328806098,2.221793147327844e-05,1.32,23.8,-2.953512668609619,-8.557838439941406
-12.43,130.87,16.515625,2008.0,0.9562348265919056,0.0001483965024817,-3.88,-16.8,-5.090948581695557,-28.561012268066406
47.59583333,7.594444444,248.26562,1990.0,0.29671281927349075,4.199953764327802e-05,-4.45,-30.4,-7.6232686042785645,-52.99646759033203
47.12,9.49,459.84375,2018.0,0.9510565162951535,0.0001056351611623,-11.92,-88.8,-10.918371200561523,-79.1156997680664
-18.97515623,34.34842465,36.015625,2010.0,-0.680773409477016,0.0,-5.0,-31.0,-2.225668430328369,-1.7463150024414062
5.383333333,103.1,10.330566,2014.0,0.741222010848596,0.0001030934072332,-4.94,-27.3,-5.157667636871338,-29.185401916503906
31.08,33.83,31.658203,2002.0,0.741222010848596,0.0,-5.34,-26.2,-2.065542697906494,-0.24777984619140625
9.6678,80.0065,5.8981934,2018.0,-0.9587178169872964,2.3316153601626866e-05,-2.78,-14.1,-3.8147950172424316,-16.618141174316406
-27.43,153.08,5.7802734,1983.0,-0.9741004551724206,0.0,-1.66,4.3,-2.385794162750244,-3.2448501586914062
52.8,5.05,-4.4990234,2002.0,-0.8214765533024145,2.416672032268252e-06,-9.745,-63.37,-6.7805328369140625,-44.37297058105469
50.3381,7.6,86.441406,2007.0,0.9760105506323683,4.706710751634091e-05,-6.2,-46.55,-8.263422012329102,-56.878273010253906
-31.95,115.97,20.375,1963.0,-0.680773409477016,1.1540045306901447e-05,-4.0,-17.4,-3.2761902809143066,-11.577613830566406
36.98,35.3,22.958008,2013.0,0.2386727660059501,0.0,-4.44,-17.38,-5.522802829742432,-32.602516174316406
31.99730278,34.81616111,44.347656,1961.0,0.2386727660059501,9.410847269464284e-05,-4.9,-16.0,-4.8252854347229,-26.074806213378906
33.96666667,-4.983333333,500.04688,2008.0,-0.27195815753410524,0.0,-6.4,-33.11,-4.989050388336182,-27.607398986816406
33.1,45.95,58.107422,2024.0,0.6870527672236669,0.0,-3.34,-3.42,-3.322287082672119,-12.009010314941406
26.27,50.62,2.3325195,1964.0,-0.27195815753410524,1.3982380551169626e-05,-4.9,-22.4,-0.7918152809143066,11.672386169433594
45.06767778,22.79993889,366.15625,2020.0,0.9721181966290613,0.0001877543836599,-9.09,-59.7,-9.035863876342773,-63.348121643066406
48.4042,2.6965,79.179688,2016.0,-0.23030567023061196,0.0,-5.27,-37.0,-5.792072772979736,-35.131248474121094
53.57,-113.52,665.5,1963.0,0.9760105506323683,0.0,-19.8,-158.2,-19.676122665405273,-152.46920776367188
53.32,-60.42,46.541016,2003.0,0.6994583270516471,0.0,-22.51,-166.1,-17.60945701599121,-135.15914916992188
33.96666667,-4.983333333,500.04688,1994.0,0.741222010848596,0.0,-1.46,-5.8,-3.933676242828369,-17.730690002441406
32.18333333,35.88333333,664.3125,1991.0,-0.2884824328806098,2.1693738744943403e-05,-6.73,-32.1,-4.904135227203369,-26.812721252441406
44.12,15.24,20.870117,2001.0,0.741222010848596,0.0,-2.94,-20.7,-5.7053704261779785,-34.311073303222656
47.42692898,9.400776879,758.46875,2018.0,-0.2884824328806098,0.0,-9.91,-68.5,-12.693452835083008,-93.9834976196289
50.92,5.78,111.17188,1994.0,0.3697245428906731,0.0,-7.83,-53.8,-6.9322309494018555,-45.72842788696289
78.91666667,11.93333333,38.650391,2002.0,0.6994583270516471,8.3442464529071e-05,-11.49,-66.8,-12.841802597045898,-95.2260513305664
58.1,6.57,0.0,1965.0,0.29671281927349075,0.0,-4.8,-30.4,-7.65787410736084,-51.806297302246094
22.31666667,114.1666667,34.056641,2008.0,-0.27195815753410524,0.0,-2.08,-12.09,-3.331991672515869,-12.099830627441406
47.8008,11.0108,974.96875,1986.0,-0.9587178169872964,6.119670433690771e-05,-8.29,-53.6,-8.644527435302734,-60.070350646972656
-23.0,-47.13333333,635.21875,1997.0,-0.8214765533024145,0.0001582470431458,0.02,14.33,-3.200979709625244,-10.873756408691406
32.09194444,35.77694444,820.25,1991.0,0.9510565162951535,0.0,-7.08,-46.5,-4.606932163238525,-24.031349182128906
-0.166666667,-78.48333333,2781.625,2003.0,-0.2135209154397959,0.0,-9.92,-73.3,-8.087635040283203,-62.597633361816406
66.53333333,66.66666667,16.196289,2000.0,-0.7116566222817751,1.4877274225000292e-05,-19.5,-151.3,-18.67348289489746,-144.07125854492188
50.3119,11.8758,564.53125,2001.0,0.741222010848596,4.600425017997623e-05,-7.33,-51.05,-8.633018493652344,-59.97394561767578
36.98,35.3,22.958008,2012.0,0.6994583270516471,0.0001103196118492,-7.08,-38.96,-4.915052890777588,-26.914894104003906
41.05916667,-100.7463889,918.34375,1999.0,0.4711595076738638,2.2983711460256014e-05,-4.5,-26.0,-7.973117351531982,-54.44672393798828
46.72738634,8.186782163,600.90625,2005.0,0.2386727660059501,9.363590652355924e-05,-11.0,-79.35,-12.509294509887695,-92.4410171508789
36.62,127.46,80.589844,2007.0,0.741222010848596,4.51806845376268e-05,-7.04,-43.67,-5.8509392738342285,-35.673377990722656
-37.32,-64.33,166.05469,2000.0,-0.23030567023061196,0.0,-6.8,-49.0,-5.747828006744385,-34.708412170410156
-40.68,144.69,82.167969,1995.0,0.9760105506323683,1.6027047422539908e-06,-6.5,-39.8,-4.684568881988525,-24.757911682128906
41.38333333,12.91666667,0.0,2001.0,0.29671281927349075,0.0,-2.61,-80.19,-4.403135776519775,-22.124122619628906
33.43005278,43.29637778,50.814453,2011.0,6.432490598706546e-16,0.0,-3.5,-14.0,-3.608572483062744,-14.688209533691406
32.53,35.85,648.125,2001.0,0.741222010848596,0.0,-2.42,-12.3,-3.118490695953369,-10.101783752441406
46.37222222,6.470833333,387.75,1996.0,0.2386727660059501,5.945271368545946e-06,-13.5,-97.6,-10.613998413085938,-76.56632232666016
28.22,-177.37,0.0,1987.0,0.2386727660059501,0.0,-2.01,-6.7,-3.3053040504455566,-11.850074768066406
48.24861111,16.35638889,200.63281,2019.0,-0.9741004551724206,3.841720899799839e-05,-8.03,-61.7,-8.507288932800293,-60.51575469970703
49.7478,6.6581,259.26562,2009.0,-0.9587178169872964,0.0,-7.01,-53.4,-6.720508575439453,-44.837379455566406
40.8203002,0.493333172,52.294922,2006.0,-0.680773409477016,0.0,-2.37,-13.46,-3.826925754547119,-16.731666564941406
47.8008,11.0108,974.96875,1990.0,-0.680773409477016,0.0,-6.7,-43.4,-7.3004279136657715,-48.81238555908203
41.818399,46.266606,0.0,2016.0,0.7295575540864875,0.0,-5.22,-29.2,-5.481558322906494,-32.216529846191406
49.19472222,-123.0172222,1.3475342,2021.0,-0.9741004551724206,0.0,-8.16,-52.7,-7.357569217681885,-52.444644927978516
28.46344137,-16.2553441,36.554688,2009.0,-0.9587178169872964,0.0,1.03,9.26,-3.3150086402893066,-11.940895080566406
-0.166666667,-78.48333333,2781.625,2021.0,0.2386727660059501,3.477772406768054e-05,-9.91,-72.0,-6.5769524574279785,-51.511192321777344
38.98916547,-3.920273851,626.8125,2018.0,-0.9741004551724206,0.0,-8.93,-58.7,-6.11175012588501,-38.114173889160156
4.05,114.81,27.053711,2006.0,-0.780295851070776,0.0001222254504682,-6.63,-39.25,-7.802855014801025,-58.534645080566406
48.8281,9.2,313.79688,1962.0,0.2386727660059501,0.0001055613902281,-12.3,-81.8,-10.729097366333008,-77.5303726196289
-33.94638889,151.1730556,3.6643066,2010.0,-0.680773409477016,0.0,-2.09,-2.2,-3.365957736968994,-12.417701721191406
47.81666667,13.71777778,1616.0625,2003.0,0.8919813464595485,0.000248530646786,-13.32,-96.4,-11.381324768066406,-82.99332427978516
46.49143367,9.898180888,1767.6875,2000.0,0.9562348265919056,0.0,-19.14,-148.586497,-13.85978889465332,-103.7525405883789
23.64,88.85,18.375977,2019.0,-0.680773409477016,0.0,-8.07,-57.3,-6.136011600494385,-38.341224670410156
36.55530278,126.635925,59.384766,2018.0,-0.7236440382959123,0.0,-8.33,-49.9,-6.854283809661865,-45.06317138671875
-17.83,31.02,1473.25,1967.0,-0.7236440382959123,2.895630859711673e-05,-1.91,4.7,-2.5143799781799316,-4.448219299316406
46.20239,7.84117,1546.1875,2020.0,-0.9634705485641486,0.0,-10.31,-73.02,-9.879922866821289,-70.4178237915039
49.0975,19.59,572.9375,2016.0,0.9721181966290613,8.844492185744457e-06,-6.99,-44.7,-10.762348175048828,-77.80887603759766
-0.92,-75.4,176.47656,2018.0,0.29671281927349075,0.0,-6.58,-40.3,-3.9118409156799316,-17.526344299316406
-2.53,140.72,68.566406,1990.0,-0.680773409477016,8.458769298158586e-05,-10.24,-72.4,-5.581030368804932,-33.147438049316406
43.54983333,13.60116667,546.1875,2016.0,0.2802306751992159,5.997826156090014e-05,-5.39,-35.1,-5.641077518463135,-33.709388732910156
62.28,-114.27,159.84375,1993.0,-0.2135209154397959,4.569108932628296e-05,-19.95,-154.3,-15.74229621887207,-119.5201187133789
43.73238889,7.423583333,8.8959961,2019.0,0.9510565162951535,0.0003659720532596,1.94,11.2,-5.840628147125244,-35.576881408691406
13.73,100.5,5.7392578,1973.0,-0.680773409477016,0.0002411794412182,-3.69,-25.3,-6.265203952789307,-39.550270080566406
-33.94638889,151.1730556,3.6643066,2010.0,-0.9587178169872964,0.0001561267417855,-1.81,-0.9,-3.395071506500244,-12.690162658691406
43.58333056,16.6,299.82812,2008.0,-0.6932812268869771,0.0,-3.36,-20.8,-4.62148904800415,-24.167579650878906
10.10808333,-84.12208333,2250.25,1990.0,-0.9587178169872964,0.0002722117933444,-8.22,-54.4,-7.7450456619262695,-56.860313415527344
-0.694444444,-90.325,182.40625,2008.0,0.9562348265919056,7.423904753522947e-05,-3.83,-20.31,-3.4460206031799316,-13.166969299316406
46.095,14.597,283.89062,1994.0,-0.2884824328806098,7.5746720540337265e-06,-11.5,-85.1,-12.626951217651367,-93.4264907836914
28.46344137,-16.2553441,36.554688,2009.0,-0.2884824328806098,2.109455408572103e-06,-0.74,8.17,-1.7040467262268066,3.1352767944335938
45.46666667,13.61666667,0.5645752,2002.0,-0.9844738167520923,0.0,-9.18,-57.53,-5.47549295425415,-32.159767150878906
-20.901,55.484,83.28125,2017.0,-0.2884824328806098,1.2479965334932784e-05,-5.82,-37.9,-2.5240845680236816,-4.539039611816406
-17.83,31.02,1473.25,1989.0,-0.2884824328806098,0.0,-5.35,-33.3,-3.9991822242736816,-18.343727111816406
-27.43,153.08,5.7802734,1974.0,0.29671281927349075,3.118568372428854e-07,-3.24,-18.6,-3.7662720680236816,-16.164039611816406
42.66,18.08333333,0.0,2002.0,0.6994583270516471,0.0002053997304756,-4.9,-30.4,-6.078390598297119,-37.801979064941406
6.329722222,99.73,3.3973389,1992.0,-0.6932812268869771,0.0,-5.65,-21.8,-6.336472034454346,-40.21723175048828
19.72,-155.07,7.4401855,1962.0,-0.9587178169872964,1.2245733159943484e-05,-1.4,-5.0,-3.026297092437744,-9.238990783691406
39.55339029,2.625298143,5.3820801,2016.0,0.9562348265919056,7.870256013120525e-06,-7.05,-45.2,-5.138258457183838,-29.003761291503906
4.7,-74.13,2551.125,1999.0,-0.2135209154397959,0.0,-8.435,-60.2,-7.917129993438721,-60.165016174316406
45.65,13.75,0.0,2002.0,0.9760105506323683,0.0,-8.96,-60.45,-6.4541401863098145,-41.31842803955078
39.95,32.88,920.125,2001.0,0.7748840413670407,0.0,-6.18,-42.53,-6.949709415435791,-45.046363830566406
35.53333056,106.7,1342.3125,2003.0,-0.9741004551724206,0.0,-8.2,-67.0,-6.848620414733887,-46.656227111816406
41.46666667,46.08333333,0.0,2013.0,-0.2884824328806098,0.0,-14.0,-100.8,-10.60120964050293,-76.4592056274414
1.53,110.34,7.5837402,2018.0,0.9760105506323683,5.383997631724924e-05,-6.25,-37.7,-6.753996849060059,-44.1246337890625
49.0422,12.1019,370.21875,2006.0,-0.2135209154397959,7.777362952765543e-06,-4.69,-33.6,-6.772275447845459,-44.214481353759766
41.05916667,-100.7463889,918.34375,1999.0,0.7526668275320084,1.3365871382120533e-05,-9.2,-60.0,-10.61911392211914,-76.60916900634766
25.51900833,-80.491375,5.5644531,2000.0,0.8717063187093219,0.0,-1.27,5.0,-2.279043674468994,-2.2458267211914062
-6.18,106.83,5.1230469,1992.0,-0.7116566222817751,3.683203976834193e-05,-11.02,-72.3,-5.380873203277588,-31.274269104003906
10.00036389,-84.10913333,1157.3125,2014.0,-0.7526668275320083,0.000306390953483,-11.14225171,-81.12090839,-6.213222026824951,-44.917945861816406
50.11622222,14.39291667,182.82031,2020.0,-0.27195815753410524,0.0,-8.96,-62.3,-11.12554931640625,-80.85099029541016
44.051,10.164,170.76562,2022.0,0.5086709438521044,0.0,-4.26,-20.56,-5.992868900299072,-37.001625061035156
47.59583333,7.594444444,248.26562,1985.0,-0.680773409477016,0.0,-6.49,-45.5,-6.289768695831299,-39.78015899658203
-75.58333333,-20.56666667,105.53516,1995.0,0.2386727660059501,3.541325257730124e-08,-16.3,-126.0,-20.573694229125977,-166.42013549804688
47.8008,11.0108,974.96875,1997.0,-0.7236440382959123,0.0,-12.61,-89.58,-12.38652229309082,-91.4126968383789
4.05,114.81,27.053711,2007.0,-0.9951053111006974,5.4158546845428646e-05,-6.38,-44.74,-6.842904567718506,-47.35620880126953
47.7,27.88333333,177.36719,2021.0,-0.2884824328806098,2.293231045769062e-05,-12.21,-84.8,-12.800878524780273,-94.8832778930664
53.23,6.55,7.7121582,2010.0,-0.9741004551724206,1.2212224646646064e-05,-6.057348229,-42.15,-7.407214164733887,-49.706809997558594
0.604166667,-77.81944444,2835.75,2017.0,0.9760105506323683,5.153614984010346e-05,-16.0,-117.7,-9.58409309387207,-83.9477310180664
-15.85,-47.93,1012.8125,1984.0,0.9721181966290613,0.0,-6.9,-43.0,-4.787680149078369,-25.722877502441406
47.4,28.49166667,94.726562,2013.0,0.6994583270516471,0.0,-10.02,-69.17,-12.187017440795898,-89.7416763305664
34.3,108.93,399.84375,1985.0,-0.2884824328806098,0.0,-10.3,-65.7,-6.761917591094971,-48.036231994628906
43.68333333,-1.066666667,17.238281,2003.0,-0.9587178169872964,0.0,-4.4,-25.8,-4.744009494781494,-25.314186096191406
-65.07944444,-63.9775,286.6875,1971.0,0.6994583270516471,5.9098744663464863e-08,-7.35,-60.9,-8.851282119750977,-73.4926528930664
-22.9,-43.17,0.0,1969.0,-0.2135209154397959,0.0,-1.87,0.1,-4.035574436187744,-18.684303283691406
52.8911,11.7294,21.530273,2006.0,0.6994583270516471,0.0,-10.8,-79.3,-9.813421249389648,-69.8608169555664
64.13,-21.93,12.141602,1973.0,-0.7236440382959123,0.0,-8.67,-59.4,-9.341516494750977,-65.90821075439453
76.23333333,-119.2833333,6.2902832,1991.0,-0.9741004551724206,4.592813183990074e-06,-23.6,-176.0,-26.67413902282715,-211.08346557617188
11.13,124.66,474.0625,1998.0,0.741222010848596,0.0,-4.48,-24.0,-3.8196473121643066,-16.663551330566406
41.15305556,-96.49277778,352.0625,1993.0,0.3456123126707335,7.749509677523747e-05,-6.3,-37.0,-6.866888523101807,-45.181129455566406
37.97,23.72,100.17578,2020.0,0.9562348265919056,4.010137854493223e-05,-6.49,-41.5,-4.917479038238525,-26.937599182128906
49.7478,6.6581,259.26562,1993.0,-0.7236440382959123,0.0002276210434501,-4.62,-41.3,-9.30954360961914,-65.64041900634766
50.4972,9.9428,920.40625,2011.0,0.2386727660059501,0.0,-9.87,-72.02,-10.818618774414062,-78.28018951416016
49.7703,9.9578,265.90625,2010.0,0.2386727660059501,0.0,-12.93,-104.67,-10.235450744628906,-73.39566802978516
6.2,100.4,3.8469238,2013.0,0.9760105506323683,0.0001478100311942,-6.03,-38.9,-4.99026346206665,-27.618751525878906
-25.73,28.18,1326.75,1971.0,0.741222010848596,0.0,-2.29,-15.0,-3.5188050270080566,-13.848121643066406
43.70555556,-72.28833333,168.71094,1998.0,-0.8631421280499115,0.0002808143617585,-4.1,-30.0,-7.74036169052124,-52.49720001220703
4.65325,-74.09894167,2552.75,1999.0,-0.9587178169872964,3.633091182564385e-05,-10.64,-67.75,-7.834598064422607,-58.987525939941406
51.73333333,36.26666667,193.03906,1997.0,-0.2135209154397959,0.0,-7.7,-57.1,-7.514320373535156,-50.603912353515625
40.8203002,0.493333172,52.294922,2001.0,0.6994583270516471,0.0,-5.77,-43.9,-5.62652063369751,-33.573158264160156
53.93,27.63,218.125,1983.0,-0.680773409477016,0.0,-9.1,-65.0,-7.795992851257324,-52.963157653808594
76.76666667,-18.66666667,0.0,2003.0,-0.9587178169872964,0.0,-13.87,-98.1,-15.819028854370117,-120.1628189086914
51.6,-1.1,55.042969,1992.0,-0.9634705485641486,0.0,-7.4,-48.0,-6.2421555519104,-39.334571838378906
49.0422,12.1019,370.21875,1994.0,0.741222010848596,0.0,-10.67,-77.1,-8.004449844360352,-54.70915985107422
31.72,35.78333333,804.96875,1989.0,-0.2884824328806098,0.0,-6.83,-39.4,-4.644537448883057,-24.383277893066406
39.55339029,2.625298143,5.3820801,2001.0,0.2386727660059501,1.2642576621146873e-06,-6.04,-48.8,-5.8024163246154785,-35.219276428222656
51.3,3.75,9.4589844,1988.0,-0.27195815753410524,0.0,-6.98,-48.6,-8.149602890014648,-55.92493438720703
-34.05,115.0249,77.78125,2016.0,-0.965739937654855,1.8353332507103917e-06,-5.36,-23.7,-2.9607911109924316,-8.625953674316406
46.39864119,6.233803787,434.125,2022.0,0.741222010848596,2.208696969319135e-05,-5.85,-42.4,-7.62590217590332,-51.53850555419922
18.21,-67.14,17.163086,2013.0,0.2386727660059501,2.4692335500731133e-06,0.64,11.0,-1.9248261451721191,1.0691146850585938
10.00036389,-84.10913333,1157.3125,2016.0,-0.6354323008901775,0.0001398533495375,-11.628884,-80.679433,-5.994043350219727,-38.724342346191406
46.64833333,14.31833333,448.71875,2001.0,0.29671281927349075,0.0,-7.1,-48.8,-7.380677223205566,-49.48454284667969
50.9,14.8,240.94531,2013.0,-0.2135209154397959,0.0,-5.92,-42.7,-6.653842449188232,-43.187339782714844
-41.15,-71.33,951.28125,1999.0,0.9760105506323683,0.0002278495230711,-7.3,-55.0,-8.34157943725586,-66.2206802368164
40.67,22.96,94.164062,2001.0,0.29671281927349075,0.0,-3.76,-24.5,-5.312941074371338,-30.638526916503906
-6.18,106.83,5.1230469,1984.0,0.9721181966290613,4.010123302577995e-05,-5.26,-27.7,-5.779974460601807,-35.009254455566406
50.3381,7.6,86.441406,1997.0,-0.2135209154397959,0.0,-5.2,-40.6,-6.1451096534729,-38.426368713378906
-1.43,-48.48,4.737793,1973.0,-0.9741004551724206,9.514555131318048e-06,-1.37,4.1,-2.089804172515869,-0.47483062744140625
10.38,-85.675,54.458984,1991.0,-0.680773409477016,9.00538798305206e-05,-4.65,-33.6,-6.45353364944458,-41.31275177001953
-46.42,168.32,-0.90939331,1989.0,0.9510565162951535,1.3510845747077838e-05,-10.03,-73.1,-6.866888523101807,-45.181129455566406
46.60305556,13.67138889,2148.125,2001.0,-0.05161966722325418,1.3575007869803812e-05,-11.65,-78.7,-10.672826766967773,-77.0590591430664
0.453055556,33.195,1174.25,2015.0,-0.9741004551724206,0.0004741742450278,-2.56,-9.9,-3.0529847145080566,-9.488746643066406
48.15,15.15,264.90625,1966.0,-0.9741004551724206,0.0001552950416225,-12.42,-88.5,-9.0581636428833,-63.8018798828125
47.59583333,7.594444444,248.26562,1993.0,-0.2135209154397959,1.0082880180561917e-05,-4.91,-35.1,-6.240942478179932,-39.323219299316406
28.276976,84.30961,2101.5,2017.0,0.440518784350495,0.0,-0.32877244,12.35724302,0.13497304916381836,20.345726013183594
25.62,88.66,39.710938,2021.0,-0.9741004551724206,0.0008175499970093,-14.01,-99.5,-7.625547409057617,-56.004981994628906
-4.633888889,-79.71638889,2753.5,2007.0,0.9510565162951535,0.0,-11.52,-80.19,-8.838584899902344,-73.3115005493164
-2.716666667,-78.33333333,755.28125,1993.0,-0.9587178169872964,3.8551632314920425e-05,-3.49,-13.5,-3.0238709449768066,-9.216285705566406
53.23,6.55,7.7121582,1977.0,-0.9741004551724206,5.429661541711539e-05,-6.6,-45.2,-7.3477463722229,-49.208717346191406
14.64,121.04,42.933594,2001.0,0.741222010848596,0.0,-8.75,-57.9,-5.186781406402588,-29.457862854003906
32.55,35.85,570.125,2000.0,0.2386727660059501,2.9817463655490428e-05,-6.71,-30.2,-5.423330783843994,-31.671607971191406
36.62,127.46,80.589844,2015.0,-0.7236440382959123,0.0,-9.54,-59.8,-6.846967697143555,-44.99469757080078
46.22030867,7.33848445,481.70312,2012.0,-0.7116566222817751,1.7095238945330493e-05,-15.52,-117.3,-11.785449981689453,-86.37821197509766
20.83085,-156.225,958.125,1996.0,0.7909456567567772,0.0,-3.8,-12.0,-5.115210056304932,-28.788063049316406
43.49111613,-3.800555816,50.095703,2008.0,0.9721181966290613,1.4943153473723214e-05,-5.79,-34.44,-5.650782108306885,-33.800209045410156
56.21666667,43.81666667,76.433594,1981.0,0.2386727660059501,4.308849383960478e-05,-11.7,-79.0,-15.83949089050293,-120.3342056274414
52.2914,10.4464,80.6875,1998.0,0.6994583270516471,0.0,-4.18,-28.2,-9.621589660644531,-68.25406646728516
52.2914,10.4464,80.6875,2001.0,0.9510565162951535,2.16405915125506e-05,-8.24,-69.8,-8.771137237548828,-61.13080596923828
47.12,9.49,459.84375,2016.0,0.9562348265919056,1.7086651496356353e-05,-16.8,-128.69,-10.956737518310547,-79.43704986572266
38.43055556,27.15111111,13.000488,2012.0,-0.7116566222817751,1.6022038835217245e-05,-3.18,-10.72,-5.470640659332275,-32.114356994628906
34.01937778,-6.838286111,18.375977,2002.0,0.3697245428906731,2.0192539977870183e-06,0.01,14.7,-3.264059543609619,-11.464088439941406
-34.05,115.0249,77.78125,2012.0,0.8165380514459161,0.0,-3.93,-12.3,-4.127768039703369,-19.547096252441406
-26.41388889,146.2558333,302.09375,2013.0,0.29671281927349075,0.0003779211838264,-2.74,-6.0,-4.819220066070557,-26.018043518066406
9.93,-84.1,1135.125,2014.0,0.29671281927349075,0.0,-8.62,-59.7,-7.985877513885498,-64.7304458618164
47.37233597,8.083138245,397.48438,2020.0,-0.27195815753410524,0.0001878362963907,-16.22,-119.56,-12.125631332397461,-89.2275161743164
-41.15,-71.33,951.28125,1998.0,-0.9587178169872964,0.0,-15.2,-113.0,-8.804121017456055,-72.8198013305664
52.1042,8.7519,134.42188,2002.0,0.9760105506323683,0.0,-6.82,-48.35,-8.443744659423828,-58.38861846923828
43.97455,10.27266,661.0,2019.0,-0.7236440382959123,5.23924518347485e-06,-8.2,-53.13,-7.485865116119385,-50.365577697753906
42.85,-80.27,228.9375,1980.0,-0.27195815753410524,1.4362341062224004e-05,-13.6,-90.0,-10.019506454467773,-94.75370025634766
46.49722222,28.3,150.79688,2021.0,0.6994583270516471,0.0,-10.16,-74.5,-12.23817253112793,-90.1701431274414
-41.47,-72.93,43.574219,2013.0,-0.2135209154397959,0.0,-4.18,-21.8,-6.431091785430908,-41.10272979736328
39.91055556,41.27555556,1890.5625,2019.0,0.6994583270516471,0.0,-18.12,-133.8,-13.235696792602539,-98.5252456665039
4.7,-74.13,2551.125,1989.0,-0.9587178169872964,1.8429613191983663e-05,-9.67,-62.1,-7.6949286460876465,-56.994850158691406
41.64083945,-4.754446679,735.625,2011.0,-0.7236440382959123,0.0,-6.78,-40.3,-9.023075103759766,-63.241004943847656
50.8325,15.14777778,828.84375,2017.0,0.9510565162951535,0.0,-11.84,-84.9,-10.309026718139648,-74.44538116455078
47.6772,9.19,442.90625,2002.0,0.6994583270516471,7.246632594615221e-05,-10.47,-78.45,-12.805994033813477,-94.9261245727539
13.1,123.9,155.11719,1994.0,-0.9741004551724206,0.0,-6.89,-46.3,-6.347996234893799,-40.32508087158203
-31.95,115.78,12.910645,1988.0,-0.970063921851507,0.0,-2.02,0.4,-3.1257691383361816,-10.169898986816406
9.357072,-75.289167,200.4375,2008.0,-0.970063921851507,0.0001793648843886,-7.9,-54.55,-5.515524387359619,-32.534400939941406
48.8281,9.2,313.79688,2009.0,-0.9587178169872964,0.0,-8.26,-58.4,-7.017173767089844,-47.947418212890625
0.512102778,25.20643889,414.57812,2017.0,-0.9587178169872964,5.6624372518854216e-05,-4.96,-23.7,-3.0578370094299316,-9.534156799316406
25.51900833,-80.491375,5.5644531,1998.0,-0.01721335615583528,0.0001154755445895,-1.88,-1.9,-2.725454807281494,-6.423561096191406
46.78,23.61,336.76562,2015.0,0.741222010848596,0.0001037750407704,-7.62,-56.0,-7.751871585845947,-52.593605041503906
47.67,-124.48,0.0,1964.0,0.9721181966290613,0.0001280817086808,-6.2,-39.1,-7.78997802734375,-55.59661865234375
22.06538333,-80.48231667,32.125,2019.0,-0.9741004551724206,0.0,-5.68,-31.3,-3.9458069801330566,-17.844215393066406
-20.67777778,139.4875,339.82812,2011.0,-0.2884824328806098,0.0,-3.54,-14.3,-2.444021701812744,-3.7897720336914062
-65.07944444,-63.9775,286.6875,1989.0,0.9510565162951535,1.070331092233912e-05,-5.97,-62.8,-9.00364875793457,-75.6664810180664
47.6772,9.19,442.90625,1999.0,0.9760105506323683,3.2255211408482864e-05,-9.8,-72.5,-10.772579193115234,-77.89456939697266
46.89,7.49,659.34375,2017.0,-0.2135209154397959,0.0,-5.97,-40.6,-6.576357364654541,-42.462196350097656
41.05916667,-100.7463889,918.34375,1998.0,-0.008606996888688009,0.0,-3.5,-25.0,-6.807220458984375,-44.62272644042969
51.3,3.75,9.4589844,1994.0,0.9741004551724205,1.964287002920173e-05,-5.51,-30.6,-7.367173194885254,-50.254371643066406
36.15,-5.35,1.5737915,1962.0,-0.2884824328806098,0.0,-4.2,-28.0,-4.536573886871338,-23.372901916503906
52.1042,8.7519,134.42188,2004.0,-0.6932812268869771,2.846579627657775e-05,-7.25,-51.15,-6.003180027008057,-37.098121643066406
-3.665277778,-80.09833333,71.144531,2005.0,0.6994583270516471,6.883067544549704e-05,-0.86,4.05,-3.7323060035705566,-15.846168518066406
46.95222563,7.439320571,542.53125,1991.0,0.9760105506323683,2.791235056065489e-05,-11.68,-84.9,-11.805912017822266,-86.54959869384766
46.95222563,7.439320571,542.53125,1989.0,0.9510565162951535,4.586927389027551e-05,-9.97,-71.5,-12.355829238891602,-91.1556167602539
46.60305556,13.67138889,2148.125,1996.0,0.9562348265919056,0.0,-13.77,-101.3,-11.422248840332031,-83.33609771728516
46.095,14.597,283.89062,1992.0,-0.970063921851507,0.0,-9.5,-67.1,-8.510969161987305,-59.96552276611328
32.97,35.5,816.46875,1985.0,0.2386727660059501,0.0,-4.74,-21.8,-5.065474033355713,-28.322608947753906
-2.716666667,-78.33333333,755.28125,1993.0,-0.680773409477016,0.0,-4.53,-21.5,-3.5188050270080566,-13.848121643066406
4.83,-52.37,7.9216309,1974.0,-0.9741004551724206,7.004978397162631e-05,-0.65,-1.7,-2.977774143218994,-8.784889221191406
49.04,37.577,66.21875,2018.0,0.2386727660059501,1.691178658802528e-05,-12.42,-86.2,-12.273981094360352,-90.4700698852539
4.693816667,-74.02864167,2599.5,1999.0,0.9510565162951535,0.0001263464801013,-6.14,-39.9,-7.66545295715332,-56.574317932128906
10.00036389,-84.10913333,1157.3125,2017.0,0.5307300481619334,0.0,-7.4845512,-57.02073104,-6.866888523101807,-45.181129455566406
5.383333333,103.1,10.330566,2018.0,0.29671281927349075,4.266705582267605e-05,-5.29,-29.5,-6.210615634918213,-39.039405822753906
37.1644591,-5.611393166,86.394531,2010.0,0.2386727660059501,0.0,-6.71,-41.0,-5.470640659332275,-32.114356994628906
43.365884,-8.421399,56.794922,2009.0,0.9510565162951535,4.2489307816140354e-05,-2.57,-10.19,-5.348120212554932,-30.967750549316406
22.31666667,114.1666667,34.056641,2021.0,0.741222010848596,0.0,-6.74,-47.0,-4.008886814117432,-18.434547424316406
47.37233597,8.083138245,397.48438,2000.0,-0.9634705485641486,0.0,-8.27,-59.4093263,-7.913071632385254,-55.311607360839844
49.7478,6.6581,259.26562,2009.0,-0.680773409477016,8.352491022378672e-06,-6.25,-41.0,-6.202730655670166,-38.965614318847656
43.941,10.237,5.9284668,2021.0,0.6994583270516471,5.903741566726239e-06,-4.87,-31.89,-5.78179407119751,-35.026283264160156
1.6,103.6666667,43.185547,2019.0,-0.7236440382959123,0.000118800184282,-8.18,-56.6,-6.72145414352417,-47.857887268066406
43.73238889,7.423583333,8.8959961,2021.0,0.741222010848596,7.70614769862732e-06,-2.82,-19.6,-5.24258279800415,-29.980079650878906
-20.299175,57.47873889,391.1875,2018.0,-0.2884824328806098,2.087493339786306e-05,-2.95,-10.9,-2.5192322731018066,-4.493629455566406
41.91172742,2.763346411,139.71094,2017.0,0.29671281927349075,0.0,-7.51,-45.5,-4.659094333648682,-24.519508361816406
39.95,32.88,920.125,1997.0,0.6994583270516471,3.50033697031904e-05,-9.75,-68.5,-10.637018203735352,-76.7591323852539
47.42692898,9.400776879,758.46875,2023.0,-0.2884824328806098,0.0,-15.99,-117.8,-12.662759780883789,-93.7264175415039
-3.12,-60.02,49.394531,1985.0,0.29671281927349075,0.0,-1.9,-8.0,-3.3829407691955566,-12.576637268066406
32.36666667,35.75,818.96875,1998.0,0.6994583270516471,0.0,-6.54,-33.3,-4.42739725112915,-22.351173400878906
81.6,-16.67,27.780273,1967.0,0.9510565162951535,0.0,-28.21,-229.5,-25.436185836791992,-200.71456909179688
-34.05,115.0249,77.78125,2007.0,-0.9536809966304455,1.9065271771978587e-05,-4.96,-26.7,-2.968069553375244,-8.694068908691406
10.00036389,-84.10913333,1157.3125,2016.0,-0.008606996888688009,0.0002000392851186,-7.090853,-58.303874,-6.743442535400391,-47.117652893066406
18.21,-67.14,17.163086,2014.0,-0.680773409477016,2.577482337073889e-05,-2.89,-14.7,-3.118490695953369,-10.101783752441406
36.62,127.46,80.589844,2002.0,-0.680773409477016,0.0,-10.73,-76.8,-7.458216190338135,-53.617652893066406
25.46411667,-80.33465278,4.0249023,2004.0,-0.7909456567567774,0.0,-1.21,3.2,-3.812368869781494,-16.595436096191406
-53.0,-70.833333,32.589844,2007.0,-0.2884824328806098,0.0,-7.99,-69.3,-8.526596069335938,-68.8603286743164
13.73,100.5,5.7392578,1973.0,0.9510565162951535,0.0,-1.47,-4.0,-3.579458713531494,-14.415748596191406
50.12,-104.42,580.5,2004.0,-0.970063921851507,0.0,-15.37,-115.1,-16.03388023376465,-121.9623794555664
48.78,-123.13,148.02344,2008.0,-0.27195815753410524,0.0001186318768304,-15.65,-111.4,-10.885659217834473,-79.76404571533203
4.365694444,18.58725,381.14062,2013.0,-0.7236440382959123,0.0,-1.51,3.3,-0.8063721656799316,11.536155700683594
78.91666667,11.93333333,38.650391,2009.0,0.9510565162951535,0.0,-18.72,-138.7,-11.969608306884766,-87.92069244384766
44.051,10.164,170.76562,2021.0,-0.8674563547295971,9.944854355126154e-06,-6.15,-34.0,-5.192846775054932,-29.514625549316406
1.35,103.9,20.787109,1973.0,0.6994583270516471,4.866573726758361e-05,-4.65,-24.5,-5.857611179351807,-35.735816955566406
50.92,5.78,111.17188,1994.0,0.5595892624101765,5.284638973535039e-06,-7.34,-48.6,-6.866888523101807,-45.181129455566406
-0.743055556,-90.30222222,1.7120972,2014.0,0.9796136916454901,2.2732492652721703e-06,0.407991345,3.032455577,-3.322287082672119,-12.009010314941406
51.01666667,-114.0166667,1033.25,1997.0,-0.2135209154397959,0.0001194948417833,-14.4,-107.1,-17.2667179107666,-132.28842163085938
36.846389,-2.356942,16.541016,2008.0,0.6994583270516471,0.0,-4.53,-29.91,-5.025442600250244,-27.947975158691406
-27.17,-109.43,140.28906,1973.0,-0.9587178169872964,1.1134251508337911e-05,1.51,12.7,-2.5774598121643066,-5.038551330566406
48.24861111,16.35638889,200.63281,2020.0,-0.6932812268869771,0.0,-3.62,-24.4,-6.338291645050049,-40.23426055908203
-41.15,-71.33,951.28125,1999.0,0.6994583270516471,0.0,-9.3,-72.0,-8.667173385620117,-70.8659439086914
-15.69166667,-70.25833333,3837.625,2001.0,0.2386727660059501,0.0,-16.18,-116.1,-11.136781692504883,-106.1000747680664
7.0,125.25,1722.75,1993.0,-0.2884824328806098,0.0001780765451258,-12.86,-90.0,-9.520606994628906,-83.0419692993164
49.7703,9.9578,265.90625,1979.0,0.29671281927349075,0.0,-5.65,-32.7,-8.437349319458008,-58.335060119628906
-22.94916667,-46.54916667,855.53125,1997.0,-0.9829265519799822,0.0,-2.31,-0.25,-2.7618470191955566,-6.764137268066406
46.95222563,7.439320571,542.53125,1990.0,-0.2884824328806098,0.0,-19.92,-149.0,-13.05665397644043,-97.0256118774414
72.58,-38.4799,3202.0,2012.0,0.5380051715382996,2.9462718885042705e-05,-33.27618548,-266.2309366,-32.833213806152344,-262.6708679199219
66.49686111,25.75518056,108.88672,2009.0,-0.9587178169872964,3.224343890906312e-05,-10.05,-69.4,-11.5347900390625,-84.27872467041016
53.23,6.55,7.7121582,1969.0,0.741222010848596,2.4475659301970157e-05,-7.7,-52.1,-6.866888523101807,-45.181129455566406
34.95,32.83,1417.1875,2020.0,-0.27195815753410524,7.435659063048661e-05,-10.47,-64.2,-6.866888523101807,-45.181129455566406
46.37222222,6.470833333,387.75,1997.0,0.9510565162951535,7.857127638999373e-05,-6.99,-51.3,-9.657398223876953,-68.55399322509766
49.0975,19.59,572.9375,2019.0,0.6994583270516471,9.640663847676478e-06,-13.26,-100.5,-12.765069961547852,-94.5833511352539
40.50691,-1.65147,1713.75,2019.0,-0.7236440382959123,0.0,-9.17,-61.2,-9.915731430053711,-70.7177505493164
65.11666667,57.1,53.808594,1982.0,-0.9741004551724206,1.4687789189338218e-05,-18.5,-145.0,-14.811273574829102,-111.7220230102539
36.98,35.3,22.958008,2013.0,-0.2884824328806098,0.0004576708306558,-6.17,-32.02,-5.643503665924072,-33.732093811035156
46.49722222,28.3,150.79688,2020.0,-0.27195815753410524,0.0,-12.32,-84.9,-12.724145889282227,-94.2405776977539
10.00036389,-84.10913333,1157.3125,2013.0,0.9587178169872964,9.36023861868307e-05,-3.347,-4.514,-2.691488742828369,-6.105690002441406
-65.07944444,-63.9775,286.6875,1965.0,-0.2884824328806098,2.476628179903384e-07,-10.0,-74.6,-9.292057037353516,-79.7812271118164
49.04,37.577,66.21875,2016.0,0.2802306751992159,0.0,-6.0,-36.3,-7.309700012207031,-48.890045166015625
41.67805556,26.55916667,95.183594,2009.0,-0.9587178169872964,0.0,-8.68,-58.01,-5.627127170562744,-33.578834533691406
53.23,6.55,7.7121582,1971.0,0.2386727660059501,6.700383528368548e-05,-9.39,-63.0,-8.278768539428711,-57.006813049316406
36.61002222,34.31045278,11.975586,1992.0,0.2802306751992159,5.8765992434928194e-05,-4.26,-19.7,-4.283041477203369,-21.000221252441406
49.19472222,-123.0172222,1.3475342,2016.0,-0.7116566222817751,0.0,-11.87,-83.6,-9.799230575561523,-69.88438415527344
13.82,20.84,545.28125,2021.0,-0.9587178169872964,0.0,-1.69,-3.9,-3.5285096168518066,-13.938941955566406
30.62,114.13,25.587891,1987.0,0.2386727660059501,0.0,-4.99,-31.7,-4.074392795562744,-19.047584533691406
38.43055556,27.15111111,13.000488,2017.0,-0.9741004551724206,0.0,-2.68,-11.3,-4.496542453765869,-22.998268127441406
-40.35,-9.88,37.345703,1972.0,-0.23030567023061196,0.0,-4.63,-24.0,-4.154455661773682,-19.796852111816406
55.7,37.51666667,199.46875,2018.0,-0.7236440382959123,0.0001468310365453,-10.86,-74.4,-14.545267105102539,-109.4939956665039
-46.42,168.32,-0.90939331,2011.0,-0.9741004551724206,9.124123607762158e-05,-8.23,-60.0,-6.866888523101807,-45.181129455566406
9.0,38.73,2329.125,2000.0,0.9721181966290613,0.0,0.74,18.1,0.20775747299194336,21.026878356933594
46.65772518,8.292706832,1061.3125,2019.0,-0.9587178169872964,5.85627458349336e-05,-9.1,-58.26,-7.944982051849365,-54.21106719970703
48.24861111,16.35638889,200.63281,2022.0,-0.2135209154397959,0.0,-3.3,-24.2,-6.567562580108643,-42.37989044189453
-25.27,-57.63,54.0,1965.0,0.9510565162951535,0.0002188307553296,-5.3,-32.9,-5.703550815582275,-34.294044494628906
50.62,-96.98,216.5,1976.0,0.9562348265919056,0.0,-24.1,-186.0,-15.276784896850586,-115.6210708618164
46.05,-74.28,363.76562,1981.0,-0.2135209154397959,0.0,-7.6,-54.0,-7.816856384277344,-56.728424072265625
-25.45590833,-54.83871667,245.49219,2021.0,-0.9634705485641486,0.0,1.232,19.27,-2.890432834625244,-7.967506408691406
-46.42,168.32,-0.90939331,2008.0,-0.9634705485641486,1.2411183888616506e-05,-10.33,-76.3,-6.866888523101807,-45.181129455566406
44.42,8.85,5.4519043,2001.0,-0.9587178169872964,0.0,-2.23,-13.3,-5.071539402008057,-28.379371643066406
37.01,-7.96,0.0,1996.0,0.9562348265919056,0.0,-6.555,-42.3,-4.536573886871338,-23.372901916503906
6.2,100.4,3.8469238,1993.0,-0.7236440382959123,0.0003246163541916,-4.77,-41.9,-6.13115930557251,-38.295814514160156
44.0206,10.28423,552.5625,2015.0,-0.2135209154397959,5.764188972534612e-05,-3.39,-15.7,-5.065474033355713,-28.322608947753906
2.883333333,101.7833306,55.289062,2017.0,-0.9741004551724206,0.0001314045075559,-11.19,-76.3,-6.3217573165893555,-42.331031799316406
13.7,-89.12,612.5,1983.0,-0.2884824328806098,0.0,-2.46,-1.8,-4.933248996734619,-27.085182189941406
10.36512,0.46944,148.03125,2018.0,0.6807734094770161,0.0,-4.666,-24.33,-2.807943820953369,-7.195533752441406
50.06166667,19.84861111,356.8125,2007.0,-0.9587178169872964,0.0,-8.27,-51.8,-8.096609115600586,-55.737701416015625
-46.42,168.32,-0.90939331,1979.0,-0.680773409477016,3.012538218172267e-05,-5.99,-35.5,-6.866888523101807,-45.181129455566406
46.89,7.49,659.34375,2016.0,0.2802306751992159,0.0001366047363262,-8.28,-59.5,-8.066474914550781,-55.228675842285156
10.00036389,-84.10913333,1157.3125,2016.0,-0.9455963874271428,0.0,-6.585737,-47.64441,-6.822109222412109,-47.194984436035156
50.06166667,19.84861111,356.8125,2011.0,-0.2135209154397959,1.6403504560003057e-05,-7.98,-57.3,-7.230120658874512,-48.20122528076172
-19.87086111,-43.96733333,844.875,2009.0,-0.680773409477016,1.325554694631137e-05,-3.0,-6.6,-4.144751071929932,-19.706031799316406
5.93,116.06,4.5031738,2021.0,-0.7236440382959123,4.204868309898302e-05,-8.08,-52.6,-6.866888523101807,-45.181129455566406
46.17378583,8.788556051,407.5,2009.0,-0.9741004551724206,0.0001047876503434,-7.49,-47.38490369,-8.510465621948242,-60.372718811035156
1.53,110.34,7.5837402,2014.0,0.2386727660059501,2.6166424504481256e-05,-6.76,-44.9,-7.791064739227295,-58.366432189941406
-27.43,153.08,5.7802734,1986.0,-0.9741004551724206,5.023063931730576e-05,-2.18,0.8,-2.4221863746643066,-3.5854263305664062
53.93,27.63,218.125,1983.0,0.9510565162951535,0.0,-15.4,-104.0,-11.496423721313477,-83.9573745727539
19.2,-96.13,0.0,1985.0,-0.7236440382959123,0.0,-1.39,-0.9,-3.467855930328369,-13.371315002441406
43.91281944,4.888775,30.959961,2020.0,0.2386727660059501,0.0002061891573248,-4.2,-27.5,-6.622526168823242,-42.97425842285156
32.63333333,-16.9,0.0,1991.0,0.2386727660059501,1.188849000754999e-05,-1.51,-0.7,-3.783255100250244,-16.322975158691406
44.09,11.08,1145.625,1974.0,0.29671281927349075,3.634354969750397e-11,-7.57,-45.5,-6.24946403503418,-40.064064025878906
35.68,139.77,22.099609,1973.0,-0.2135209154397959,2.366741864534561e-05,-2.04,-7.8,-6.979349613189697,-46.785621643066406
37.90111111,40.20361111,674.46875,2009.0,0.29671281927349075,0.0,-4.69,-24.83,-4.696699619293213,-24.871437072753906
-17.83,31.02,1473.25,1996.0,0.6994583270516471,5.465354479383677e-05,-7.1,-44.6,-5.570112705230713,-33.045265197753906
46.49143367,9.898180888,1767.6875,1995.0,0.6994583270516471,0.0,-18.77,-144.8,-15.34840202331543,-116.2209243774414
-21.02823729,55.47161911,1175.3125,2012.0,-0.23867276600594997,0.0,-3.0,-8.51,-4.130194187164307,-19.569801330566406
49.04,37.577,66.21875,2017.0,0.6994583270516471,4.560750676319003e-05,-14.01,-103.6,-12.01053237915039,-88.26346588134766
41.78,-87.75,186.0,1963.0,0.741222010848596,0.0,-1.8,-21.1,-6.866888523101807,-45.181129455566406
-12.43,130.87,16.515625,1975.0,-0.2884824328806098,0.0008242092444561,-4.56,-28.2,-5.090948581695557,-28.561012268066406
4.7,-74.13,2551.125,2013.0,-0.7236440382959123,0.0,-11.09,-74.77,-8.16019058227539,-63.632789611816406
46.89,7.49,659.34375,2016.0,-0.23030567023061196,0.0,-4.93,-29.65,-6.699181079864502,-43.61164093017578
36.79444444,34.08333333,1385.8125,1990.0,0.741222010848596,0.0,-8.04,-51.6,-4.069540500640869,-19.002174377441406
50.3381,7.6,86.441406,1984.0,-0.6932812268869771,2.428005609544925e-05,-6.51,-41.8,-6.340111255645752,-40.25128936767578
9.0,38.73,2329.125,1975.0,0.9760105506323683,0.0,1.96,29.5,-0.19498300552368164,17.257835388183594
43.587,13.51533333,153.78906,2021.0,0.29671281927349075,1.6101806750157266e-06,-1.7,-9.4,-4.908987522125244,-26.858131408691406
23.64,88.85,18.375977,2015.0,-0.9587178169872964,0.0,-3.58,-19.9,-7.377044677734375,-52.459571838378906
43.71,10.4,9.4057617,1995.0,0.9760105506323683,0.0001292677770834,-4.87,-32.7,-5.88308572769165,-35.974220275878906
-1.43,-48.48,4.737793,1967.0,0.741222010848596,0.0001270288339583,-7.18,-50.6,-3.909414768218994,-17.503639221191406
31.85,36.81666667,510.6875,1968.0,-0.7116566222817751,0.0,-2.58,-3.8,-3.1354737281799316,-10.260719299316406
36.15,-5.35,1.5737915,2011.0,0.6994583270516471,0.0,-2.95,-12.4,-4.598440647125244,-23.951881408691406
44.95,5.78,906.125,1998.0,-0.9741004551724206,8.725578663870692e-05,-8.69,-64.3,-6.866888523101807,-45.181129455566406
9.357072,-75.289167,200.4375,2019.0,0.29671281927349075,0.0,-10.69,-79.5,-6.819428443908691,-47.094215393066406
-20.67777778,139.4875,339.82812,2008.0,-0.970063921851507,0.0,6.07,33.8,-1.2091126441955566,7.767112731933594
17.46,106.62,2.4233398,2014.0,0.741222010848596,0.0,-3.5,-19.5,-3.7662720680236816,-16.164039611816406
33.96666667,-4.983333333,500.04688,2021.0,-0.2884824328806098,5.6714099628152326e-05,-7.31,-44.4,-5.693846225738525,-34.203224182128906
52.8,5.05,-4.4990234,2001.0,-0.4482293417404106,6.745370046701282e-05,-7.639,-45.56,-6.866888523101807,-45.181129455566406
46.37222222,6.470833333,387.75,2002.0,0.741222010848596,0.0,-9.86,-70.7,-7.090532302856445,-47.0543327331543
78.91666667,11.93333333,38.650391,1992.0,0.9721181966290613,2.0885483536403623e-05,-10.86,-77.7,-11.931241989135742,-87.5993423461914
4.463,117.923,902.40625,2007.0,-0.2884824328806098,4.7405257646460086e-05,-7.88,-52.67,-7.4681925773620605,-53.759986877441406
-0.37,-78.55,3064.0,1979.0,0.6994583270516471,3.448433199082501e-05,-15.36,-115.6,-10.402156829833984,-95.6191177368164
-20.299175,57.47873889,391.1875,2022.0,-0.9587178169872964,1.7091393601731397e-05,0.31,11.6,-1.6264100074768066,3.8618392944335938
50.3119,11.8758,564.53125,2002.0,0.6994583270516471,2.618136204546317e-05,-9.1,-66.25,-10.869773864746094,-78.70865631103516
-27.43,153.08,5.7802734,1998.0,0.29671281927349075,0.0,-5.38,-28.5,-2.516806125640869,-4.470924377441406
-3.72,-38.55,19.124023,1969.0,0.741222010848596,4.697602707892656e-05,-3.09,-21.0,-2.8103699684143066,-7.218238830566406
47.81666667,13.71777778,1616.0625,2022.0,0.9307239310379795,0.0,-8.21,-55.84,-11.07695198059082,-80.4439468383789
47.7,27.88333333,177.36719,2014.0,0.6994583270516471,0.0,-9.42,-58.5,-12.151208877563477,-89.4417495727539
49.38,-82.12,243.30469,2002.0,-0.9587178169872964,1.043737938744016e-05,-8.3,-58.2,-10.890235900878906,-78.88004302978516
8.04,79.825,4.4956055,1992.0,-0.9634705485641486,4.602398348652059e-06,-5.5,-34.0,-4.571753025054932,-23.702125549316406
48.65,-123.43,15.649902,1982.0,0.9760105506323683,0.0,-11.4,-82.0,-9.829944610595703,-70.0965576171875
42.58834633,-5.651107617,911.78125,2006.0,-0.9741004551724206,3.974064748035744e-05,-7.16,-47.95,-8.432233810424805,-58.292213439941406
41.91172742,2.763346411,139.71094,2000.0,-0.970063921851507,4.978979632142e-05,-8.22,-61.3,-5.702337741851807,-34.282691955566406
52.1042,8.7519,134.42188,1983.0,-0.2135209154397959,0.0,-3.09,-21.7,-6.236090183258057,-39.277809143066406
46.06666667,14.51666667,298.53125,2000.0,-0.7236440382959123,0.0,-3.06,-11.73,-9.966886520385742,-71.1462173461914
44.42,8.85,5.4519043,1979.0,-0.9587178169872964,0.0,-4.85,-31.4,-4.975706577301025,-27.482521057128906
46.37222222,6.470833333,387.75,2017.0,0.29671281927349075,0.0001631515624467,-5.76,-41.5,-6.627003192901611,-42.93616485595703
78.91666667,11.93333333,38.650391,1993.0,-0.9587178169872964,0.0,-9.25,-66.3,-10.24056625366211,-73.43851470947266
51.01666667,-114.0166667,1033.25,1992.0,-0.7116566222817751,0.0,-21.0,-161.0,-20.382062911987305,-158.38204956054688
41.91595556,13.08333333,499.48438,2001.0,0.7856498550787147,2.9091330361552536e-05,-4.93,-21.62,-5.857004642486572,-35.730140686035156
28.22,-177.37,0.0,1967.0,-0.680773409477016,1.6237196177826263e-05,-1.61,-19.7,-2.9510865211486816,-8.535133361816406
42.7728,-0.33149,1302.3125,2018.0,0.9760105506323683,0.0001086205011233,-11.4,-79.7,-8.813339233398438,-61.484291076660156
-13.0,-38.52,39.933594,1967.0,0.741222010848596,9.637144103180616e-05,-1.02,7.4,-2.9802002906799316,-8.807594299316406
-53.0,-70.833333,32.589844,1995.0,-0.2135209154397959,0.0,-9.95,-75.5,-8.978254318237305,-75.3041763305664
49.38,-82.12,243.30469,1999.0,0.9510565162951535,0.0,-16.18,-123.7,-14.412263870239258,-108.3799819946289
-30.08,-51.18,244.72656,1974.0,-0.2135209154397959,1.8130441592489888e-11,-4.13,-16.2,-5.556768894195557,-32.920387268066406
47.81666667,13.71777778,1616.0625,2002.0,-0.12874817745258066,0.0,-5.32,-25.5,-10.908140182495117,-79.0300064086914
49.0392,8.365,112.44141,1991.0,0.29671281927349075,0.0,-6.42,-46.8,-6.866888523101807,-45.181129455566406
0.05,-51.07,16.0,1989.0,0.29671281927349075,5.432236503111199e-05,-4.52,-18.2,-3.307730197906494,-11.872779846191406
-34.90416667,-56.16666667,34.734375,2015.0,0.9760105506323683,0.0,-5.23,-28.9,-5.998327732086182,-37.052711486816406
47.47051111,21.49041944,105.30859,2003.0,-0.5160623910158526,2.5948014808818695e-05,3.0,12.8,-8.411771774291992,-58.120826721191406
2.916666667,11.15833333,573.625,1994.0,-0.9829265519799822,0.0001013802902889,-5.51,-34.1,-5.331137180328369,-30.808815002441406
-34.05,115.0249,77.78125,2014.0,-0.42500033996955394,0.0001055754473782,-2.14,-1.7,-3.2761902809143066,-11.577613830566406
50.4972,9.9428,920.40625,1985.0,-0.9587178169872964,1.3413226042757742e-05,-6.35,-40.5,-7.8618550300598145,-53.514808654785156
78.91666667,11.93333333,38.650391,1994.0,-0.9741004551724206,0.0,-16.29,-115.7,-10.233967781066895,-74.00737762451172
40.45801195,-1.598681669,1425.875,2014.0,-0.680773409477016,0.0,-7.9,-56.2,-5.610420227050781,-34.644508361816406
14.52,121.0,3.6977539,1963.0,-0.7236440382959123,0.0001815365394577,-5.2,-33.5,-5.860037326812744,-35.758522033691406
17.25,54.08333333,863.25,1989.0,-0.3294084822245302,0.0001179731771117,0.04,8.4,-0.7432923316955566,12.126487731933594
47.81666667,13.71777778,1616.0625,2002.0,0.7856498550787147,0.0,-8.65,-56.8,-10.112678527832031,-72.36734771728516
47.81666667,13.71777778,1616.0625,2022.0,-0.9307239310379793,0.0,-8.446,-50.61,-8.836359024047852,-61.677101135253906
50.06166667,19.84861111,356.8125,2017.0,-0.680773409477016,0.0,-11.0,-79.3,-6.613356113433838,-42.808448791503906
41.67805556,26.55916667,95.183594,2016.0,0.9562348265919056,0.0,-6.23,-43.5,-8.27621078491211,-56.985389709472656
47.6772,9.19,442.90625,1988.0,-0.7116566222817751,4.786200406670105e-06,-12.99,-93.8,-12.171670913696289,-89.6131362915039
51.6,-1.1,55.042969,2019.0,0.9510565162951535,0.0,-6.16,-40.5,-6.580603122711182,-42.501930236816406
52.93,4.78,0.63311768,1981.0,-0.2135209154397959,3.973153070546687e-06,-6.79,-43.8,-6.412895679473877,-40.93244171142578
46.49143367,9.898180888,1767.6875,2015.0,-0.680773409477016,5.1184804760850966e-05,-7.85,-51.8,-9.125385284423828,-64.09793853759766
-30.08,-51.18,244.72656,1966.0,0.29671281927349075,0.0,-3.44,-16.7,-5.049704074859619,-28.175025939941406
55.677,12.56,17.620117,2019.0,0.9760105506323683,4.035931851831265e-06,-7.53,-47.9,-8.879840850830078,-62.041297912597656
38.43055556,27.15111111,13.000488,2018.0,-0.2884824328806098,0.0,-6.44,-37.6,-5.823645114898682,-35.417945861816406
48.65,-123.43,15.649902,1979.0,-0.9587178169872964,9.85219048743602e-06,-7.3,-44.0,-7.228498935699463,-51.69043731689453
-41.47,-72.93,43.574219,1993.0,0.741222010848596,0.0005148243508301,-13.46,-94.0,-6.208189487457275,-39.016700744628906
38.98916547,-3.920273851,626.8125,2001.0,0.29671281927349075,0.0,-7.87,-62.8,-4.845907688140869,-26.267799377441406
48.24861111,16.35638889,200.63281,2003.0,0.741222010848596,2.0740533727803268e-05,-6.19,-40.0,-7.257585525512695,-48.45354461669922
26.08333333,119.2833333,13.927246,1989.0,-0.680773409477016,6.846418546047062e-05,-7.67,-55.5,-7.78154182434082,-58.230567932128906
-75.58333333,-20.56666667,105.53516,1975.0,0.9760105506323683,6.18582136953423e-08,-18.07,-137.2,-16.53047752380371,-133.11581420898438
-33.95833333,18.46111111,109.49609,2000.0,-0.9634705485641486,2.026487436523894e-06,-1.98,-3.0,-3.0675415992736816,-9.624977111816406
46.22030867,7.33848445,481.70312,2011.0,-0.9587178169872964,0.0,-4.4,-30.7,-7.844574451446533,-53.40388107299805
46.17378583,8.788556051,407.5,1984.0,-0.7116566222817751,7.316053233807907e-05,-12.3,-84.8,-12.616720199584961,-93.3407974243164
-65.07944444,-63.9775,286.6875,2004.0,0.6994583270516471,1.2356236025138888e-05,-6.46,-48.7,-9.041740417480469,-76.2099380493164
53.8713,8.7058,4.7202148,2001.0,-0.2135209154397959,4.2806448618648574e-05,-5.68,-39.9,-6.426846027374268,-41.06299591064453
15.61666667,-16.21666667,32.458984,2014.0,-0.680773409477016,0.0,-4.23,-26.0,-3.4314637184143066,-13.030738830566406
68.68333333,21.53,459.29688,1992.0,-0.6932812268869771,3.8426216633524746e-05,-12.8,-106.6,-13.563089370727539,-101.2674331665039
-27.17,-109.43,140.28906,1997.0,0.6994583270516471,1.1574036761885507e-05,-3.26,-11.2,-3.1645874977111816,-10.533180236816406
46.98141401,6.607999655,1046.0625,1995.0,-0.7236440382959123,6.784327706554905e-05,-12.79,-91.1,-12.63206672668457,-93.4693374633789
51.1622,14.9506,238.80469,1999.0,-0.680773409477016,0.0,-7.24,-54.3,-6.6038031578063965,-42.71904754638672
60.78,-161.8,16.938477,1963.0,-0.2884824328806098,0.0,-12.5,-100.9,-13.353353500366211,-99.5107192993164
52.2914,10.4464,80.6875,2003.0,0.9510565162951535,1.041735231410712e-05,-3.62,-41.3,-8.787761688232422,-61.270057678222656
51.18,8.4889,841.375,2007.0,0.9760105506323683,6.226004188647494e-05,-9.73,-66.7,-9.222579956054688,-64.91202545166016
47.8008,11.0108,974.96875,1974.0,0.2386727660059501,3.997161911684088e-05,-12.02,-85.7,-12.458139419555664,-92.0125503540039
13.05,123.97,661.0625,1998.0,-0.2884824328806098,5.883896301384084e-05,-5.21,-26.7,-3.6692261695861816,-15.255836486816406
9.49,138.09,7.6940918,1973.0,0.2386727660059501,6.121528713265434e-05,-0.33,3.8,-4.884726047515869,-26.631080627441406
-0.166666667,-78.48333333,2781.625,2016.0,-0.6932812268869771,0.0,-7.59,-49.5,-7.056881904602051,-49.797218322753906
-14.67,17.7,1367.125,1979.0,0.9760105506323683,0.0,-6.77,-45.1,-6.446089267730713,-43.860755920410156
51.93,-10.25,33.068359,2011.0,-0.2135209154397959,2.9967020509502618e-06,-4.56,-29.3,-5.537359714508057,-32.738746643066406
34.9,-120.45,72.417969,1976.0,0.9721181966290613,0.0,-6.33,-37.2,-5.046064853668213,-28.140968322753906
41.02444444,40.52,10.936523,2009.0,0.2386727660059501,0.0,-13.91,-90.12,-10.926044464111328,-79.17996978759766
31.62,-97.22,151.59375,1964.0,-0.6932812268869771,0.0,-1.6,-4.4,-3.133047580718994,-10.238014221191406
5.93,116.06,4.5031738,2018.0,0.741222010848596,4.7043224185472354e-05,-3.87,-18.9,-6.344357013702393,-40.29102325439453
47.7,27.88333333,177.36719,2017.0,0.9510565162951535,1.4615072359447367e-05,-8.6,-53.9,-9.915731430053711,-70.7177505493164
9.316666667,42.11666667,1932.8125,2002.0,-0.680773409477016,0.0,-2.58,-3.1,-1.8205018043518066,2.0454330444335938
51.6,-1.1,55.042969,2014.0,-0.2884824328806098,1.6997832062770613e-05,-7.47,-49.6,-7.85418176651001,-53.450538635253906
-0.37,-78.55,3064.0,2020.0,-0.23030567023061196,0.0,-10.83,-74.8,-8.177423477172852,-63.878639221191406
51.93,-10.25,33.068359,2017.0,0.29671281927349075,5.638997208734509e-06,-4.39,-29.8,-5.9479851722717285,-36.581581115722656
-46.42,168.32,-0.90939331,1983.0,-0.9587178169872964,0.0,-6.28,-41.9,-6.866888523101807,-45.181129455566406
49.93333333,36.28333333,149.28125,2019.0,0.2386727660059501,4.107254426344298e-05,-15.05,-108.8,-11.874971389770508,-87.1280288696289
50.9,14.8,240.94531,2021.0,0.741222010848596,0.0,-10.74,-80.5,-7.648921966552734,-51.73131561279297
47.07777778,15.44888889,370.03125,1978.0,0.9510565162951535,0.0,-12.62,-93.3,-11.051374435424805,-80.2297134399414
35.27,-75.55,0.0,1964.0,0.6994583270516471,0.0008647025679238,-7.0,-40.3,-5.35421085357666,-31.096324920654297
53.23,6.55,7.7121582,1979.0,0.741222010848596,1.2915330444229768e-05,-8.57,-58.8,-6.866888523101807,-45.181129455566406
82.5,-62.33333333,62.875,1991.0,-0.9587178169872964,0.0,-26.05,-193.4,-25.108793258666992,-197.97238159179688
48.24861111,16.35638889,200.63281,2001.0,0.6994583270516471,2.8419362934073437e-05,-12.62,-96.7,-11.107645034790039,-80.7010269165039
47.74305556,16.84333333,119.03125,2019.0,-0.2884824328806098,0.0,-14.84,-113.2,-12.248403549194336,-90.2558364868164
48.24861111,16.35638889,200.63281,1995.0,-0.2135209154397959,1.3388746083364822e-05,-4.63,-33.8,-6.529350757598877,-42.02228546142578
36.61002222,34.31045278,11.975586,1991.0,-0.7236440382959123,0.0001614160864846,-5.15,-24.5,-4.930822849273682,-27.062477111816406
40.008,-105.2682583,1647.3125,2014.0,-0.9741004551724206,0.0,-9.56,-63.0,-14.642461776733398,-110.3080825805664
34.01937778,-6.838286111,18.375977,2000.0,-0.9398560579418953,0.0,-6.21,-39.12,-3.938528537750244,-17.776100158691406
19.24921667,-99.25580556,2983.5,2015.0,-0.41719360261231697,0.0,-10.878,-75.1,-7.681822299957275,-57.918373107910156
47.47051111,21.49041944,105.30859,2009.0,-0.12874817745258066,1.0631530130922329e-05,-2.87,-23.94,-7.139928817749023,-47.46807098388672
38.01666667,-7.866666667,279.60938,1990.0,0.9760105506323683,1.1546483619895298e-05,-6.03,-40.3,-5.006033420562744,-27.766334533691406
41.67805556,26.55916667,95.183594,2012.0,-0.27195815753410524,0.0,-11.16,-71.47,-9.698322296142578,-68.89676666259766
46.60305556,13.67138889,2148.125,2017.0,-0.9873494423939864,1.7734733773977496e-05,-9.106,-53.66,-8.67356014251709,-63.98418426513672
46.60305556,13.67138889,2148.125,2017.0,0.741222010848596,1.2519464689830784e-05,-8.665,-60.75,-8.907096862792969,-65.45136260986328
-40.68,144.69,82.167969,2011.0,0.2386727660059501,0.0,-2.07,-10.1,-4.674864292144775,-24.667091369628906
43.34305556,13.06111111,947.03125,2002.0,0.741222010848596,0.0,-5.3,-25.3,-6.567562580108643,-42.37989044189453
39.46666667,-6.333333333,410.0,2013.0,0.9760105506323683,0.0,-4.25,-20.4,-5.659273624420166,-33.879676818847656
47.37233597,8.083138245,397.48438,2001.0,0.29671281927349075,0.0,-6.67,-49.6,-7.242878437042236,-48.330360412597656
32.18,118.18,39.578125,1992.0,0.9721181966290613,0.0,-3.28,-12.4,-4.501394748687744,-23.043678283691406
41.46666667,46.08333333,0.0,2015.0,-0.2884824328806098,0.0,-9.43,-67.4,-10.583305358886719,-76.30924224853516
39.03,141.81,81.234375,1985.0,0.741222010848596,5.228253940003924e-06,-7.9,-57.1,-7.123100280761719,-48.836524963378906
42.11666667,44.96666667,1107.4375,2014.0,0.6994583270516471,0.0,-11.19,-75.0,-12.724145889282227,-94.2405776977539
50.11622222,14.39291667,182.82031,2016.0,0.9562348265919056,0.0,-11.93,-91.1,-9.437431335449219,-66.71158599853516
-2.77,-171.72,2.7612305,1962.0,0.2386727660059501,0.0,-0.2,8.1,-3.3150086402893066,-11.940895080566406
43.587,13.51533333,153.78906,2001.0,0.9510565162951535,0.0,-7.5,-45.8,-5.796957492828369,-35.168190002441406
-0.694444444,-90.325,182.40625,2001.0,-0.9587178169872964,0.0,-1.44,-1.3,-1.8544678688049316,1.7275619506835938
10.00036389,-84.10913333,1157.3125,2015.0,-0.060213277365792774,0.0,-1.9445214,-11.2400064,-6.387568473815918,-44.005348205566406
4.377083333,18.56247222,359.875,2013.0,0.6994583270516471,0.0,3.6,34.08,-1.2479310035705566,7.403831481933594
48.18427778,16.389575,201.11719,2002.0,0.19667288979357647,1.51446492964169e-05,-2.51,-10.7,-8.017450332641602,-55.708335876464844
42.033333,43.483333,1077.1875,2017.0,-0.9741004551724206,0.0,-10.26,-67.4,-6.81101131439209,-44.658203125
50.06166667,19.84861111,356.8125,2006.0,-0.2884824328806098,6.939697868801886e-06,-12.96,-94.6,-11.95937728881836,-87.83499908447266
-27.43,153.08,5.7802734,1963.0,0.2386727660059501,0.0,-0.8,-3.8,-3.749289035797119,-16.005104064941406
24.35,109.4,101.74609,1990.0,0.741222010848596,0.0,-8.06,-57.0,-3.210684299468994,-10.964576721191406
50.06166667,19.84861111,356.8125,1993.0,0.6994583270516471,2.2019892639946196e-05,-16.69,-124.5,-12.560449600219727,-92.8694839477539
-75.58333333,-20.56666667,105.53516,1979.0,-0.7236440382959123,1.1727764438597257e-08,-23.38,-174.2,-20.989301681518555,-168.43185424804688
-20.47583333,57.63944444,58.746094,1992.0,-0.6932812268869771,4.025784164696233e-06,-4.5,-0.6,-1.9539399147033691,0.7966537475585938
7.198611111,-72.97388889,1864.375,2006.0,-0.7236440382959123,0.0005571478977799,-8.1,-50.24,-6.9458513259887695,-49.755348205566406
47.81666667,13.71777778,1616.0625,2019.0,-0.3049212246562894,0.0002464940480422,-12.891,-97.68,-12.294443130493164,-90.6414566040039
49.0422,12.1019,370.21875,1982.0,-0.680773409477016,0.0,-6.0,-38.1,-6.866888523101807,-45.181129455566406
-53.0,-70.833333,32.589844,2008.0,0.2386727660059501,2.705069528019521e-05,-1.85,-23.9,-8.595523834228516,-69.8437271118164
17.25,54.08333333,863.25,1989.0,-0.2135209154397959,0.0,-0.88,7.1,-1.0441346168518066,9.311058044433594
28.22,-177.37,0.0,1968.0,0.2386727660059501,0.0,-2.4,-9.2,-3.322287082672119,-12.009010314941406
48.4042,2.6965,79.179688,2017.0,-0.2884824328806098,0.0,-7.66,-49.2,-8.310741424560547,-57.27460479736328
13.73,100.5,5.7392578,2019.0,0.29671281927349075,0.0001258817937923,-5.21,-29.7,-5.249861240386963,-30.048194885253906
52.1,5.18,1.7967529,1994.0,-0.5667017562911184,0.0,-6.0,-38.6,-6.866888523101807,-45.181129455566406
53.23,6.55,7.7121582,1994.0,0.9760105506323683,0.0,-9.06,-58.0,-7.6159749031066895,-52.270835876464844
47.833185,1.940433,113.78516,1997.0,-0.2135209154397959,0.0,-7.6,-49.7,-5.682928562164307,-34.101051330566406
-1.68218,29.22716,1527.1875,2019.0,0.29671281927349075,6.194257366587408e-06,-1.19,6.9,-1.1169190406799316,8.629905700683594
-0.694444444,-90.325,182.40625,2002.0,-0.680773409477016,0.0,-1.34,0.9,-1.6943421363830566,3.2260971069335938
43.365884,-8.421399,56.794922,2008.0,-0.7116566222817751,0.0001732145901769,-6.12,-33.0,-5.146749973297119,-29.083229064941406
4.359,117.986,163.78906,2007.0,-0.2135209154397959,0.0,-9.01,-60.31,-7.725311279296875,-57.428321838378906
22.31666667,114.1666667,34.056641,2014.0,0.2386727660059501,0.0,-9.08,-60.9,-3.2470765113830566,-11.305152893066406
4.05,114.81,27.053711,2008.0,0.7856498550787147,0.0001278060954064,-5.54,-39.21,-6.5205559730529785,-41.939979553222656
60.18008889,24.83286111,14.698242,2015.0,0.29671281927349075,0.0,-10.39,-75.1,-9.150962829589844,-64.31217193603516
5.383333333,103.1,10.330566,2016.0,0.9562348265919056,0.0002016563084907,-1.22,0.4,-5.099440097808838,-28.640480041503906
40.67,22.96,94.164062,2001.0,-0.680773409477016,0.0001608220918569,-2.62,-19.9,-5.073965549468994,-28.402076721191406
18.47,-70.02,1.0,1996.0,0.2386727660059501,7.877052667026874e-06,-1.21,1.4,-1.9223999977111816,1.0918197631835938
44.73805556,-0.774722222,59.488281,2016.0,-0.6932812268869771,0.0,-4.31,-31.4,-3.841482639312744,-16.867897033691406
26.08333333,119.2833333,13.927246,1989.0,-0.2884824328806098,0.0,-2.0,-12.2,-3.6109986305236816,-14.710914611816406
41.15305556,-96.49277778,352.0625,1992.0,0.6994583270516471,0.0,-12.8,-80.0,-9.459173202514648,-66.89368438720703
7.266666667,80.6,481.4375,1993.0,-0.9741004551724206,0.0003932173131033,-4.5,-35.0,-6.13115930557251,-38.295814514160156
-34.23583333,142.0866667,49.828125,2011.0,0.9510565162951535,0.0,-9.12,-60.1,-4.249075412750244,-20.682350158691406
52.1042,8.7519,134.42188,1996.0,0.7295575540864875,0.0,-7.29,-51.4,-7.060798168182373,-46.8052864074707
-34.05,115.0249,77.78125,2016.0,-0.994217906893952,0.0,-2.74,-7.1,-2.9607911109924316,-8.625953674316406
32.09194444,35.77694444,820.25,1991.0,0.2386727660059501,0.0,-6.53,-27.4,-5.042425632476807,-28.106910705566406
-41.47,-72.93,43.574219,1997.0,0.6994583270516471,0.0,-4.5,-33.5,-6.2148613929748535,-39.079139709472656
50.3381,7.6,86.441406,2000.0,-0.9634705485641486,0.0,-6.93,-48.3,-6.620487213134766,-43.37017059326172
48.8281,9.2,313.79688,1981.0,0.9760105506323683,8.956647070590407e-05,-10.56,-86.1,-10.179180145263672,-72.92435455322266
50.11622222,14.39291667,182.82031,2015.0,0.6994583270516471,3.393541192053817e-05,-11.63,-87.6,-10.562843322753906,-76.13785552978516
-27.17,-109.43,140.28906,2008.0,-0.27195815753410524,9.580753612681292e-06,-1.23,-8.5,-3.074820041656494,-9.693092346191406
48.24861111,16.35638889,200.63281,1974.0,-0.7236440382959123,4.487836520183919e-07,-13.75,-99.7,-11.128107070922852,-80.8724136352539
-20.04277778,57.66694444,26.814453,1994.0,0.9760105506323683,2.0302064513089132e-05,-2.92,-11.4,-3.341696262359619,-12.190650939941406
-40.68,144.69,82.167969,1980.0,0.2386727660059501,0.0,-2.78,-11.6,-4.87380838394165,-26.528907775878906
49.0422,12.1019,370.21875,2010.0,-0.2135209154397959,7.992472092155367e-05,-5.9,-41.39,-6.6668829917907715,-43.30937957763672
41.05916667,-100.7463889,918.34375,1999.0,0.8880573226294932,0.0,-6.2,-35.0,-10.56795883178711,-76.18070220947266
7.0,-73.08333333,1079.75,2005.0,0.6994583270516471,0.0001103196336771,-4.15,-21.91,-9.357357025146484,-80.7128677368164
-53.0,-70.833333,32.589844,2000.0,0.9721181966290613,0.0,-8.96,-66.9,-8.092170715332031,-62.662330627441406
-27.17,-109.43,140.28906,2011.0,0.9510565162951535,4.115034971619025e-05,-0.75,8.3,-3.273764133453369,-11.554908752441406
50.3381,7.6,86.441406,1998.0,0.2386727660059501,0.0,-8.6,-59.7,-9.278850555419922,-65.38333892822266
47.8747,8.0036,1487.3125,1981.0,-0.9587178169872964,3.534114875947125e-05,-8.24,-52.9,-8.783926010131836,-61.23792266845703
23.16666667,-82.33333333,0.0,1990.0,0.9510565162951535,2.757392167040962e-06,-2.15,-5.5,-2.0728211402893066,-0.31589508056640625
48.24861111,16.35638889,200.63281,2007.0,-0.7236440382959123,0.0,-10.04,-70.41,-10.434955596923828,-75.06668853759766
48.65,-123.43,15.649902,1982.0,0.9510565162951535,0.0001421181223122,-14.0,-100.0,-9.57375431060791,-68.29486846923828
41.8,-6.733333333,678.8125,1989.0,0.9760105506323683,0.0,-6.75,-36.9,-7.4004998207092285,-49.638633728027344
10.00036389,-84.10913333,1157.3125,2017.0,-0.7961828637826154,0.0,-10.48143883,-72.14571,-6.463035583496094,-43.486244201660156
40.8203002,0.493333172,52.294922,2014.0,-0.2135209154397959,0.0,-1.15,-5.9,-3.346548557281494,-12.236061096191406
36.98,35.3,22.958008,2020.0,0.7295575540864875,0.0,-4.57,-25.9,-2.841909885406494,-7.513404846191406
46.98141401,6.607999655,1046.0625,2010.0,0.9510565162951535,2.087850953103043e-05,-11.44,-79.64532195,-11.782892227172852,-86.3567886352539
41.05916667,-100.7463889,918.34375,1996.0,-0.8543221697498269,0.0,-6.3,-45.0,-8.264701843261719,-56.88898468017578
51.6,-1.1,55.042969,2010.0,-0.2135209154397959,0.0,-3.61,-28.7,-6.15056848526001,-38.477455139160156
4.05,114.81,27.053711,2008.0,-0.38566340624360745,0.0002234494313597,-15.19,-109.68,-6.866888523101807,-45.181129455566406
40.41195035,-3.67806112,671.09375,1989.0,0.741222010848596,3.838921838905662e-05,-4.32,-25.1,-5.638651371002197,-33.686683654785156
51.1622,14.9506,238.80469,2001.0,-0.9587178169872964,9.286894965043755e-06,-9.16,-63.9,-7.457902431488037,-51.09111022949219
40.2778,-111.7148,1406.625,2018.0,-0.9741004551724206,0.0,-18.04,-133.3,-13.379968643188477,-101.90958404541016
4.05,114.81,27.053711,2008.0,-0.11165900712169444,9.442349255550651e-05,-10.41,-70.73,-7.30698299407959,-51.459999084472656
47.6772,9.19,442.90625,2003.0,0.2386727660059501,0.0,-10.72,-80.75,-12.422330856323242,-91.7126235961914
39.46666667,-6.333333333,410.0,2000.0,0.7295575540864875,0.000120013646665,-6.5,-48.7,-5.0193772315979,-27.891212463378906
5.383333333,103.1,10.330566,2015.0,0.741222010848596,2.3835187676013447e-05,-4.3,-23.2,-5.198912143707275,-29.571388244628906
50.3381,7.6,86.441406,2002.0,-0.2884824328806098,3.097703302046284e-05,-8.71,-66.9,-9.867134094238281,-70.31070709228516
46.49143367,9.898180888,1767.6875,2017.0,0.2386727660059501,0.0001113591279136,-20.86,-156.5,-15.031240463256836,-113.5644302368164
36.17222222,8.728055556,633.375,2004.0,0.2386727660059501,4.563598849927075e-05,-9.65,-63.39,-6.029867649078369,-37.347877502441406
51.116535,17.029468,118.94141,2004.0,0.2802306751992159,1.310063453274779e-05,-3.952875,-24.9081969,-8.280048370361328,-57.01752471923828
-6.18,106.83,5.1230469,1986.0,-0.2884824328806098,8.580655412515625e-05,-6.11,-37.8,-5.521589756011963,-32.591163635253906
53.57,-113.52,665.5,1965.0,-0.2135209154397959,1.644815165491309e-05,-12.4,-98.3,-14.402032852172852,-108.2942886352539
33.65694444,73.26611111,580.9375,2019.0,-0.680773409477016,6.460301665356383e-05,-6.53,-40.2,-5.013311862945557,-27.834449768066406
-1.68421,29.01794,1465.6875,2015.0,-0.9587178169872964,1.1096122761955485e-05,-1.539,5.75,-1.4856934547424316,5.178733825683594
17.46,106.62,2.4233398,2020.0,-0.23030567023061196,4.653114501707023e-06,-7.73,-55.7,-7.032383918762207,-48.87458038330078
50.9,14.8,240.94531,2020.0,0.2386727660059501,0.0,-9.38,-66.0,-10.759790420532227,-77.7874526977539
44.051,10.164,170.76562,2020.0,0.16280701293851715,3.167833710904233e-05,-4.4,-23.75,-4.823609352111816,-27.605018615722656
-18.91472222,47.55805556,1278.5,2017.0,0.9760105506323683,0.0001827424421207,-8.64,-54.9,-5.561621189117432,-32.965797424316406
32.81333333,130.7291667,25.359375,2020.0,0.6994583270516471,3.68589053323376e-06,-4.89,-20.4,-4.741583347320557,-25.291481018066406
48.18427778,16.389575,201.11719,2002.0,-0.4862727071086902,0.0,-8.47,-58.8,-8.663711547851562,-60.23102569580078
42.58834633,-5.651107617,911.78125,2017.0,-0.9741004551724206,1.592696935404092e-05,-5.43,-37.0,-8.638134002685547,-60.01679229736328
47.59583333,7.594444444,248.26562,2006.0,0.2386727660059501,7.015101436991245e-05,-10.5,-81.15,-9.726457595825195,-69.1324234008789
28.276976,84.30961,2101.5,2016.0,-0.9932568492674143,0.0,-11.07865527,-84.88891789,-8.671707153320312,-70.9306411743164
40.37,-81.8,372.875,1970.0,0.9760105506323683,0.0,-7.33,-46.4,-6.866888523101807,-45.181129455566406
47.8008,11.0108,974.96875,1991.0,-0.680773409477016,7.197392551461235e-05,-7.7,-51.8,-6.866888523101807,-45.181129455566406
49.0422,12.1019,370.21875,1998.0,0.29671281927349075,0.0001538728683954,-6.49,-46.3,-6.939304828643799,-45.78767776489258
10.00036389,-84.10913333,1157.3125,2014.0,-0.594726686960764,7.435118459397927e-05,-4.164561333,-19.23633398,-5.9664716720581055,-38.426246643066406
32.74271667,39.02605833,794.53125,2012.0,0.017213356155834685,0.0,-5.56,-29.0,-4.876234531402588,-26.551612854003906
58.65,49.61666667,162.28906,1999.0,-0.9587178169872964,6.596913863177178e-06,-12.0,-88.0,-12.166555404663086,-89.5702896118164
51.93,-10.25,33.068359,1987.0,-0.9587178169872964,1.9026774680241942e-05,-4.64,-22.7,-5.266844272613525,-30.207130432128906
39.48056611,-0.366386255,14.827637,2017.0,-0.680773409477016,0.0001111648889491,-2.02,-6.3,-3.8099427223205566,-16.572731018066406
45.6,13.93333333,486.53125,2001.0,-0.9398560579418953,0.0,-6.28,-37.27,-6.752845764160156,-44.54846954345703
-3.72,-38.55,19.124023,1969.0,0.9510565162951535,3.031232517969329e-05,-0.87,3.5,-3.715322971343994,-15.687232971191406
22.31666667,114.1666667,34.056641,1980.0,0.6994583270516471,0.0,-2.95,-12.8,-2.744863986968994,-6.605201721191406
-0.743055556,-90.30222222,1.7120972,2013.0,0.07738647923346301,2.427585741315852e-06,-0.58172583,2.574753118,-1.4953980445861816,5.087913513183594
35.75,-106.2561111,1644.5,1991.0,-0.38566340624360745,0.0,-10.62,-76.2,-8.226398468017578,-64.5773696899414
5.93,116.06,4.5031738,2019.0,-0.680773409477016,8.713380339031573e-06,-3.46,-18.0,-6.053966045379639,-38.299049377441406
39.95,32.88,920.125,2002.0,-0.20510449986861926,0.0,-30.22,-235.7,-4.457724094390869,-22.634986877441406
53.23,6.55,7.7121582,1964.0,0.2802306751992159,7.379813905572519e-05,-7.0,-48.5,-7.074865818023682,-46.92311477661133
45.8,28.2,40.330078,2015.0,-0.680773409477016,0.0,-5.72,-33.0,-6.629126071929932,-42.956031799316406
8.727777778,77.71833333,39.275391,2004.0,-0.970063921851507,0.0001892843138193,-4.7,-26.2,-5.716789245605469,-34.965232849121094
45.8,28.2,40.330078,2018.0,-0.2884824328806098,0.0,-10.91,-77.2,-12.683221817016602,-93.8978042602539
53.93,27.63,218.125,1983.0,0.741222010848596,3.089697929681279e-05,-6.7,-44.0,-8.62150764465332,-59.877540588378906
46.60305556,13.67138889,2148.125,2001.0,0.9679377830240642,0.0,-11.52,-82.6,-11.319938659667969,-82.47916412353516
76.76666667,-18.66666667,0.0,2020.0,-0.7116566222817751,0.0,-22.7,-173.4,-18.75533103942871,-144.75680541992188
26.27,50.62,2.3325195,1963.0,0.741222010848596,0.0,0.0,9.9,-0.5831665992736816,13.625022888183594
46.64833333,14.31833333,448.71875,2002.0,0.741222010848596,0.0,-5.73,-40.1,-8.471879959106445,-58.62427520751953
43.587,13.51533333,153.78906,2014.0,-0.2135209154397959,3.153239595121704e-05,-5.22,-30.6,-4.653028964996338,-24.462745666503906
7.47,151.85,0.0,1974.0,-0.9587178169872964,4.243443618179299e-05,-6.52,-39.5,-5.964968204498291,-36.740516662597656
48.24861111,16.35638889,200.63281,2002.0,0.6994583270516471,9.013580893224573e-06,-6.78,-56.0,-11.071836471557617,-80.4011001586914
-22.94916667,-46.54916667,855.53125,1998.0,0.5737722679043246,0.0,-3.53,-14.2,-4.768270969390869,-25.541236877441406
0.31524,9.44157,0.0,2021.0,0.9760105506323683,4.9885595217347145e-05,-3.58,-16.6,-2.7375855445861816,-6.537086486816406
38.05011111,23.866675,444.85938,2004.0,-0.7116566222817751,0.0,-6.03,-29.9,-5.743582248687744,-34.668678283691406
36.55530278,126.635925,59.384766,2021.0,0.9510565162951535,0.0,-5.44,-25.8,-5.891577243804932,-36.053688049316406
-33.95833333,18.46111111,109.49609,2001.0,-0.8359254794186365,0.0,-3.71,-14.0,-2.992331027984619,-8.921119689941406
33.65694444,73.26611111,580.9375,1992.0,0.7295575540864875,1.8422484572511166e-05,-1.33,14.96,0.19320058822631836,20.890647888183594
46.60305556,13.67138889,2148.125,1992.0,-0.23030567023061196,0.0002014097699429,-12.05,-85.9,-6.91920280456543,-45.61930465698242
50.7311,13.7514,876.875,2013.0,-0.7236440382959123,0.0,-9.3,-60.2,-10.757232666015625,-77.76602935791016
-21.43846,-65.71519,2957.125,2009.0,0.6994583270516471,0.0,-15.14,-101.0,-9.272104263305664,-79.4965591430664
49.7703,9.9578,265.90625,1999.0,0.9510565162951535,0.0,-10.12,-70.75,-9.087018966674805,-63.776588439941406
-3.12,-60.02,49.394531,1986.0,0.9760105506323683,6.016257611918263e-05,-7.4,-54.6,-6.632462024688721,-42.98725128173828
47.81666667,13.71777778,1616.0625,2019.0,0.7526668275320084,6.0735295846825466e-05,-9.159,-65.83,-9.213628768920898,-64.83704376220703
50.4972,9.9428,920.40625,1992.0,0.9721181966290613,0.0001050107894116,-11.51,-81.8,-9.456615447998047,-66.87226104736328
-24.11,-65.19,1321.5625,1988.0,-0.6932812268869771,0.0,-0.5,10.0,-3.7856812477111816,-16.345680236816406
49.0422,12.1019,370.21875,2008.0,-0.7116566222817751,4.071533840033226e-05,-9.54,-63.0,-11.327611923217773,-82.5434341430664
43.71,10.4,9.4057617,2000.0,-0.7116566222817751,0.0,-6.66,-37.5,-6.405920505523682,-40.867164611816406
44.13333333,6.333333333,881.625,2007.0,-0.9587178169872964,0.0,-5.17,-26.77,-6.899252891540527,-46.44226837158203
41.64083945,-4.754446679,735.625,2021.0,-0.2884824328806098,8.982723556982819e-06,-7.27,-50.8,-9.084461212158203,-63.755165100097656
13.05,123.97,661.0625,1997.0,-0.680773409477016,0.0,-3.44,-18.7,-5.334776401519775,-30.842872619628906
58.38277778,21.81416667,5.9343262,2020.0,0.6994583270516471,0.0,-10.57,-80.0,-12.212594985961914,-89.9559097290039
41.15305556,-96.49277778,352.0625,1993.0,-0.7469720876965551,0.0,-11.5,-72.0,-8.350385665893555,-57.606666564941406
34.71666667,10.68333333,23.232422,2004.0,-0.27195815753410524,0.0,-5.79,-31.5,-5.521589756011963,-32.591163635253906
39.55339029,2.625298143,5.3820801,2003.0,-0.2884824328806098,3.7814400002389448e-06,-8.36,-64.12,-5.776941776275635,-34.980873107910156
35.9075,-106.4038889,3100.375,1991.0,-0.5595892624101763,0.0,-9.61,-62.1,-7.752519607543945,-57.816505432128906
0.453055556,33.195,1174.25,2004.0,-0.7116566222817751,0.0001400107576046,-4.2,-22.8,-2.924398899078369,-8.285377502441406
47.47051111,21.49041944,105.30859,2009.0,0.5737722679043246,1.980909655685537e-05,-1.92,-23.06,-8.242959976196289,-56.706886291503906
42.58834633,-5.651107617,911.78125,2015.0,-0.2884824328806098,1.7833403035183437e-05,-7.29,-44.0,-9.659955978393555,-68.5754165649414
11.48527778,-3.5225,322.23438,2005.0,-0.9741004551724206,0.0,-6.58,-39.27,-3.108786106109619,-10.010963439941406
66.49686111,25.75518056,108.88672,2009.0,-0.2135209154397959,0.0,-10.08,-73.8,-9.03074836730957,-63.305274963378906
68.75944444,161.3425,38.8125,2009.0,0.9510565162951535,0.0,-28.9,-221.1,-28.80219078063965,-228.90768432617188
47.81666667,13.71777778,1616.0625,2020.0,-0.9988797155850335,6.498367292806506e-05,-15.262,-107.15,-9.486026763916016,-67.20146179199219
46.72738634,8.186782163,600.90625,2007.0,-0.9741004551724206,0.0,-8.67,-62.19,-10.105005264282227,-72.3030776977539
-16.49888889,-68.12305556,3582.75,1996.0,-0.23030567023061196,0.0,-9.04,-58.8,-9.446237564086914,-81.9809341430664
13.07176111,-59.48972222,45.302734,1964.0,0.6994583270516471,9.467327799939085e-06,0.8,11.8,-1.0441346168518066,9.311058044433594
49.7478,6.6581,259.26562,1982.0,0.741222010848596,5.075849185232073e-05,-5.25,-35.6,-6.866888523101807,-45.181129455566406
78.91666667,11.93333333,38.650391,2008.0,0.6994583270516471,0.0,-12.95,-94.2,-12.15632438659668,-89.4845962524414
28.22,-177.37,0.0,1965.0,0.9510565162951535,0.0,2.8,21.7,-3.288321018218994,-11.691139221191406
-20.9731,-66.33189,4333.0,2010.0,0.741222010848596,0.0,-13.47,-91.4,-10.832048416137695,-101.7524185180664
52.1,5.18,1.7967529,1989.0,-0.9741004551724206,2.8180593290016983e-05,-5.55,-26.8,-7.226253509521484,-48.14838790893555
52.2914,10.4464,80.6875,1979.0,-0.2884824328806098,4.0239061490865424e-05,-9.63,-68.5,-10.15871810913086,-72.75296783447266
47.98,-55.82,119.36328,2005.0,0.29671281927349075,7.01527897035703e-05,-7.1,-49.7,-8.017877578735352,-54.821632385253906
41.66056063,-1.004162565,244.98438,2001.0,-0.9741004551724206,0.0,-2.94,-22.8,-6.088095188140869,-37.892799377441406
41.05916667,-100.7463889,918.34375,1997.0,0.5947266869607634,0.0,-16.0,-112.0,-11.58338737487793,-84.6857681274414
-8.77,-63.92,52.0,1974.0,-0.9741004551724206,6.805808425269788e-06,-0.4,9.0,-2.880728244781494,-7.876686096191406
54.0967,13.4056,1.5458374,2007.0,0.2386727660059501,3.4086042433045805e-05,-9.24,-66.9,-9.91317367553711,-70.69632720947266
0.104722222,-79.28333333,243.28906,1994.0,0.9510565162951535,0.0003208364942111,-5.34,-29.5,-5.031507968902588,-28.004737854003906
-13.0,28.65,1260.6875,2008.0,0.2386727660059501,0.0001659626723267,-7.62,-49.15,-4.945379734039307,-27.198707580566406
-35.07,173.28,71.449219,1980.0,-0.23030567023061196,2.6739582608570345e-05,-5.84,-26.6,-4.018591403961182,-18.525367736816406
40.40725278,-3.686133333,653.5,2002.0,-0.6870527672236675,6.669306458206847e-05,-4.65,-33.6,-4.956297397613525,-27.300880432128906
28.22,-177.37,0.0,1968.0,-0.970063921851507,0.0,-1.94,-5.1,-3.036001682281494,-9.329811096191406
35.13,-111.67,2151.0,1969.0,0.9510565162951535,0.0,-8.83,-75.1,-8.665359497070312,-70.8400650024414
46.65772518,8.292706832,1061.3125,2022.0,0.29671281927349075,0.0,-5.69,-32.9,-9.020517349243164,-63.219581604003906
19.27116389,-99.20359444,2580.375,2015.0,0.9979171608653922,0.0,-6.157,-36.22,-2.7963309288024902,-10.708808898925781
35.76472222,-106.3569444,2466.0,1990.0,-0.5808002734538013,0.0,-9.65,-95.6,-7.7080793380737305,-57.182472229003906
28.63,-106.07,1444.25,1984.0,-0.9634705485641486,0.0,-5.07,-27.3,-6.866888523101807,-45.181129455566406
49.82,-74.97,386.4375,2003.0,0.2386727660059501,0.0,-27.33,-205.0,-20.412961959838867,-158.05795288085938
-16.00555556,-69.7,3830.0,2001.0,0.6994583270516471,0.0002351061120862,-19.66,-144.4,-11.778898239135742,-115.2612075805664
13.03,123.94,881.09375,1998.0,0.29671281927349075,0.0001535125920781,-7.61,-48.7,-5.303236484527588,-30.547706604003906
46.60305556,13.67138889,2148.125,1985.0,-0.2884824328806098,0.0004751658416353,-12.78,-88.6,-14.708963394165039,-110.8650894165039
42.58834633,-5.651107617,911.78125,2005.0,-0.2884824328806098,0.0001146810609498,-8.16,-57.03,-9.337678909301758,-65.8760757446289
-24.78,-65.4,1227.625,1984.0,0.6994583270516471,0.0,-10.6,-78.0,-5.511885166168213,-32.500343322753906
47.4,28.49166667,94.726562,2012.0,0.2386727660059501,0.0,-16.34,-127.29,-13.307313919067383,-99.1250991821289
51.93,-10.25,33.068359,1991.0,-0.680773409477016,2.3086549845174886e-06,-2.04,-12.8,-4.836203098297119,-26.176979064941406
46.60305556,13.67138889,2148.125,2018.0,0.6680638642135335,0.0002897706581279,-10.398,-67.49,-8.695524215698242,-66.07561492919922
3.783333333,103.3333333,8.0805664,2018.0,0.6994583270516471,0.0,-3.43,-17.7,-5.670191287994385,-33.981849670410156
42.033333,43.483333,1077.1875,2015.0,0.9510565162951535,0.0,-9.77,-72.8,-8.996578216552734,-62.883697509765625
37.1644591,-5.611393166,86.394531,2003.0,-0.7236440382959123,0.0,-5.96,-32.53,-5.082457065582275,-28.481544494628906
51.57,4.93,17.209961,1987.0,-0.2884824328806098,1.2921529560117053e-05,-4.91,-31.7,-8.306903839111328,-57.242469787597656
24.35,109.4,101.74609,1991.0,0.6994583270516471,0.0,-1.48,-2.9,-2.7569947242736816,-6.718727111816406
66.49686111,25.75518056,108.88672,2011.0,-0.9741004551724206,7.407146040350199e-05,-13.56,-99.1,-13.639822006225586,-101.9101333618164
46.49722222,28.3,150.79688,2013.0,0.9760105506323683,0.0,-6.9,-49.1,-9.290361404418945,-65.47974395751953
46.64833333,14.31833333,448.71875,1994.0,0.2386727660059501,0.0,-15.86,-114.5,-13.798402786254883,-103.2383804321289
4.321388889,117.9405556,168.0625,2008.0,-0.27195815753410524,0.0001302874879911,-9.24,-62.99,-7.664999485015869,-56.567848205566406
33.96666667,35.66666667,506.5,2003.0,0.7116566222817746,0.0,-6.61,-33.3,-4.319433689117432,-21.340797424316406
-45.35,-72.07,583.1875,1995.0,-0.7236440382959123,0.0,-8.1,-64.0,-9.49521255493164,-82.6796646118164
51.93,-10.25,33.068359,2009.0,-0.2884824328806098,2.844431719495333e-06,-5.69,-34.3,-6.05776834487915,-37.608985900878906
3.741666667,38.575,1331.25,1995.0,0.9760105506323683,0.0,-3.36,-10.6,-1.6264100074768066,3.8618392944335938
-0.694444444,-90.325,182.40625,2006.0,0.9510565162951535,2.3022810182737885e-06,-1.26,-2.31,-3.4217591285705566,-12.939918518066406
9.666666667,-84.63333333,36.878906,1990.0,-0.9587178169872964,0.0001308070932282,-6.47,-40.6,-6.582271099090576,-42.517539978027344
49.0392,8.365,112.44141,2012.0,0.9721181966290613,0.0,-8.01,-58.31,-8.762184143066406,-61.055824279785156
46.39864119,6.233803787,434.125,2003.0,0.9510565162951535,1.7871096133603714e-05,-11.23,-86.44713676,-10.102447509765625,-72.28165435791016
22.31666667,114.1666667,34.056641,1974.0,0.6994583270516471,1.3619822993859998e-06,-2.52,-4.7,-2.7861084938049316,-6.991188049316406
-75.58333333,-20.56666667,105.53516,2004.0,0.9721181966290613,0.0,-23.05,-173.72,-18.83504295349121,-151.49948120117188
51.93,-10.25,33.068359,1965.0,0.9510565162951535,0.0001012003194773,-4.7,-32.9,-6.586305141448975,-44.536354064941406
78.07,13.63,0.0,1965.0,-0.9587178169872964,0.0,-9.3,-65.1,-6.966425895690918,-46.601234436035156
21.36774444,40.26815278,1971.625,2010.0,0.6744436188329455,0.0,1.52,16.49,-1.9078431129455566,1.2280502319335938
14.64,121.04,42.933594,2021.0,-0.7236440382959123,0.0002543581067584,-2.68,-15.6,-5.561621189117432,-32.965797424316406
-34.05,115.0249,77.78125,2017.0,-0.9988797155850335,0.0,-5.0,-22.8,-2.9607911109924316,-8.625953674316406
0.31524,9.44157,0.0,2015.0,0.29671281927349075,0.0,0.35,9.0,-2.4173340797424316,-3.5400161743164062
31.18333333,29.95,-4.0114746,1962.0,-0.9741004551724206,2.2545125375472708e-06,-5.1,-31.0,-3.6401124000549316,-14.983375549316406
34.57,69.21333333,1788.0,1989.0,-0.9587178169872964,0.0,1.67,33.0,-3.856039524078369,-17.004127502441406
47.07777778,15.44888889,370.03125,1989.0,-0.9587178169872964,1.3259018487588037e-05,-8.45,-57.0,-7.829054832458496,-54.28998565673828
0.104722222,-79.28333333,243.28906,1993.0,-0.2135209154397959,0.0,-3.19,-15.6,-2.793386936187744,-7.059303283691406
53.7122,7.1519,8.8525391,2001.0,-0.9587178169872964,1.3996315828990191e-05,-9.39,-65.2,-6.57757043838501,-42.473548889160156
46.72738634,8.186782163,600.90625,1986.0,-0.9587178169872964,0.0,-8.83,-58.4,-8.850427627563477,-61.79492950439453
49.13615278,20.30646944,730.78125,1991.0,-0.7236440382959123,0.0,-11.32,-70.88,-11.972166061401367,-87.9421157836914
10.00036389,-84.10913333,1157.3125,2018.0,0.7961828637826158,0.0,-3.25029352,-12.85437879,-5.059408664703369,-28.265846252441406
46.60305556,13.67138889,2148.125,2017.0,0.9106046300942163,0.0001127403884311,-3.889,-12.13,-9.844247817993164,-72.7718276977539
9.0,38.73,2329.125,1985.0,0.29671281927349075,0.0,1.69,27.0,-0.38422250747680664,15.486839294433594
-75.58333333,-20.56666667,105.53516,2006.0,0.9510565162951535,0.0,-18.82,-141.02,-18.836856842041016,-151.52536010742188
14.93894444,-88.02145,661.125,2013.0,0.741222010848596,0.0,-6.34,-38.75,-3.375662326812744,-12.508522033691406
-23.8,133.88,544.75,2011.0,0.9510565162951535,0.0,-11.17,-76.8,-5.060621738433838,-28.277198791503906
58.01,56.18,103.00391,1981.0,-0.2884824328806098,6.013349775457755e-05,-17.6,-108.0,-19.19526481628418,-148.44161987304688
44.73805556,-0.774722222,59.488281,2012.0,-0.9634705485641486,7.926304533611983e-05,-5.3,-29.37,-5.081243991851807,-28.470191955566406
10.29583333,-84.00027778,266.92188,2004.0,-0.9999907397361901,0.000250625773333,-6.3,-36.0,-6.859246253967285,-46.265968322753906
47.8008,11.0108,974.96875,1976.0,0.9562348265919056,0.0,-12.3,-87.7,-12.391637802124023,-91.4555435180664
10.88,-74.78,22.039062,1973.0,0.741222010848596,0.0001288647326873,-3.65,-22.2,-3.5964417457580566,-14.574684143066406
46.39864119,6.233803787,434.125,2002.0,-0.9587178169872964,1.1295184776827227e-05,-8.23,-55.61062243,-7.347514629364014,-50.215118408203125
41.05916667,-100.7463889,918.34375,1990.0,0.7748840413670407,0.0,-8.8,-60.0,-10.473321914672852,-75.3880386352539
53.97,-101.1,265.25,1981.0,0.9510565162951535,0.0,-18.3,-136.0,-18.0800838470459,-139.10104370117188
46.60305556,13.67138889,2148.125,2017.0,-0.5086709438521042,0.0,-16.092,-107.89,-12.56556510925293,-92.9123306274414
46.60305556,13.67138889,2148.125,2002.0,0.7909456567567772,0.0,-21.68,-161.5,-8.038763046264648,-56.10657501220703
-45.35,-72.07,583.1875,1997.0,-0.680773409477016,0.0,-13.36,-100.6,-9.393634796142578,-81.2304458618164
-13.0,28.65,1260.6875,1973.0,0.9510565162951535,0.0,-4.15,-22.1,-6.228362560272217,-40.376319885253906
18.27694444,-65.78583333,628.3125,2008.0,0.9634705485641488,2.017707083723508e-05,-1.28,5.7,-2.1407532691955566,-0.9516372680664062
26.27,50.62,2.3325195,1974.0,0.9510565162951535,9.29409361560829e-06,-1.67,-7.0,-0.6510987281799316,12.989280700683594
46.98141401,6.607999655,1046.0625,1994.0,-0.7236440382959123,0.0,-11.01,-77.0,-12.887842178344727,-95.6116714477539
-30.92,-62.67,73.972656,2002.0,0.2386727660059501,0.0,-3.6,-13.0,-6.157240390777588,-38.539894104003906
-2.883333333,-78.98333333,2530.0,1996.0,0.2386727660059501,2.6527593945502304e-05,-5.06,-29.0,-6.3425374031066895,-40.27399444580078
-0.841111111,29.94194444,1574.5,2005.0,0.9510565162951535,2.2335312678478655e-05,-1.62,5.1,-2.4124817848205566,-3.4946060180664062
47.81666667,13.71777778,1616.0625,2001.0,-0.23867276600594997,0.0004503719392232,-10.1,-76.1,-10.744443893432617,-77.6589126586914
76.76666667,-18.66666667,0.0,1995.0,0.9510565162951535,6.016510269546416e-06,-18.11,-135.2,-21.53816795349121,-168.06539916992188
-33.11011944,-64.24918333,408.09375,2019.0,-0.2884824328806098,0.0,-4.57,-24.2,-5.6714043617248535,-33.993202209472656
56.21666667,43.81666667,76.433594,1983.0,-0.9587178169872964,8.159089702530764e-06,-9.2,-81.0,-11.268783569335938,-82.05069732666016
18.295,-65.79388889,798.625,2006.0,-0.39359027665646645,7.010014815023169e-05,-2.82,-11.5,-2.9510865211486816,-8.535133361816406
44.73805556,-0.774722222,59.488281,2016.0,-0.9634705485641486,0.0,-5.72,-33.0,-5.086096286773682,-28.515602111816406
43.91281944,4.888775,30.959961,2001.0,0.9760105506323683,0.0,-3.38,-25.7,-5.86913537979126,-35.843666076660156
4.373,117.893,223.46875,2007.0,-0.2884824328806098,4.7405257646460086e-05,-7.42,-50.29,-7.540294647216797,-54.788673400878906
4.05,114.81,27.053711,2008.0,-0.7909456567567774,6.773627683287486e-05,-11.35,-79.88,-8.019615173339844,-61.627174377441406
45.32,-75.67,112.08594,1994.0,-0.9587178169872964,0.0,-7.8,-48.6,-8.19436264038086,-56.299842834472656
36.15,-5.35,1.5737915,2017.0,-0.7236440382959123,0.0,-3.45,-17.1,-4.821646213531494,-26.040748596191406
19.2,-96.13,0.0,1983.0,0.2386727660059501,0.0,-1.74,2.1,-1.1120667457580566,8.675315856933594
-0.743055556,-90.30222222,1.7120972,2016.0,0.5947266869607634,0.0,-1.098134558,2.150302193,-2.177145481109619,-1.2922134399414062
46.60305556,13.67138889,2148.125,1992.0,-0.7116566222817751,0.0,-10.99,-75.2,-10.447744369506836,-75.1738052368164
62.89179444,27.62542222,94.585938,2014.0,0.29671281927349075,0.0,-10.05,-68.5,-10.66771125793457,-77.0162124633789
46.72738634,8.186782163,600.90625,2009.0,-0.2135209154397959,0.0,-5.971645904,-36.84122821,-6.607594013214111,-42.75452423095703
14.330962,-91.055468,297.67188,2020.0,0.9721181966290613,0.0,-1.23,2.1,-1.9733490943908691,0.6150131225585938
46.49143367,9.898180888,1767.6875,1998.0,-0.680773409477016,1.7303682398051023e-05,-6.81,-46.7,-9.168867111206055,-64.4621353149414
47.8008,11.0108,974.96875,1975.0,0.2386727660059501,0.0,-12.19,-94.3,-12.621835708618164,-93.3836441040039
8.35,80.38333333,84.476562,1986.0,-0.9587178169872964,0.0002672453119885,-3.34,-16.6,-4.219961643218994,-20.409889221191406
43.73238889,7.423583333,8.8959961,2012.0,-0.27195815753410524,8.452160545857623e-05,-8.02,-51.52,-6.478098392486572,-41.542640686035156
35.68,51.32,1161.1875,1980.0,0.9562348265919056,0.0,-7.61,-55.2,-5.094587802886963,-28.595069885253906
21.04534722,105.7986111,12.334473,2003.0,-0.455906693508459,0.0002434135822113,-8.01,-52.2,-4.030722141265869,-18.638893127441406
-5.8,-35.2,40.765625,1965.0,-0.9741004551724206,0.0,0.4,6.8,-1.6070008277893066,4.043479919433594
46.57248471,8.332719621,1924.0,2003.0,-0.680773409477016,2.4708853743504733e-05,-7.67,-46.51,-9.39139175415039,-66.32596588134766
55.677,12.56,17.620117,2019.0,-0.2884824328806098,1.9078173863817938e-05,-8.98,-59.5,-10.66771125793457,-77.0162124633789
28.46344137,-16.2553441,36.554688,2004.0,0.2386727660059501,0.0,0.62,8.87,-3.2858948707580566,-11.668434143066406
67.15,32.35,0.0,1997.0,0.9510565162951535,1.1629672371782362e-05,-15.4,-119.1,-16.023649215698242,-121.8766860961914
19.2,-96.13,0.0,1978.0,0.741222010848596,0.0,-4.21,-29.9,-2.104361057281494,-0.6110610961914062
52.4672,13.4019,47.5625,2007.0,0.9760105506323683,1.762800820870325e-05,-3.14,-25.6,-8.890071868896484,-62.126991271972656
38.98916547,-3.920273851,626.8125,2002.0,0.741222010848596,0.0,-9.64,-69.88,-5.413626194000244,-31.580787658691406
47.4828,11.0622,716.1875,1992.0,0.2802306751992159,0.0,-3.75,-20.9,-9.851787567138672,-70.18216705322266
35.68,51.32,1161.1875,1979.0,0.9760105506323683,6.690743612125516e-05,2.67,27.5,-5.334776401519775,-30.842872619628906
1.685556,33.616389,1096.9375,2021.0,-0.9741004551724206,1.3833135199092794e-05,-0.28,8.7,-2.9607911109924316,-8.625953674316406
-22.9,-43.17,0.0,1983.0,-0.9587178169872964,0.0,-2.6,-3.0,-2.9171204566955566,-8.217262268066406
43.73238889,7.423583333,8.8959961,2003.0,-0.9741004551724206,0.0,-4.9,-33.4,-5.3493332862854,-30.979103088378906
62.89179444,27.62542222,94.585938,2006.0,0.9760105506323683,0.0,-14.41,-105.8,-14.43272590637207,-108.5513687133789
25.01666667,102.6833333,1907.8125,1996.0,0.7295575540864875,9.368675819132475e-06,-5.19,-35.3,-5.682322025299072,-34.095375061035156
33.65694444,73.26611111,580.9375,2000.0,0.6994583270516471,0.0,1.12,7.79,-1.7719788551330566,2.4995346069335938
14.559667,-90.937833,1575.0625,2020.0,0.7295575540864875,6.373691576300189e-05,-4.19,-22.5,-3.5139527320861816,-13.802711486816406
46.60305556,13.67138889,2148.125,2002.0,-0.680773409477016,0.0,-10.03,-70.5,-8.565237045288086,-59.406227111816406
46.37222222,6.470833333,387.75,2018.0,0.2386727660059501,0.0,-9.12,-70.1,-10.570516586303711,-76.2021255493164
51.93,-10.25,33.068359,1990.0,-0.2135209154397959,4.704690218204632e-05,-3.38,-20.9,-4.923544406890869,-26.994361877441406
47.07777778,15.44888889,370.03125,1996.0,0.7295575540864875,1.997504296014085e-05,-7.42,-51.0,-8.524312973022461,-59.063453674316406
-13.8,-171.78,0.0,1975.0,0.29671281927349075,1.6461743143736385e-05,-1.06,2.4,-4.253927707672119,-20.727760314941406
-33.97,18.6,41.798828,1997.0,0.741222010848596,0.0,-1.59,-8.0,-3.215536594390869,-11.009986877441406
13.995364,-91.200961,12.702637,2019.0,-0.9741004551724206,0.0,-7.35,-46.7,-5.9479851722717285,-36.581581115722656
50.06166667,19.84861111,356.8125,1998.0,0.6994583270516471,0.0,-7.74,-55.5,-12.391637802124023,-91.4555435180664
46.60305556,13.67138889,2148.125,2017.0,0.9979171608653922,6.206869875313714e-05,-10.283,-72.27,-10.313592910766602,-74.93244171142578
31.18333333,29.95,-4.0114746,1964.0,0.6994583270516471,3.98408155888319e-06,-7.0,-35.4,-3.715322971343994,-15.687232971191406
-7.315277778,72.42805556,2.3126221,1992.0,0.2802306751992159,0.0,-4.55,-14.0,-4.120489597320557,-19.478981018066406
68.75944444,161.3425,38.8125,2007.0,-0.7236440382959123,6.550059424625943e-06,-28.23,-210.89,-23.492292404174805,-184.43283081054688
46.60305556,13.67138889,2148.125,2002.0,0.8631421280499114,1.67306607181672e-05,-11.9,-35.0,-8.591586112976074,-60.844459533691406
19.28,166.65,4.0,1962.0,-0.9741004551724206,1.9363606043043543e-05,-4.4,-21.7,-4.040426731109619,-18.729713439941406
46.22030867,7.33848445,481.70312,2005.0,-0.7236440382959123,6.931911775609478e-05,-20.51,-154.9141524,-12.539987564086914,-92.6980972290039
47.81666667,13.71777778,1616.0625,2022.0,0.3456123126707335,5.293785943649709e-05,-6.028,-35.36,-10.754674911499023,-77.7446060180664
76.76666667,-18.66666667,0.0,2019.0,-0.9587178169872964,0.0,-16.23,-128.5,-15.788335800170898,-119.9057388305664
36.83,10.23,0.0,1994.0,0.6994583270516471,0.0,-6.46,-41.1,-5.123701572418213,-28.867530822753906
18.26,79.47,230.03906,1977.0,-0.9741004551724206,0.0,-7.53,-50.8,-6.866888523101807,-45.181129455566406
13.06805556,-86.39666667,1134.25,2004.0,0.7295575540864875,0.0007007804815657,-3.0,-12.2,-4.77676248550415,-25.620704650878906
4.912811111,-73.89339167,2636.625,1999.0,0.29671281927349075,0.0,-13.65,-96.0,-9.185037612915039,-78.2543716430664
6.417169444,2.329255556,12.735352,2018.0,-0.680773409477016,4.82648320030421e-05,-3.87,-20.4,-3.1694397926330566,-10.578590393066406
-40.68,144.69,82.167969,2008.0,0.6994583270516471,9.299395060224924e-06,-1.98,-4.0,-4.666372776031494,-24.587623596191406
50.11622222,14.39291667,182.82031,2015.0,0.29671281927349075,6.211796426214278e-05,-5.9,-41.5,-7.346147537231445,-49.19532775878906
52.93,4.78,0.63311768,1987.0,-0.9741004551724206,0.0,-9.23,-60.4,-7.348385810852051,-49.214073181152344
4.05,114.81,27.053711,2008.0,-0.35367612217637207,0.0001834268332459,-16.71,-121.41,-6.866888523101807,-45.181129455566406
46.60305556,13.67138889,2148.125,2002.0,0.8498170915275278,2.8082611606805585e-05,-8.06,-54.1,-8.233609199523926,-58.22345733642578
50.8325,15.14777778,828.84375,2014.0,-0.2884824328806098,0.0,-10.77,-70.1,-10.99510383605957,-79.7583999633789
46.96666667,28.9,90.308594,2013.0,-0.680773409477016,0.0,-6.78,-43.06,-6.544210910797119,-42.161354064941406
46.49143367,9.898180888,1767.6875,1999.0,0.2386727660059501,0.0001512713788542,-23.46,-173.112267,-14.811273574829102,-111.7220230102539
44.73805556,-0.774722222,59.488281,2021.0,0.29671281927349075,0.0,-4.64,-29.5,-4.735517978668213,-25.234718322753906
-40.68,144.69,82.167969,2005.0,0.741222010848596,3.329368701088242e-05,-2.87,-14.9,-4.672438144683838,-24.644386291503906
43.97455,10.27266,661.0,2021.0,-0.680773409477016,0.0002423897240078,-3.09,-12.19,-5.334776401519775,-30.842872619628906
42.14,41.7,0.0,2018.0,-0.9587178169872964,0.0001059609203366,-3.95,-19.4,-5.919477939605713,-36.314796447753906
27.7,106.88,860.71875,1989.0,-0.9587178169872964,0.0,-12.21,-86.8,-8.640871047973633,-70.4906997680664
40.41195035,-3.67806112,671.09375,2017.0,0.9510565162951535,0.0,-7.28,-45.3,-7.751871585845947,-52.593605041503906
65.11666667,57.1,53.808594,1981.0,-0.7236440382959123,3.943059346056543e-05,-19.2,-137.0,-16.68866539001465,-127.4467544555664
50.3119,11.8758,564.53125,1991.0,0.29671281927349075,0.0,-9.23,-68.3,-8.666269302368164,-60.25244903564453
14.53,-4.1,268.21875,2018.0,-0.2135209154397959,8.017192885745317e-05,-2.79,-18.7,-4.324285984039307,-21.386207580566406
-20.901,55.484,83.28125,2009.0,-0.2884824328806098,0.0002091060014208,-3.82,-18.4,-2.8297791481018066,-7.399879455566406
48.24861111,16.35638889,200.63281,1975.0,0.6994583270516471,0.0,-9.31,-68.0,-12.545103073120117,-92.7409439086914
10.00036389,-84.10913333,1157.3125,2014.0,0.11165900712169512,0.0,-6.711727214,-49.50984651,-5.891909122467041,-41.203102111816406
52.8,5.05,-4.4990234,1989.0,0.9510565162951535,2.748651422734838e-05,-8.67,-58.5,-7.7587385177612305,-53.77649688720703
-2.883333333,-78.98333333,2530.0,1992.0,-0.7116566222817751,1.958471148100216e-05,-12.01,-84.3,-5.8121209144592285,-35.310096740722656
12.05,8.53,464.20312,1961.0,-0.680773409477016,0.0,-7.7,-53.9,-3.987051486968994,-18.230201721191406
38.05011111,23.8675,438.375,2003.0,0.6870527672236669,2.1771544197690677e-05,-10.57,-63.7,-6.644744396209717,-43.102195739746094
16.77,96.17,10.356445,1961.0,-0.9587178169872964,0.0005895524518564,-3.0,-24.2,-7.010982513427734,-50.476173400878906
-40.35,-9.88,37.345703,2011.0,-0.9741004551724206,0.0,-1.12358716,-11.34224964,-4.312155246734619,-21.272682189941406
56.21666667,43.81666667,76.433594,1982.0,-0.680773409477016,0.0,-8.8,-60.0,-9.601127624511719,-68.08267974853516
43.91281944,4.888775,30.959961,2021.0,-0.9587178169872964,0.0,-3.22,-20.1,-4.885939121246338,-26.642433166503906
6.2,100.4,3.8469238,2021.0,-0.7236440382959123,0.0001043864394887,-12.56,-87.8,-6.753011226654053,-44.11540985107422
48.8281,9.2,313.79688,1988.0,0.7295575540864875,1.741020241752267e-05,-13.05,-96.1,-7.726933479309082,-52.384727478027344
19.2,-96.13,0.0,1986.0,-0.7236440382959123,0.0,-3.69,-20.6,-3.5091004371643066,-13.757301330566406
51.35,12.43,125.46484,1993.0,-0.2884824328806098,0.0,-14.6,-109.6,-10.626787185668945,-76.6734390258789
50.7,5.47,141.75781,1966.0,-0.680773409477016,0.0,-5.54,-34.1,-6.866888523101807,-45.181129455566406
-16.63333333,-69.325,3949.375,2001.0,0.6994583270516471,0.0002163783210562,-21.45,-160.0,-11.764387130737305,-115.0541763305664
-23.0,-47.13333333,635.21875,1998.0,0.9844738167520922,0.0,-9.08,-61.53,-5.158880710601807,-29.196754455566406
36.88,30.7,0.0,2013.0,0.9760105506323683,0.0,-5.76,-38.43,-4.629980564117432,-24.247047424316406
41.78,-87.75,186.0,1967.0,-0.680773409477016,7.387864025076851e-05,-8.13,-44.6,-5.104292392730713,-28.685890197753906
48.545,13.3528,478.40625,2004.0,-0.9634705485641486,0.0,-5.64,-35.6,-8.695682525634766,-60.498817443847656
6.417169444,2.329255556,12.735352,2013.0,-0.2135209154397959,0.0,-2.76,-7.21,-2.143179416656494,-0.9743423461914062
13.50277778,-88.51805556,1017.5312,1997.0,-0.9999166586547379,0.0002804858086165,-5.7,-35.8,-5.963148593902588,-36.723487854003906
25.01666667,102.6833333,1907.8125,2000.0,0.2386727660059501,4.091665232408559e-06,-8.5,-57.0,-4.498968601226807,-23.020973205566406
43.587,13.51533333,153.78906,2021.0,0.2386727660059501,1.3707394828088582e-05,-8.82,-57.6,-7.832200050354004,-55.515838623046875
41.91172742,2.763346411,139.71094,2011.0,0.6994583270516471,0.0,-7.22,-51.0,-6.128126621246338,-38.267433166503906
9.31,123.2,400.01562,1997.0,-0.680773409477016,0.0,-3.56,-19.05,-6.1257004737854,-38.244728088378906
36.98,35.3,22.958008,2022.0,0.9510565162951535,0.0,-3.56,-13.6,-4.120489597320557,-19.478981018066406
48.8281,9.2,313.79688,2012.0,-0.7116566222817751,5.716657597076846e-06,-12.45,-90.47,-10.603767395019531,-76.48062896728516
-2.53,140.72,68.566406,1983.0,-0.7236440382959123,0.0001806356012821,1.39,1.3,-5.682928562164307,-34.101051330566406
54.0967,13.4056,1.5458374,2006.0,0.741222010848596,0.0003296328650321,-7.52,-60.1,-7.372684478759766,-49.41759490966797
43.49111613,-3.800555816,50.095703,2017.0,0.29671281927349075,7.715384526818525e-06,-3.49,-20.3,-4.46621561050415,-22.714454650878906
31.62,-97.22,151.59375,1963.0,-0.2135209154397959,0.0,-3.0,-5.0,-3.3296992778778076,-12.460121154785156
50.8325,15.14777778,828.84375,2018.0,-0.9741004551724206,0.0,-6.69,-39.1,-8.975757598876953,-62.84467315673828
-18.91472222,47.55805556,1278.5,2021.0,0.6994583270516471,0.0,-6.7,-40.7,-5.072752475738525,-28.390724182128906
42.5859,10.07945,19.258789,2014.0,-0.7236440382959123,0.0,-5.72,-33.8,-6.048670291900635,-37.523841857910156
14.559667,-90.937833,1575.0625,2021.0,-0.9741004551724206,0.0,-4.78,-21.7,-6.231469631195068,-44.064796447753906
0.05,32.45,1135.4375,2014.0,-0.9741004551724206,3.776706580538303e-05,-1.99,-12.7,-2.8055176734924316,-7.172828674316406
34.71666667,10.68333333,23.232422,2003.0,-0.7236440382959123,2.429204323561862e-05,-1.36,-1.1,-4.705191135406494,-24.950904846191406
-53.0,-70.833333,32.589844,2013.0,-0.2135209154397959,0.0,-10.24,-78.0,-8.549270629882812,-69.1838150024414
15.88055556,74.49333333,777.75,2005.0,-0.9741004551724206,0.0,-9.4,-63.2,-3.6207032203674316,-14.801734924316406
19.27116389,-99.20359444,2580.375,2016.0,0.9427611433904207,0.0,-3.02,-10.29,-2.831726551055908,-10.858963012695312
41.13333333,-8.6,59.621094,1991.0,0.9510565162951535,1.656934000493493e-05,-5.57,-41.0,-5.041212558746338,-28.095558166503906
-34.05,115.0249,77.78125,2007.0,-0.8919813464595487,0.0,-3.36,-7.2,-2.972921848297119,-8.739479064941406
51.93,-10.25,33.068359,2000.0,-0.27195815753410524,0.0001933696330524,-6.78,-42.2,-5.738729953765869,-34.623268127441406
47.12,9.49,459.84375,2014.0,0.2386727660059501,2.9047725547570732e-05,-17.14,-131.4,-12.683221817016602,-93.8978042602539
37.77,-25.65,137.14062,1996.0,0.6994583270516471,5.350153151084669e-05,-2.55,-12.2,-3.919119358062744,-17.594459533691406
47.81666667,13.71777778,1616.0625,2022.0,-0.06880242680232064,8.263850031653419e-05,-12.464,-85.66,-10.527034759521484,-75.83792877197266
47.85166667,16.84305556,119.17969,1967.0,0.2386727660059501,0.0,-13.28,-104.1,-12.102611541748047,-89.03470611572266
26.27,50.62,2.3325195,1962.0,-0.7236440382959123,0.0,0.6,20.5,-1.3110108375549316,6.813499450683594
46.95222563,7.439320571,542.53125,1986.0,0.9510565162951535,0.0,-10.68,-54.8,-12.800878524780273,-94.8832778930664
43.49111613,-3.800555816,50.095703,2021.0,-0.2884824328806098,0.0002056745288427,-5.72,-28.6,-5.900068759918213,-36.133155822753906
24.9,67.13,23.870117,1961.0,-0.2135209154397959,0.0,-6.8,-47.7,-3.365957736968994,-12.417701721191406
41.64083945,-4.754446679,735.625,2004.0,-0.6932812268869771,1.151711148850154e-05,-4.23,-29.79,-5.3493332862854,-30.979103088378906
49.7478,6.6581,259.26562,2006.0,0.6994583270516471,1.6016652807593346e-05,-12.62,-95.35,-9.534626007080078,-67.52567291259766
-1.43,-48.48,4.737793,1973.0,0.2386727660059501,0.0,-0.44,-6.1,-2.6696534156799316,-5.901344299316406
42.5859,10.07945,19.258789,2018.0,-0.2135209154397959,0.0,-3.29,-21.2,-3.603720188140869,-14.642799377441406
-0.92,-75.4,176.47656,2016.0,-0.27195815753410524,0.0001255252864211,-4.6,-26.2,-3.788107395172119,-16.368385314941406
46.65772518,8.292706832,1061.3125,2009.0,-0.2135209154397959,0.0,-6.801010212,-41.86768994,-7.42831563949585,-49.88355255126953
38.00194982,-1.170837424,61.660156,2016.0,0.9562348265919056,6.912631943123415e-05,-5.25,-32.5,-4.944166660308838,-27.187355041503906
41.9,12.5,59.011719,2001.0,-0.9398560579418953,0.0,-4.11,-21.96,-4.491690158843994,-22.952857971191406
45.37,-63.27,12.535156,1975.0,-0.680773409477016,0.0,-6.7,-45.0,-6.236066818237305,-38.739410400390625
41.66056063,-1.004162565,244.98438,2002.0,-0.7236440382959123,0.0001196487282868,-8.06,-60.46,-7.457090377807617,-50.12456512451172
-40.68,144.69,82.167969,1982.0,-0.2135209154397959,6.163962825667113e-05,-4.66,-27.1,-4.428610324859619,-22.362525939941406
51.3,3.75,9.4589844,1996.0,-0.09453674981719933,0.0,-5.58,-41.3,-6.216074466705322,-39.090492248535156
52.8911,11.7294,21.530273,2001.0,-0.680773409477016,0.0,-5.8,-40.0,-7.245756149291992,-48.354461669921875
28.38201389,36.56773889,771.5625,2010.0,0.06880242680231986,0.0,5.29,48.32,-2.9025635719299316,-8.081031799316406
28.63,-106.07,1444.25,1976.0,-0.970063921851507,0.0,-6.69,-44.6,-6.866888523101807,-45.181129455566406
-12.43,130.87,16.515625,1973.0,0.9510565162951535,2.465617399138864e-05,-6.18,-37.0,-4.705191135406494,-24.950904846191406
48.18427778,16.389575,201.11719,2002.0,-0.2135209154397959,0.0,-4.02,-23.7,-6.545120716094971,-42.16986846923828
26.58333333,106.7166667,1077.9375,1992.0,0.2802306751992159,0.0001804813218768,-5.57,-30.8,-6.031687259674072,-37.364906311035156
42.5859,10.07945,19.258789,2016.0,0.2386727660059501,6.341207154036965e-06,-6.45,-33.8,-6.501753330230713,-41.764015197753906
-26.61361111,118.5372222,517.78125,2011.0,-0.7236440382959123,0.0,-6.58,-41.1,-4.013739109039307,-18.479957580566406
46.17378583,8.788556051,407.5,2002.0,-0.680773409477016,8.339390478795394e-05,-8.62,-59.86,-6.16997766494751,-38.659095764160156
43.365884,-8.421399,56.794922,2018.0,0.9510565162951535,0.0,-6.48,-39.1,-5.078817844390869,-28.447486877441406
45.06767778,22.79993889,366.15625,2021.0,0.6994583270516471,0.0,-11.13,-80.5,-11.660120010375977,-85.3284683227539
36.88,30.7,0.0,2015.0,-0.9741004551724206,0.0,-2.78,-4.2,-4.251501560211182,-20.705055236816406
46.98141401,6.607999655,1046.0625,2022.0,-0.2135209154397959,0.0,-3.87,-20.8,-6.700242519378662,-43.62157440185547
0.083333333,-76.86666667,295.01562,1995.0,-0.7236440382959123,0.0,-5.75,-34.5,-3.390219211578369,-12.644752502441406
62.89179444,27.62542222,94.585938,2015.0,0.2386727660059501,1.7227104763151146e-05,-17.27,-126.3,-17.046751022338867,-130.44601440429688
51.3,3.75,9.4589844,2009.0,-0.99665890175417,0.0,-5.98,-39.35,-6.839499473571777,-44.92481231689453
36.98,35.3,22.958008,2003.0,0.6994583270516471,2.638696605572477e-05,-6.61,-33.5,-4.987837314605713,-27.596046447753906
33.65694444,73.26611111,580.9375,1994.0,-0.9741004551724206,0.0,-4.31,-19.34,-3.637686252593994,-14.960670471191406
38.05011111,23.866675,444.85938,2017.0,-0.680773409477016,0.0,-0.9,1.2,-4.744009494781494,-25.314186096191406
6.2,100.4,3.8469238,1982.0,-0.680773409477016,0.0001103570830309,-6.39,-36.2,-6.046850681304932,-37.506813049316406
47.6772,9.19,442.90625,2009.0,0.2386727660059501,0.0,-12.38,-96.1,-12.422330856323242,-91.7126235961914
32.0,35.9,1014.0312,2002.0,0.9510565162951535,0.0,-6.84,-35.1,-4.609358310699463,-24.054054260253906
78.91666667,11.93333333,38.650391,2005.0,0.9510565162951535,0.0,-11.82,-94.8,-11.969608306884766,-87.92069244384766
13.48,22.45,788.75,1970.0,-0.2135209154397959,0.0,-1.82,-9.2,-2.638113498687744,-5.606178283691406
4.05,114.81,27.053711,2007.0,0.5160623910158528,8.83238171809353e-05,-9.36,-59.64,-6.106897830963135,-38.068763732910156
-0.743055556,-90.30222222,1.7120972,2015.0,-0.4635502709028512,2.498011554052937e-06,-0.337521257,3.638324808,-1.6991944313049316,3.1806869506835938
33.3625,35.87638889,1487.1875,1993.0,0.9510565162951535,0.0,-8.36,-44.3,-4.585096836090088,-23.827003479003906
28.50444444,-16.30333333,570.6875,2008.0,-0.38566340624360745,1.933148951138719e-06,-2.14,-2.82,-2.385794162750244,-3.2448501586914062
4.05,114.81,27.053711,2009.0,-0.04302223300453034,0.0,-10.12,-68.99,-7.5947113037109375,-55.565040588378906
43.587,13.51533333,153.78906,2017.0,-0.2884824328806098,2.462526481394889e-06,-11.18,-73.1,-7.632936000823975,-51.59741973876953
25.21916667,91.66277778,913.15625,2007.0,-0.888057322629493,0.0004180854011792,-7.87,-49.3,-7.945245265960693,-60.566139221191406
16.73,-169.52,0.0,1962.0,-0.2884824328806098,1.2106620488339104e-05,-1.6,-1.3,-2.7666993141174316,-6.809547424316406
45.80666667,15.97,120.36328,1992.0,0.2386727660059501,0.000195135915419,-11.43,-84.3,-10.897909164428711,-78.9443130493164
60.18008889,24.83286111,14.698242,2013.0,-0.680773409477016,8.327449177158996e-05,-10.35,-71.6,-8.439630508422852,-62.53771209716797
33.96666667,-4.983333333,500.04688,2019.0,-0.2884824328806098,0.0,-6.92,-38.1,-5.100653171539307,-28.651832580566406
12.13,15.03,294.5,2018.0,-0.2135209154397959,0.0,-5.68,-36.2,-3.5721802711486816,-14.347633361816406
62.89179444,27.62542222,94.585938,2008.0,0.2802306751992159,0.0,-10.49,-72.0,-11.772661209106445,-86.2710952758789
31.08,33.83,31.658203,2001.0,-0.2884824328806098,3.4990218409802765e-05,-3.83,-5.6,-3.259207248687744,-11.418678283691406
-3.12,-60.02,49.394531,1984.0,-0.7116566222817751,0.0,-3.8,-21.0,-3.084524631500244,-9.783912658691406
-40.68,144.69,82.167969,1981.0,0.741222010848596,1.6915928426897153e-05,-6.25,-37.5,-4.707617282867432,-24.973609924316406
43.97455,10.27266,661.0,2016.0,0.2802306751992159,0.0003639911592472,-7.05,-50.96,-6.309144496917725,-40.30817413330078
40.41195035,-3.67806112,671.09375,2009.0,-0.9587178169872964,0.0,-6.33,-50.13,-5.628946781158447,-33.595863342285156
51.18,8.4889,841.375,2008.0,-0.9634705485641486,0.0,-9.38,-59.8,-8.173900604248047,-56.128456115722656
33.65694444,73.26611111,580.9375,1996.0,-0.7116566222817751,0.0,0.17,18.61,-3.9700684547424316,-18.071266174316406
-5.333333333,-49.13472222,76.5,1989.0,-0.9741004551724206,5.865836646989919e-05,-0.83,6.9,-2.342123508453369,-2.8361587524414062
21.04534722,105.7986667,12.334473,2006.0,-0.7236440382959123,0.0,-6.73,-35.22,-5.167372226715088,-29.276222229003906
11.25,75.78,7.1804199,2005.0,0.9760105506323683,3.71708047168795e-05,-10.26,-70.92,-3.909414768218994,-17.503639221191406
45.6,13.93333333,486.53125,2002.0,-0.01721335615583528,0.0,-3.22,-14.49,-8.393867492675781,-57.970863342285156
50.4972,9.9428,920.40625,1996.0,0.2802306751992159,1.594844252394978e-05,-7.16,-49.2,-8.05496597290039,-55.13227081298828
41.13333333,-8.6,59.621094,1997.0,0.9760105506323683,1.447659269615542e-05,-11.95,-85.4,-5.033934116363525,-28.027442932128906
36.03,129.38,4.7189941,1964.0,0.9562348265919056,0.0,-8.38,-41.0,-6.217287540435791,-39.101844787597656
46.49143367,9.898180888,1767.6875,2016.0,0.7295575540864875,1.495228843850782e-05,-16.74,-125.6,-12.120515823364258,-89.1846694946289
41.818399,46.266606,0.0,2014.0,-0.2884824328806098,0.0,-9.61,-64.9,-10.933717727661133,-79.2442398071289
36.72,3.18,19.595703,2003.0,0.9679377830240642,2.7704230888048187e-05,-1.84,-7.2,-4.700338840484619,-24.905494689941406
49.7478,6.6581,259.26562,2006.0,-0.9587178169872964,3.4693064662860706e-05,-4.93,-37.05,-6.715324878692627,-44.773841857910156
41.733333,43.516667,0.0,2013.0,-0.9741004551724206,0.0,-13.44,-88.4,-6.732388973236084,-43.92241668701172
78.91666667,11.93333333,38.650391,2018.0,-0.2135209154397959,0.0,-8.33,-68.7,-11.680582046508789,-85.4998550415039
33.96666667,35.66666667,506.5,2003.0,0.8311706263658079,0.0,-6.72,-24.5,-5.215895175933838,-29.730323791503906
36.55530278,126.635925,59.384766,2018.0,-0.2135209154397959,3.692136306199245e-05,-10.69,-74.8,-7.62282657623291,-55.966163635253906
48.24861111,16.35638889,200.63281,1992.0,0.9721181966290613,0.0,-7.58,-55.5,-9.649724960327148,-68.4897232055664
41.13333333,-8.6,59.621094,2016.0,-0.27195815753410524,3.3643209462752566e-05,-6.83,-39.7,-5.648355960845947,-33.777503967285156
45.06767778,22.79993889,366.15625,2019.0,0.29671281927349075,0.0,-6.24,-39.5,-6.866888523101807,-45.181129455566406
50.3381,7.6,86.441406,1996.0,-0.27195815753410524,0.0,-14.74,-113.6,-9.821094512939453,-69.92508697509766
19.32622222,-99.17605556,2276.625,2014.0,-0.7055836101071774,3.3105723559856415e-05,-6.96,-47.6,-7.769298076629639,-58.055885314941406
-24.78,-65.4,1227.625,1986.0,-0.2135209154397959,0.0,-0.4,5.0,-3.8875794410705566,-17.299293518066406
53.23,6.55,7.7121582,2000.0,0.6994583270516471,4.815858574147569e-06,-8.58,-55.0,-8.205223083496094,-58.52667999267578
35.68,139.77,22.099609,1961.0,0.741222010848596,0.0,-6.4,-45.9,-7.586548805236816,-55.448585510253906
47.81666667,13.71777778,1616.0625,2022.0,-0.4093559588156211,0.0001249252236448,-7.874,-51.94,-10.207315444946289,-73.1600112915039
10.3,1.38,439.10938,2018.0,-0.9741004551724206,0.0,-2.18,-1.1,-2.953512668609619,-8.557838439941406
46.98141401,6.607999655,1046.0625,2016.0,0.6994583270516471,0.0,-12.08,-87.97,-13.210119247436523,-98.3110122680664
-27.43,153.08,5.7802734,2000.0,0.2386727660059501,0.0,-2.76,-8.3,-1.8884339332580566,1.4096908569335938
-22.94916667,-46.54916667,855.53125,1998.0,0.8498170915275278,7.040634500299348e-06,-4.33,-16.59,-5.025442600250244,-27.947975158691406
36.00805556,-106.0647222,1709.9375,1990.0,-0.8958392907349089,0.0,-5.01,-41.3,-6.866888523101807,-45.181129455566406
-27.43,153.08,5.7802734,1977.0,0.741222010848596,0.0001174420540337,-8.57,-60.2,-3.8390564918518066,-16.845191955566406
10.29583333,-84.00027778,266.92188,2004.0,-0.9070138128026362,0.0,-8.2,-53.0,-6.243368625640869,-39.345924377441406
-0.92,-75.4,176.47656,2016.0,0.6994583270516471,0.0,-0.68,4.4,-5.258352756500244,-30.127662658691406
48.36,-4.57,68.214844,1997.0,-0.9587178169872964,1.620896546228323e-05,-3.6,-22.9,-5.420904636383057,-31.648902893066406
48.8281,9.2,313.79688,1979.0,-0.9741004551724206,0.0,-9.43,-71.6,-8.109021186828613,-55.67369079589844
-27.17,-109.43,140.28906,2006.0,0.2386727660059501,2.205203600169625e-06,-0.45,-1.2,-3.133047580718994,-10.238014221191406
22.31666667,114.1666667,34.056641,1974.0,-0.7236440382959123,0.0002319961495231,-5.65,-35.6,-5.66533899307251,-33.936439514160156
51.116535,17.029468,118.94141,2007.0,-0.4862727071086902,8.02960348664783e-05,-4.5898295,-27.99294781,-9.402902603149414,-66.42237091064453
-27.17,-109.43,140.28906,1998.0,-0.680773409477016,6.333646069833776e-06,-1.3,-2.2,-2.735159397125244,-6.514381408691406
-75.58333333,-20.56666667,105.53516,1980.0,-0.7116566222817751,2.1057087872534723e-06,-18.41,-134.1,-21.000438690185547,-168.53048706054688
52.73333333,41.46666667,125.95703,1982.0,-0.9587178169872964,2.3703141778241843e-05,-16.2,-113.0,-9.775054931640625,-69.53946685791016
-23.8,133.88,544.75,1964.0,0.2386727660059501,0.0,-7.0,-53.9,-3.8487610816955566,-16.936012268066406
25.07,110.08,385.5,1988.0,0.2802306751992159,0.0,-8.88,-56.2,-4.016165256500244,-18.502662658691406
33.96666667,-4.983333333,500.04688,1995.0,0.6994583270516471,0.0,-5.9,-30.9,-4.537786960601807,-23.384254455566406
4.036666667,9.734166667,39.230469,2012.0,0.6994583270516471,0.0001800270256353,-1.04,5.65,-3.084524631500244,-9.783912658691406
40.8203002,0.493333172,52.294922,2002.0,0.2386727660059501,3.3384276321157813e-06,-3.37,-9.6,-5.9898362159729,-36.973243713378906
41.733333,43.516667,0.0,2010.0,0.741222010848596,1.4889264093653765e-05,-9.75,-64.3,-5.725992679595947,-34.504066467285156
53.7122,7.1519,8.8525391,2003.0,-0.9587178169872964,9.144195246335585e-06,-7.96,-49.89,-6.578480243682861,-42.48206329345703
48.24861111,16.35638889,200.63281,2000.0,0.2802306751992159,0.0,-5.5,-45.05,-8.424560546875,-58.227943420410156
4.05,114.81,27.053711,2006.0,-0.965739937654855,0.0001593135530129,-4.83,-24.74,-7.146595001220703,-51.193275451660156
50.11622222,14.39291667,182.82031,2015.0,-0.9741004551724206,8.462734513159376e-06,-9.96,-68.7,-8.34984016418457,-59.392005920410156
54.6789,13.4342,38.980469,2004.0,0.9721181966290613,3.761126936296933e-05,-7.84,-55.7,-8.98215103149414,-62.898231506347656
30.27,35.58,1330.375,1967.0,0.6994583270516471,0.0,-7.8,-33.8,-3.618277072906494,-14.779029846191406
41.733333,43.516667,0.0,2017.0,0.741222010848596,0.0,-7.37,-53.0,-5.260778903961182,-30.150367736816406
9.783333333,-83.71666667,733.375,1990.0,-0.9587178169872964,0.0002291725104441,-6.84,-35.1,-7.133236885070801,-55.562095642089844
33.27722222,44.38765833,39.535156,2014.0,0.5380051715382996,0.0,-1.5,6.94,-3.438742160797119,-13.098854064941406
4.466666667,101.3833333,1451.4375,2015.0,-0.2135209154397959,0.0001980240631382,-6.41,-36.3,-7.346208572387695,-52.019630432128906
-33.97,18.6,41.798828,1963.0,0.29671281927349075,0.0,-5.4,-24.9,-3.298025608062744,-11.781959533691406
-54.78,-68.28,104.83984,1987.0,0.9510565162951535,0.0,-10.2,-88.0,-8.668987274169922,-70.8918228149414
48.22,11.59,494.59375,1991.0,0.6994583270516471,0.0,-16.27,-118.7,-12.928766250610352,-95.9544448852539
43.83758,10.35235,-1.0,2008.0,0.9721181966290613,0.0,-4.09,-24.7,-5.907347202301025,-36.201271057128906
35.68,139.77,22.099609,1963.0,-0.7236440382959123,0.0001929088466567,-7.2,-45.2,-5.619848728179932,-33.510719299316406
51.93,-10.25,33.068359,2004.0,-0.9634705485641486,2.831103847711347e-05,-3.16,-18.8,-5.372381687164307,-31.194801330566406
-22.94916667,-46.54916667,855.53125,1998.0,-0.9796136916454901,6.293089245446026e-05,-2.81,-5.91,-2.8443360328674316,-7.536109924316406
40.50691,-1.65147,1713.75,2017.0,0.741222010848596,0.0,-5.7,-32.6,-6.659338474273682,-43.01508331298828
49.0975,19.59,572.9375,1995.0,-0.9587178169872964,0.0001150031675933,-11.32,-78.7,-8.584421157836914,-59.56690216064453
50.4972,9.9428,920.40625,2005.0,-0.2135209154397959,0.0,-7.3,-47.3,-7.475124835968018,-50.22547912597656
51.67,-110.2,697.40625,2003.0,0.9510565162951535,0.0,-28.47,-221.0,-18.775793075561523,-144.92819213867188
49.0975,19.59,572.9375,1993.0,-0.9741004551724206,0.0,-7.86,-52.7,-9.647167205810547,-68.46829986572266
34.71666667,10.68333333,23.232422,2013.0,0.9510565162951535,0.0,-1.8,-8.8,-4.579031467437744,-23.770240783691406
10.00036389,-84.10913333,1157.3125,2018.0,-0.4862727071086902,0.0,-5.694638367,-41.82869991,-5.5503010749816895,-33.78083038330078
-7.315277778,72.42805556,2.3126221,1972.0,0.2802306751992159,0.0002196718560298,-1.12,-9.5,-4.035574436187744,-18.684303283691406
34.71666667,10.68333333,23.232422,1998.0,-0.9741004551724206,0.0,-4.12,-18.25,-3.836630344390869,-16.822486877441406
38.28,21.79,113.0625,2017.0,-0.7236440382959123,3.308516534161754e-05,-6.82,-38.8,-5.4269700050354,-31.705665588378906
36.846389,-2.356942,16.541016,2001.0,-0.9741004551724206,0.000485800759634,-2.13,-4.8,-4.702764987945557,-24.928199768066406
66.53333333,66.66666667,16.196289,1998.0,-0.9741004551724206,5.990576028125361e-06,-22.0,-167.2,-15.281900405883789,-115.6639175415039
44.42,8.85,5.4519043,1983.0,-0.2135209154397959,0.0,-4.44,-29.6,-3.841482639312744,-16.867897033691406
-1.68218,29.22716,1527.1875,2015.0,0.29671281927349075,1.0544139513513072e-05,-3.48,-14.4,-1.1557374000549316,8.266624450683594
48.24861111,16.35638889,200.63281,2012.0,0.6994583270516471,0.0002305687521584,-11.8,-93.3,-10.923486709594727,-79.1585464477539
51.6,-1.1,55.042969,2018.0,0.741222010848596,0.0,-5.65,-34.8,-6.1857476234436035,-38.806678771972656
26.08333333,119.2833333,13.927246,1990.0,-0.9741004551724206,0.0,-3.04,-8.9,-5.819399356842041,-35.378211975097656
68.78666667,-81.25,7.5170898,1990.0,0.2386727660059501,0.0,-40.84,-308.9,-32.505821228027344,-259.9286804199219
46.65772518,8.292706832,1061.3125,2004.0,-0.7116566222817751,0.0,-12.02,-87.6,-13.394277572631836,-99.8534927368164
9.0,38.73,2329.125,2001.0,0.9510565162951535,0.0,0.885,22.4,0.19320058822631836,20.890647888183594
49.7703,9.9578,265.90625,2011.0,0.2386727660059501,0.0,-8.52,-68.61,-10.238008499145508,-73.4170913696289
9.6678,80.0065,5.8981934,2017.0,0.9510565162951535,1.7121421478805132e-05,-5.61,-34.7,-4.013739109039307,-18.479957580566406
47.81666667,13.71777778,1616.0625,2021.0,0.30492122465628907,0.0,-15.64,-116.73,-11.01045036315918,-79.8869400024414
47.8008,11.0108,974.96875,1995.0,0.6994583270516471,7.300942797883181e-06,-14.47,-109.4,-12.56556510925293,-92.9123306274414
11.12,124.62,231.36719,1998.0,0.2386727660059501,4.997675569029525e-05,-1.2,1.0,-2.6745057106018066,-5.946754455566406
28.58,77.2,222.79688,1991.0,-0.680773409477016,0.0004237524117343,-3.25,-17.6,-4.892004489898682,-26.699195861816406
51.116535,17.029468,118.94141,2005.0,-0.07738647923346322,0.0,-8.040580867,-46.4668962,-6.866888523101807,-45.181129455566406
-65.07944444,-63.9775,286.6875,2000.0,0.9721181966290613,1.046300705335549e-07,-7.85,-67.95,-9.145132064819336,-77.6850357055664
33.21722222,-87.54305556,64.535156,2007.0,-0.9307239310379793,2.9631224606418986e-05,-5.6,-30.6,-4.661520481109619,-24.542213439941406
-46.42,168.32,-0.90939331,1982.0,-0.9587178169872964,5.396843334892765e-05,-5.76,-31.6,-6.866888523101807,-45.181129455566406
38.1,13.3,407.15625,2004.0,-0.9634705485641486,3.114512310276041e-06,-6.3,-30.0,-4.571753025054932,-23.702125549316406
55.33333333,78.36666667,119.27734,1998.0,0.741222010848596,6.543326890096068e-05,-9.0,-66.7,-7.8145365715026855,-53.11847686767578
46.72738634,8.186782163,600.90625,1990.0,-0.2135209154397959,0.0,-7.15,-52.7,-6.666276454925537,-43.30370330810547
46.78,23.61,336.76562,2016.0,0.2386727660059501,0.0,-18.74,-146.2,-13.312429428100586,-99.1679458618164
39.48056611,-0.366386255,14.827637,2000.0,-0.23030567023061196,0.0,-0.35,-10.6,-3.521231174468994,-13.870826721191406
48.22,11.59,494.59375,2001.0,0.29671281927349075,0.0,-9.17,-66.6,-7.366609573364258,-49.36671447753906
49.93333333,36.28333333,149.28125,2016.0,0.6994583270516471,0.0,-10.37,-79.2,-11.903106689453125,-87.36368560791016
10.86,0.2,372.54688,2017.0,0.16280701293851715,0.0,-4.995,-27.97,-2.851614475250244,-7.604225158691406
39.95,32.88,920.125,1995.0,0.9760105506323683,0.0,-6.68,-41.0,-8.887514114379883,-62.105567932128906
25.21916667,91.66277778,913.15625,2008.0,0.19667288979357647,0.0001732079253997,-3.07,-12.9,-5.930395603179932,-36.416969299316406
-22.94805556,17.1525,1690.0,1966.0,-0.9741004551724206,0.0,4.44,42.9,-1.9830536842346191,0.5241928100585938
7.07,38.78,2674.625,2000.0,-0.27195815753410524,2.767298428807408e-05,-3.88,-12.8,-2.919546604156494,-8.239967346191406
46.78,23.61,336.76562,2017.0,-0.2884824328806098,3.751864642254077e-05,-16.03,-113.3,-13.072000503540039,-97.1541519165039
36.88,30.7,0.0,2002.0,0.6994583270516471,0.0,-3.8,-17.6,-5.001181125640869,-27.720924377441406
-35.15833333,147.4572222,211.74219,2006.0,-0.9587178169872964,0.0,-2.73,-4.6,-3.3926453590393066,-12.667457580566406
50.06166667,19.84861111,356.8125,1979.0,-0.680773409477016,0.000462870550109,-6.87,-48.0,-6.866888523101807,-45.181129455566406
8.35,80.38333333,84.476562,1986.0,0.6994583270516471,0.0,-1.13,13.5,-3.807516574859619,-16.550025939941406
50.11622222,14.39291667,182.82031,2013.0,-0.9741004551724206,0.0,-9.94,-68.1,-8.334283828735352,-59.28308868408203
28.58,77.2,222.79688,1996.0,0.2802306751992159,0.0,-4.96,-35.2,-2.647818088531494,-5.696998596191406
15.33401667,38.92861667,2341.125,2019.0,-0.2135209154397959,0.0,-2.03,1.8,-2.6793580055236816,-5.992164611816406
23.05,-82.21666667,123.02734,2002.0,0.9510565162951535,0.0,-2.52,-12.3,-2.3008790016174316,-2.4501724243164062
-37.82,144.97,6.1674805,2014.0,0.9760105506323683,0.0,-4.06,-18.0,-5.105505466461182,-28.697242736816406
13.52,2.09,210.4375,1995.0,-0.680773409477016,0.0001152650438598,-7.45,-53.7,-5.286253452301025,-30.388771057128906
40.41666667,-7.55,1295.4375,1994.0,0.9760105506323683,0.0001704488968243,-7.04,-45.9,-6.174829959869385,-38.704505920410156
22.31666667,114.1666667,34.056641,1994.0,-0.680773409477016,0.0,-7.16,-48.1,-7.672129154205322,-57.57390594482422
34.72,113.65,108.5625,1990.0,0.9760105506323683,0.0,-3.08,-26.7,-5.169798374176025,-29.298927307128906
43.365884,-8.421399,56.794922,2005.0,0.741222010848596,2.600727566459682e-05,-5.75,-36.89,-4.939314365386963,-27.141944885253906
-33.62,-78.83,0.0,1970.0,-0.2135209154397959,2.146525912394281e-05,-2.68,-20.6,-4.555983066558838,-23.554542541503906
-12.43,130.87,16.515625,2014.0,0.6994583270516471,0.0001124531554523,-5.76,-34.4,-5.050917148590088,-28.186378479003906
47.81666667,13.71777778,1616.0625,2022.0,-0.5234156073655503,7.709697092650458e-05,-27.669,-215.61,-11.064163208007812,-80.33683013916016
49.1823,-119.559,334.40625,2009.0,-0.7236440382959123,1.2173321920272429e-05,-12.05,-97.94,-16.10038185119629,-122.5193862915039
37.53,121.4,27.091797,1990.0,0.9760105506323683,0.0,-8.77,-66.1,-6.085062503814697,-37.864418029785156
39.28333333,-7.416666667,492.75,2002.0,-0.2884824328806098,0.0,-6.26,-41.5,-6.256409168243408,-39.46796417236328
51.93,-10.25,33.068359,1979.0,0.9760105506323683,0.0,-4.2,-22.3,-5.883912086486816,-36.21525573730469
47.81666667,13.71777778,1616.0625,2021.0,-0.17976658572556214,0.0003852145455311,-10.909,-78.56,-7.369487285614014,-49.39081573486328
-75.58333333,-20.56666667,105.53516,1985.0,-0.9587178169872964,1.6096932840157391e-09,-26.41,-204.7,-22.204795837402344,-177.03378295898438
9.29255,123.1759167,823.65625,1997.0,0.741222010848596,0.0002906749723479,-4.61,-26.0,-4.210257053375244,-20.319068908691406
-53.0,-70.833333,32.589844,1996.0,0.2386727660059501,0.0,-8.17,-68.3,-8.551990509033203,-69.2226333618164
64.13,-21.93,12.141602,1976.0,0.2386727660059501,0.0001037157780956,-9.75,-63.5,-9.30954360961914,-65.64041900634766
36.98,35.3,22.958008,2004.0,-0.970063921851507,0.0,0.16,-5.4,-4.091375827789307,-19.206520080566406
47.98,-55.82,119.36328,1999.0,0.9510565162951535,0.0,-7.83,-49.6,-10.332645416259766,-74.20975494384766
2.816666667,101.5833333,1.5,2001.0,-0.2884824328806098,0.0001920437207445,-7.712,-42.16,-7.152281284332275,-43.68048858642578
-54.78,-68.28,104.83984,1992.0,-0.9634705485641486,0.0,-13.2,-97.0,-8.849468231201172,-73.4667739868164
47.4828,11.0622,716.1875,1980.0,0.2386727660059501,7.189922325778753e-05,-16.56,-126.4,-13.077116012573242,-97.1969985961914
46.60305556,13.67138889,2148.125,2002.0,-0.6084768701151264,0.0,-6.23,-34.8,-13.22035026550293,-98.3967056274414
9.93,-84.1,1135.125,2018.0,-0.2884824328806098,0.0,-3.13,-12.5,-5.415886878967285,-31.785720825195312
38.69,-27.18,341.34375,1998.0,-0.680773409477016,1.663861894485308e-06,-2.37,-8.1,-3.0238709449768066,-9.216285705566406
-20.901,55.484,83.28125,2015.0,0.9760105506323683,0.0001712672965368,-3.1,-16.9,-3.5867371559143066,-14.483863830566406
40.50691,-1.65147,1713.75,2017.0,-0.680773409477016,0.0001088786011678,-3.79,-23.9,-5.343267917633057,-30.922340393066406
43.91281944,4.888775,30.959961,2019.0,-0.2884824328806098,0.0,-6.56,-41.1,-6.39318323135376,-40.747962951660156
53.23,6.55,7.7121582,1965.0,0.9760105506323683,0.0,-8.7,-58.6,-7.325685501098633,-49.02394104003906
52.1,5.18,1.7967529,1994.0,-0.12874817745258066,3.125148214166984e-05,-0.94,-3.0,-6.507898807525635,-42.640663146972656
36.1911,44.0094,431.78125,2012.0,0.8840675099433636,0.0,-7.32,-43.92,-5.225599765777588,-29.821144104003906
47.47051111,21.49041944,105.30859,2009.0,-0.6354323008901775,0.0,-6.29,-41.8,-7.8352203369140625,-55.51080322265625
46.89,7.49,659.34375,2014.0,0.6994583270516471,0.0,-13.82,-103.7,-13.45054817199707,-100.3248062133789
51.67,-110.2,697.40625,1999.0,0.9760105506323683,2.184279037464876e-05,-17.59,-133.0,-18.970182418823242,-146.55636596679688
47.81666667,13.71777778,1616.0625,2023.0,0.255353295116187,0.0,-10.709,-90.05,-13.71143913269043,-102.5099868774414
32.2361,-110.9439,753.21875,1983.0,0.6994583270516471,0.0,-7.489224138,-40.2112069,-6.866888523101807,-45.181129455566406
47.59583333,7.594444444,248.26562,1991.0,0.2386727660059501,1.327698464592686e-05,-8.76,-65.1,-10.01292610168457,-71.5318374633789
-36.62,-64.29,175.35938,2021.0,0.9760105506323683,0.0,-7.14,-40.3,-6.0984063148498535,-37.989295959472656
-6.18,106.83,5.1230469,1988.0,0.2386727660059501,0.0005602822639048,-7.06,-46.2,-5.463362216949463,-32.046241760253906
40.41666667,-7.55,1295.4375,1995.0,0.741222010848596,0.0,-5.72,-36.3,-6.008638858795166,-37.149208068847656
18.27,-65.76,1014.125,2007.0,0.5086709438521044,4.799839189217892e-06,-2.08,1.6,-4.086523532867432,-19.161109924316406
50.4972,9.9428,920.40625,1989.0,0.741222010848596,0.0,-6.77,-46.1,-8.961688995361328,-62.726844787597656
-9.55,16.37,1154.5,1972.0,-0.27195815753410524,0.0,-6.14,-31.0,-4.377661228179932,-21.885719299316406
49.7478,6.6581,259.26562,2007.0,0.6994583270516471,0.0001641298877075,-10.47,-72.9,-9.434873580932617,-66.6901626586914
-33.97,18.6,41.798828,1997.0,0.29671281927349075,0.0,-1.35,-5.7,-3.414480686187744,-12.871803283691406
38.98916547,-3.920273851,626.8125,2013.0,-0.9587178169872964,0.0,-4.85,-27.9,-5.326284885406494,-30.763404846191406
46.49143367,9.898180888,1767.6875,2001.0,-0.9587178169872964,0.0,-14.3,-105.1,-10.5526123046875,-76.05216217041016
41.9,13.31666667,1152.75,2003.0,0.9760105506323683,0.0001514605392003,-7.94,-51.24,-7.647585868835449,-51.60822296142578
31.2025,29.87666667,-7.1420898,2002.0,0.13727877211326478,4.279398490325548e-05,-5.37,-21.35,-3.220388889312744,-11.055397033691406
-27.43,153.08,5.7802734,1987.0,-0.680773409477016,0.0001575358764966,-4.83,-21.8,-2.453726291656494,-3.8805923461914062
-0.743055556,-90.30222222,1.7120972,2016.0,0.2386727660059501,0.0,-0.845764778,2.148164967,-1.7088990211486816,3.0898666381835938
47.47051111,21.49041944,105.30859,2005.0,-0.680773409477016,0.0,-5.43,-38.13,-6.664760112762451,-43.289512634277344
44.038,10.18,783.40625,2021.0,0.5595892624101765,0.0,-3.7,-17.33,-6.866888523101807,-45.181129455566406
44.23,-79.77,234.99219,1999.0,-0.9587178169872964,0.0,-9.99,-67.8,-7.921322822570801,-54.012901306152344
-34.90416667,-56.16666667,34.734375,2013.0,0.2386727660059501,0.0,-3.08,-17.73,-5.240156650543213,-29.957374572753906
-17.83,31.02,1473.25,1996.0,0.9562348265919056,0.0,-7.31,-46.4,-5.253500461578369,-30.082252502441406
21.03,105.84,12.522461,2018.0,0.29671281927349075,0.0,-7.46,-48.9,-5.8460869789123535,-35.627967834472656
33.65694444,73.26611111,580.9375,2020.0,0.7295575540864875,0.0,-0.46,8.1,0.27083730697631836,21.617210388183594
4.359,117.986,163.78906,2008.0,0.2386727660059501,8.942426211433485e-05,-5.46,-36.5,-7.3729634284973145,-52.401344299316406
37.97,23.72,100.17578,2006.0,0.9760105506323683,0.0,-3.95,-26.87,-4.974493503570557,-27.471168518066406
-34.05,115.0249,77.78125,2007.0,-0.8165380514459157,0.0,-1.81,-4.0,-2.982626438140869,-8.830299377441406
48.24861111,16.35638889,200.63281,2015.0,-0.9741004551724206,2.8049338652635925e-05,-11.59,-78.9,-8.483316421508789,-60.347023010253906
-46.42,168.32,-0.90939331,1983.0,-0.680773409477016,0.0,-6.83,-42.4,-6.866888523101807,-45.181129455566406
41.78,-87.75,186.0,1978.0,-0.2884824328806098,0.0,-14.58,-98.1,-9.367101669311523,-87.3482437133789
51.93,-10.25,33.068359,1960.0,-0.9634705485641486,5.206243713473668e-06,-7.5,-43.4,-5.269270420074463,-30.229835510253906
51.387367,-0.325697,10.34082,2021.0,0.06880242680231986,7.47178855817765e-05,-8.83,-55.48,-6.425223350524902,-41.803504943847656
47.67,-124.48,0.0,1964.0,0.2802306751992159,0.0,-7.3,-55.8,-8.63155460357666,-61.829078674316406
-53.0,-70.833333,32.589844,1990.0,-0.9741004551724206,0.0,-14.2,-100.0,-8.7442626953125,-71.9657974243164
58.26388889,26.46138889,70.085938,2021.0,0.6994583270516471,0.0,-14.56,-105.8,-13.926290512084961,-104.3095474243164
47.4828,11.0622,716.1875,1989.0,-0.2884824328806098,1.5344357962021604e-05,-10.92,-77.4,-12.97480583190918,-96.3400650024414
33.96666667,-4.983333333,500.04688,2021.0,-0.7236440382959123,0.0,-4.96,-21.5,-4.372808933258057,-21.840309143066406
52.93,4.78,0.63311768,1986.0,-0.680773409477016,0.0,-6.88,-43.5,-6.58181619644165,-42.513282775878906
-2.53,140.72,68.566406,1962.0,0.741222010848596,0.0,-5.9,-42.2,-5.8345627784729,-35.520118713378906
47.42692898,9.400776879,758.46875,2014.0,0.6994583270516471,0.0,-14.85,-110.4,-12.995267868041992,-96.5114517211914
4.7,-74.13,2551.125,2017.0,0.2386727660059501,0.0,-5.25,-25.8,-2.8997254371643066,-30.82891082763672
47.81666667,13.71777778,1616.0625,2019.0,-0.1882267098432439,0.0,-16.568,-123.6,-8.235286712646484,-56.642616271972656
18.23388889,-65.885,70.4375,2005.0,-0.6152845999633277,2.4646335077704865e-05,-2.58,-10.2,-2.8055176734924316,-7.172828674316406
48.951944,14.469722,396.5625,2018.0,-0.680773409477016,9.453889106225688e-06,-5.22,-34.1,-6.498720645904541,-41.735633850097656
64.13,-21.93,12.141602,2020.0,0.6994583270516471,0.0,-8.92,-61.8,-8.814619064331055,-61.49500274658203
-0.331666667,31.76111111,1281.8125,2015.0,-0.2884824328806098,0.0,-4.4,-23.6,-3.055410861968994,-9.511451721191406
31.95765,35.84828333,916.125,2000.0,-0.7116566222817751,2.6319750759284943e-05,-8.51,-46.6,-4.433462619781494,-22.407936096191406
47.47051111,21.49041944,105.30859,2006.0,0.04302223300453059,0.0,-0.56,-14.45,-8.615114212036133,-59.82398223876953
45.8,28.2,40.330078,2018.0,-0.9587178169872964,0.0,-8.18,-58.0,-6.730584144592285,-43.803890228271484
38.66038889,-27.22009444,77.109375,1990.0,0.29671281927349075,7.276317774085328e-06,-0.12,0.7,-3.069967746734619,-9.647682189941406
33.65694444,73.26611111,580.9375,1997.0,-0.680773409477016,0.0,-12.05,-87.05,-5.385725498199463,-31.319679260253906
14.93894444,-88.02145,661.125,2009.0,0.741222010848596,0.000210033453186,-2.5,-10.81,-3.560049533843994,-14.234107971191406
48.75,-91.62,405.375,1979.0,-0.2884824328806098,7.613898196723312e-05,-22.4,-171.0,-15.664276123046875,-150.66836547851562
-75.58333333,-20.56666667,105.53516,2018.0,-0.2884824328806098,0.0,-16.27,-124.5,-21.951080322265625,-177.33175659179688
50.4972,9.9428,920.40625,1985.0,-0.7236440382959123,0.0,-12.37,-85.9,-10.186853408813477,-72.9886245727539
-31.95,115.97,20.375,2013.0,0.9510565162951535,0.0,-5.25,-30.6,-3.7953858375549316,-16.436500549316406
4.377083333,18.56247222,359.875,2011.0,-0.680773409477016,0.0003595289599616,-4.116806614,-19.86355895,-3.846334934234619,-16.913307189941406
41.78,-87.75,186.0,1977.0,-0.2884824328806098,0.0,-11.75,-72.9,-9.358621597290039,-87.2510757446289
10.30944444,-84.8075,1486.125,2004.0,0.1882267098432442,0.0,-1.5,2.0,0.4415273666381836,-4.562473297119141
-75.58333333,-20.56666667,105.53516,1983.0,0.741222010848596,4.384689452341435e-06,-21.97,-177.3,-16.946901321411133,-136.55563354492188
49.0392,8.365,112.44141,1994.0,-0.2884824328806098,5.737617539125495e-05,-7.86,-54.4,-10.371011734008789,-74.5311050415039
46.29,-64.15,0.0,1997.0,0.6994583270516471,0.0,-12.08,-91.8,-13.783056259155273,-103.1098403930664
51.6,-1.1,55.042969,2003.0,0.9510565162951535,2.1222424038569443e-05,-8.15,-50.1,-7.483449935913086,-51.385902404785156
36.29166667,81.00833333,2226.875,1991.0,0.9873494423939864,0.0,-19.49,-154.5,-17.404836654663086,-133.44528198242188
-37.82,144.97,6.1674805,1973.0,-0.2135209154397959,6.5310623540426604e-06,-6.12,-35.2,-4.765844821929932,-25.518531799316406
46.095,14.597,283.89062,1986.0,-0.680773409477016,0.0,-5.83,-38.0,-6.317062854766846,-40.03559112548828
40.40725278,-3.686133333,653.5,2003.0,0.017213356155834685,0.0,-5.9,-36.4,-6.627824783325195,-42.75440979003906
49.04,37.577,66.21875,2017.0,0.741222010848596,1.757772588462103e-05,-8.77,-64.2,-7.8995819091796875,-53.83080291748047
52.2914,10.4464,80.6875,1985.0,-0.9587178169872964,7.705581083428115e-06,-3.23,-20.9,-6.815638542175293,-45.228492736816406
-15.6,-56.1,177.79688,1973.0,0.29671281927349075,0.0,-3.15,-11.8,-4.975706577301025,-27.482521057128906
41.15305556,-96.49277778,352.0625,1993.0,-0.9932568492674143,0.0001339632435701,-5.8,-36.0,-8.016599655151367,-54.81092071533203
32.37,-64.68,1.0638428,1964.0,0.9721181966290613,0.0,-0.5,-5.6,-3.7323060035705566,-15.846168518066406
36.88,30.7,0.0,1978.0,0.6994583270516471,4.3860829464392737e-05,-5.89,-30.4,-5.909773349761963,-36.223976135253906
47.6772,9.19,442.90625,2011.0,0.29671281927349075,0.0,-5.16,-36.41,-7.028347015380859,-46.533477783203125
-54.78,-68.28,104.83984,1983.0,0.9510565162951535,0.0,-10.4,-76.0,-8.540201187133789,-69.0544204711914
47.59583333,7.594444444,248.26562,2008.0,-0.27195815753410524,2.150071668438613e-05,-14.92,-114.15,-11.327611923217773,-82.5434341430664
42.025,35.15833333,61.443359,2015.0,-0.680773409477016,1.578753835929092e-05,-7.4,-46.7,-5.551916599273682,-32.874977111816406
47.59583333,7.594444444,248.26562,1995.0,-0.9587178169872964,0.0,-9.17,-68.1,-7.0267133712768555,-47.88202667236328
47.4828,11.0622,716.1875,1979.0,0.6994583270516471,0.0,-14.12,-111.7,-14.28437614440918,-107.3088150024414
10.29583333,-84.00027778,266.92188,2004.0,-0.3617137307297674,0.0,-8.4,-56.0,-6.624880313873291,-42.916297912597656
51.18,8.4889,841.375,2008.0,0.6994583270516471,0.0001554871123516,-9.89,-63.1,-9.854345321655273,-70.2035903930664
49.7478,6.6581,259.26562,1979.0,0.741222010848596,0.0,-7.68,-51.8,-6.9204816818237305,-45.6300163269043
51.93,-10.25,33.068359,2015.0,-0.680773409477016,3.712753459694795e-05,-4.04,-24.4,-5.117636203765869,-28.810768127441406
10.00036389,-84.10913333,1157.3125,2018.0,0.6152845999633276,6.117115844972432e-05,-15.06445035,-112.0517002,-8.26993179321289,-65.1984634399414
45.32,-75.67,112.08594,1974.0,-0.9587178169872964,6.838156429989084e-11,-9.5,-64.6,-8.645807266235352,-60.08106231689453
41.91172742,2.763346411,139.71094,2009.0,-0.9741004551724206,0.0,-7.03,-41.4,-5.756319522857666,-34.787879943847656
4.05,114.81,27.053711,2006.0,-0.7236440382959123,0.0,-2.7,-8.75,-6.694632053375244,-43.569068908691406
19.2,-96.13,0.0,1976.0,0.2802306751992159,0.0002433359622955,-7.76,-51.5,-4.387405872344971,-22.858375549316406
28.22,-177.37,0.0,1962.0,0.6994583270516471,0.0,-3.3,-14.3,-3.2373719215393066,-11.214332580566406
41.78,-87.75,186.0,1970.0,0.9510565162951535,0.0,-12.02,-96.1,-7.050407409667969,-46.71825408935547
43.54983333,13.60116667,546.1875,2018.0,-0.7236440382959123,0.0,-6.98,-40.5,-6.896842002868652,-45.4320182800293
-34.05,115.0249,77.78125,2013.0,-0.24702218048093527,4.262751645001117e-06,-5.55,-25.0,-3.3295655250549316,-12.077125549316406
-0.331666667,31.76111111,1281.8125,2004.0,-0.7116566222817751,0.0001022685246425,-4.75,-28.0,-2.798239231109619,-7.104713439941406
43.91281944,4.888775,30.959961,2012.0,-0.23030567023061196,0.0,-2.216928804,-10.69990317,-3.7565674781799316,-16.073219299316406
-20.67777778,139.4875,339.82812,2011.0,0.9510565162951535,0.0,-11.25,-79.0,-5.187994480133057,-29.469215393066406
52.2914,10.4464,80.6875,1987.0,-0.7236440382959123,1.7467982615926303e-05,-10.98,-78.1,-8.975757598876953,-62.84467315673828
30.99666667,78.94027778,3176.75,2004.0,-0.970063921851507,0.0,-17.4,-119.6,-13.610925674438477,-141.39889526367188
-33.94638889,151.1730556,3.6643066,2009.0,0.6994583270516471,9.59818953560898e-06,-3.77,-10.4,-4.341269016265869,-21.545143127441406
46.29,-64.15,0.0,2010.0,-0.7236440382959123,0.0,-8.6,-54.3,-9.984790802001953,-71.29618072509766
62.89179444,27.62542222,94.585938,2007.0,0.9760105506323683,4.164035544818034e-06,-16.32,-122.8,-14.427610397338867,-108.5085220336914
13.55,144.83,113.0,1966.0,-0.9741004551724206,0.0002719185431487,-3.92,-12.5,-6.64550256729126,-43.109291076660156
-75.58333333,-20.56666667,105.53516,2012.0,0.9562348265919056,0.0,-19.08,-146.4,-18.83504295349121,-151.49948120117188
50.11622222,14.39291667,182.82031,2014.0,-0.9587178169872964,5.758086990681477e-05,-7.21,-51.9,-7.430349349975586,-51.336524963378906
-34.23583333,142.0866667,49.828125,2011.0,0.29671281927349075,0.0,-4.06,-23.0,-3.9069886207580566,-17.480934143066406
-0.37,-78.55,3064.0,2002.0,0.9760105506323683,1.550267006678041e-05,-22.8,-173.4,-9.723762512207031,-85.9404067993164
-53.0,-70.833333,32.589844,2017.0,0.9510565162951535,0.0,-7.93,-61.8,-8.011451721191406,-61.510719299316406
4.365694444,18.58725,381.14062,2017.0,0.2386727660059501,0.0,0.03,8.6,-0.19013071060180664,17.303245544433594
52.141,-106.6244,507.71875,1999.0,0.6994583270516471,7.492535587516613e-06,-19.34,-161.88,-23.052358627319336,-180.74801635742188
46.29,-64.15,0.0,2009.0,-0.9741004551724206,0.0,-12.96,-86.3,-9.55508804321289,-67.69705963134766
18.295,-65.79388889,798.625,2006.0,0.6152845999633276,0.0004037786857225,-1.83,3.3,-3.040853977203369,-9.375221252441406
8.727777778,77.71833333,39.275391,2004.0,-0.23030567023061196,0.0,-2.89,-17.1,-3.5333619117736816,-13.984352111816406
21.04534722,105.7986667,12.334473,2007.0,-0.9587178169872964,0.0001412156561855,-10.98,-69.36,-7.505377292633057,-54.290504455566406
27.7,106.88,860.71875,1992.0,0.6994583270516471,0.0,-3.76,-10.1,-3.0287232398986816,-9.261695861816406
39.46666667,-6.333333333,410.0,2006.0,0.29671281927349075,0.0,-5.46,-36.29,-4.547491550445557,-23.475074768066406
46.96666667,28.9,90.308594,2009.0,-0.680773409477016,0.0,-3.56,-28.09,-6.563013553619385,-42.337318420410156
13.01,123.96,364.48438,1998.0,0.6994583270516471,0.0,-1.42,0.1,-3.530935764312744,-13.961647033691406
53.32,-60.42,46.541016,1962.0,-0.680773409477016,0.0001053430969477,-11.0,-75.0,-10.61911392211914,-76.60916900634766
7.47,151.85,0.0,1974.0,-0.7236440382959123,9.93399225990288e-05,-3.99,-20.6,-5.317793369293213,-30.683937072753906
-2.53,140.72,68.566406,1989.0,0.741222010848596,0.0,-6.52,-41.5,-5.8994622230529785,-36.127479553222656
50.4972,9.9428,920.40625,1991.0,0.9760105506323683,0.000168009486515,-12.68,-93.7,-9.433595657348633,-66.67945098876953
31.99730278,34.81616111,44.347656,1970.0,0.6994583270516471,2.067376408376731e-05,-3.9,-20.1,-3.676504611968994,-15.323951721191406
46.60305556,13.67138889,2148.125,1973.0,0.9510565162951535,0.0,-18.93,-138.3,-11.552694320678711,-84.4286880493164
-6.18,106.83,5.1230469,1986.0,-0.9741004551724206,2.310162926733028e-05,-5.47,-31.9,-4.8446946144104,-26.256446838378906
4.05,114.81,27.053711,2007.0,-0.9587178169872964,0.0001097136191674,-8.92,-58.66,-6.922452449798584,-48.90198516845703
19.2,-96.13,0.0,1962.0,0.29671281927349075,0.0,-3.4,-29.2,-5.105505466461182,-28.697242736816406
49.0422,12.1019,370.21875,1986.0,0.9760105506323683,0.0,-10.62,-82.3,-11.120433807373047,-80.80814361572266
-41.47,-72.93,43.574219,2013.0,0.29671281927349075,0.0001251828944077,-5.52,-34.4,-6.433821201324463,-41.128273010253906
13.73,100.5,5.7392578,1990.0,-0.2135209154397959,0.0,-5.06,-32.3,-6.330103397369385,-40.157630920410156
-46.42,168.32,-0.90939331,1980.0,0.9562348265919056,0.0,-7.88,-57.4,-6.866888523101807,-45.181129455566406
51.6,-1.1,55.042969,2003.0,-0.9741004551724206,0.0,-10.36,-69.9,-6.917348384857178,-45.37311553955078
-34.90416667,-56.16666667,34.734375,2013.0,-0.9587178169872964,2.338205558771733e-05,-4.3,-21.36,-3.3150086402893066,-11.940895080566406
34.3,108.93,399.84375,1989.0,-0.2884824328806098,0.0,-11.0,-64.3,-6.4815802574157715,-45.123329162597656
51.35,12.43,125.46484,2005.0,0.741222010848596,0.0,-8.46,-59.9,-7.068151950836182,-46.866878509521484
68.68333333,21.53,459.29688,1995.0,0.741222010848596,0.0,-15.33,-115.6,-13.670515060424805,-102.1672134399414
43.71,10.4,9.4057617,1995.0,-0.7236440382959123,2.918392738138209e-06,-6.49,-39.7,-6.226385593414307,-39.186988830566406
29.35541116,34.96028149,7.939209,1969.0,0.9760105506323683,0.0,-3.07,-25.8,-3.3974976539611816,-12.712867736816406
-1.43,-48.48,4.737793,1967.0,-0.2884824328806098,1.968300603039097e-05,-1.17,-5.1,-2.395498752593994,-3.3356704711914062
47.37233597,8.083138245,397.48438,2013.0,-0.7236440382959123,0.0,-13.38,-99.07,-10.972084045410156,-79.56558990478516
40.80638889,-104.7547222,1641.75,1998.0,-0.9760105506323682,2.767198020592332e-05,-7.4,-42.0,-15.261438369750977,-115.4925308227539
46.17378583,8.788556051,407.5,1990.0,-0.2884824328806098,0.0,-15.91,-113.5,-12.488832473754883,-92.2696304321289
-41.47,-72.93,43.574219,1999.0,0.741222010848596,0.0,-9.26,-65.2,-6.214254856109619,-39.073463439941406
42.66,18.08333333,0.0,2000.0,-0.9634705485641486,0.0,-3.64,-19.06,-4.782827854156494,-25.677467346191406
72.58,-38.4799,3202.0,2011.0,-0.9760105506323682,4.738709321827628e-06,-27.67142772,-210.6781795,-35.963905334472656,-288.8930358886719
44.73805556,-0.774722222,59.488281,2013.0,-0.2884824328806098,4.670039925258607e-05,-4.31,-23.96,-6.207582950592041,-39.011024475097656
-5.22,145.8,2.7424316,1975.0,-0.7236440382959123,0.0001216505115735,-8.01,-50.2,-5.653814792633057,-33.828590393066406
37.6045,108.7969333,1334.5,2003.0,-0.680773409477016,0.0003998197498731,-8.8,-60.0,-5.98559045791626,-36.933509826660156
46.57248471,8.332719621,1924.0,2020.0,-0.970063921851507,0.0002617521095089,-13.5,-96.7,-10.56795883178711,-76.18070220947266
22.31666667,114.1666667,34.056641,1988.0,0.6994583270516471,6.01873362029437e-05,-2.44,-1.2,-3.6109986305236816,-14.710914611816406
35.89722222,39.34166667,251.73438,1992.0,0.7295575540864875,0.0,-1.57,-12.9,-4.319433689117432,-21.340797424316406
38.00194982,-1.170837424,61.660156,2014.0,0.741222010848596,0.0,-5.06,-37.7,-4.372808933258057,-21.840309143066406
20.7628,-156.25085,2044.125,1996.0,-0.8958392907349089,0.0,-7.9,-52.0,-9.914360046386719,-62.10921096801758
7.144722222,-73.125,834.75,2005.0,0.6994583270516471,0.0001103196336771,-4.72,-19.41,-8.665359497070312,-70.8400650024414
31.95765,35.84828333,916.125,2001.0,0.741222010848596,0.0,-2.67,-9.7,-2.9850525856018066,-8.853004455566406
15.33401667,38.92861667,2341.125,2018.0,-0.2135209154397959,0.0,-1.84,2.7,-2.419760227203369,-3.5627212524414062
41.66056063,-1.004162565,244.98438,2014.0,0.741222010848596,1.4887704310240224e-05,-4.86,-31.3,-5.406005859375,-31.513748168945312
48.8281,9.2,313.79688,2000.0,-0.23030567023061196,0.0,-7.58,-57.35,-6.377110004425049,-40.59754180908203
46.96666667,28.9,90.308594,2016.0,0.2802306751992159,0.0,-6.31,-45.3,-7.412010192871094,-49.746978759765625
49.0392,8.365,112.44141,1998.0,0.9510565162951535,0.0,-5.54,-36.8,-8.850427627563477,-61.79492950439453
14.73333333,-17.5,17.729492,2015.0,-0.9587178169872964,4.9289767048321664e-05,-1.74,-11.5,-3.8924317359924316,-17.344703674316406
66.49686111,25.75518056,108.88672,2010.0,-0.9741004551724206,0.0,-14.77,-106.5,-13.655168533325195,-102.0386734008789
12.69325,-7.995494444,382.5625,1967.0,-0.9741004551724206,0.0,-1.85,-14.9,-4.707617282867432,-24.973609924316406
-6.18,106.83,5.1230469,1974.0,-0.680773409477016,0.0001223526051035,-4.62,-26.0,-5.254713535308838,-30.093605041503906
36.03,129.38,4.7189941,1964.0,-0.23030567023061196,0.0,-8.6,-57.6,-7.672255039215088,-56.671363830566406
78.07,13.63,0.0,1964.0,-0.27195815753410524,0.0,-11.4,-71.9,-10.294279098510742,-73.8884048461914
64.13,-21.93,12.141602,2006.0,-0.9587178169872964,1.3654595932166558e-05,-7.93,-56.61,-8.33120346069336,-57.44599151611328
46.57248471,8.332719621,1924.0,2017.0,0.9510565162951535,0.0,-14.54,-106.6,-12.560449600219727,-92.8694839477539
51.83,6.25,9.5,1995.0,-0.7236440382959123,0.0001928964775288,-8.53,-57.0,-7.8375563621521,-53.31128692626953
-1.43,-48.48,4.737793,1978.0,0.29671281927349075,7.874392031226307e-05,-2.21,-7.7,-2.6793580055236816,-5.992164611816406
47.4,28.49166667,94.726562,2020.0,-0.970063921851507,0.0,-6.55,-41.5,-9.073563575744629,-64.48871612548828
39.28333333,-7.416666667,492.75,1991.0,0.741222010848596,0.0,-6.17,-45.2,-4.822859287261963,-26.052101135253906
49.04,37.577,66.21875,2018.0,0.9760105506323683,6.680731166852638e-05,-9.71,-67.7,-9.280130386352539,-65.39405059814453
49.1823,-119.559,334.40625,2009.0,0.8587639582758029,0.0,-17.41,-137.09,-11.71255111694336,-86.81485748291016
-27.43,153.08,5.7802734,1997.0,0.6994583270516471,0.0,-5.37,-32.5,-2.5143799781799316,-4.448219299316406
39.55339029,2.625298143,5.3820801,2003.0,0.741222010848596,0.0,-3.34,-22.34,-4.530508518218994,-23.316139221191406
47.7,27.88333333,177.36719,2010.0,-0.7236440382959123,2.4877823307178915e-05,-11.1175,-78.7959,-10.539823532104492,-75.9450454711914
35.13,-111.67,2151.0,1963.0,0.9510565162951535,0.0,-10.7,-87.9,-8.668987274169922,-70.8918228149414
-4.633888889,-79.71638889,2753.5,2006.0,-0.2884824328806098,4.633912249119021e-05,-8.23,-55.65,-5.6210618019104,-33.522071838378906
38.00194982,-1.170837424,61.660156,2020.0,-0.7116566222817751,5.6523724197177216e-05,-6.4,-39.3,-5.803022861480713,-35.224952697753906
43.54983333,13.60116667,546.1875,2015.0,0.9510565162951535,0.0,-7.91,-49.1,-6.312513828277588,-39.993019104003906
58.75,-94.06,16.645508,1992.0,-0.23030567023061196,6.33127319815685e-06,-19.66,-148.5,-13.795398712158203,-105.03385162353516
49.0975,19.59,572.9375,1993.0,-0.2135209154397959,4.234837979311124e-05,-6.6,-41.9,-7.485865116119385,-50.365577697753906
46.78,23.61,336.76562,2020.0,-0.6932812268869771,0.0,-6.46,-39.1,-6.186960697174072,-38.818031311035156
41.78,-87.75,186.0,1965.0,0.6994583270516471,0.0,-13.4,-96.5,-11.271341323852539,-82.0721206665039
50.3381,7.6,86.441406,1999.0,0.741222010848596,0.0,-2.88,-21.0,-6.866888523101807,-45.181129455566406
28.58,77.2,222.79688,1965.0,0.29671281927349075,0.0,8.2,46.6,-0.7190308570861816,12.353538513183594
44.42,8.85,5.4519043,1991.0,0.2386727660059501,0.0002730938431341,-3.08,-19.2,-6.9171671867370605,-46.28215026855469
-15.6,-56.1,177.79688,1990.0,0.4937755501599772,0.0001626109587959,-1.97,0.4,-5.137045383453369,-28.992408752441406
-19.65028,-67.66944,3701.25,2009.0,0.2386727660059501,0.0001181012048618,-16.71996031,-114.9,-9.983148574829102,-89.6410903930664
46.60305556,13.67138889,2148.125,1980.0,0.2802306751992159,6.402713916031644e-05,-8.69,-56.7,-8.869305610656738,-64.81424713134766
-8.77,-63.92,52.0,1976.0,0.9721181966290613,0.0,-11.74,-85.7,-6.866888523101807,-45.181129455566406
34.71666667,10.68333333,23.232422,2017.0,0.741222010848596,0.0,3.08,7.2,-3.734732151031494,-15.868873596191406
36.83,10.23,0.0,1977.0,0.2386727660059501,0.0,-4.35,-28.6,-5.356611728668213,-31.047218322753906
42.58834633,-5.651107617,911.78125,2020.0,0.6994583270516471,0.0001635032094782,-4.93,-27.9,-9.150962829589844,-64.31217193603516
46.60305556,13.67138889,2148.125,1979.0,0.6994583270516471,0.0,-13.16,-95.4,-12.488832473754883,-92.2696304321289
23.05,-82.21666667,123.02734,2009.0,-0.9741004551724206,8.655525743961334e-05,-2.16,-3.0,-3.957937717437744,-17.957740783691406
47.833185,1.940433,113.78516,2009.0,0.741222010848596,0.0,-4.5,-27.1,-6.592278957366943,-42.61119842529297
25.46411667,-80.33465278,4.0249023,2005.0,-0.2802306751992161,5.259839599602856e-05,-1.37,-3.0,-2.4513001441955566,-3.8578872680664062
50.4972,9.9428,920.40625,1992.0,0.7295575540864875,0.0,-8.24,-55.9,-9.235368728637695,-65.0191421508789
-33.97,18.6,41.798828,2011.0,0.741222010848596,0.0,-3.10007624,-10.6635048,-3.2422242164611816,-11.259742736816406
28.63,-106.07,1444.25,1964.0,-0.23030567023061196,0.0,-0.5,-10.6,-6.866888523101807,-45.181129455566406
46.60305556,13.67138889,2148.125,2002.0,-0.008606996888688009,9.342967678094284e-05,-7.83,-47.8,-8.780088424682617,-61.205787658691406
-3.12,-60.02,49.394531,1967.0,0.9760105506323683,4.55856388725806e-05,-6.42,-48.4,-6.39318323135376,-40.747962951660156
49.1823,-119.559,334.40625,2009.0,-0.7469720876965551,0.0,-14.85,-113.04,-14.913583755493164,-112.5789566040039
49.0392,8.365,112.44141,1983.0,0.29671281927349075,0.0,-5.93,-42.3,-7.502490520477295,-50.50482940673828
39.46666667,-6.333333333,410.0,2015.0,0.2386727660059501,0.0,-10.13,-72.4,-6.53875207901001,-42.110267639160156
-34.05,115.0249,77.78125,2009.0,-0.5737722679043243,1.455966503272066e-05,-0.44,4.6,-3.2664856910705566,-11.486793518066406
-53.0,-70.833333,32.589844,1995.0,0.29671281927349075,8.198036084650084e-05,-9.98,-75.5,-8.517526626586914,-68.7309341430664
-36.8,-59.83,137.54688,2001.0,-0.7236440382959123,0.0,-4.8,-22.0,-3.9458069801330566,-17.844215393066406
32.2361,-110.9439,753.21875,1998.0,-0.2135209154397959,0.0,-6.812857143,-48.82857143,-6.866888523101807,-45.181129455566406
9.49,138.09,7.6940918,1969.0,0.9510565162951535,0.0,1.1,5.4,-4.48562479019165,-22.896095275878906
30.62,114.13,25.587891,1986.0,0.741222010848596,2.2320089556160383e-05,-3.42,-9.7,-4.605719089508057,-24.019996643066406
44.13333333,6.333333333,881.625,2020.0,0.2802306751992159,1.7756552551873028e-05,-7.31,-48.1,-6.227309226989746,-41.180030822753906
68.5,112.4333333,105.19531,2000.0,0.6994583270516471,0.0,-29.9,-244.4,-27.32892417907715,-216.56784057617188
80.0,-85.56,141.59375,1993.0,-0.2884824328806098,0.0,-42.87,-329.6,-26.541135787963867,-209.96945190429688
45.32,-75.67,112.08594,1994.0,-0.680773409477016,0.0,-7.0,-41.0,-7.574758529663086,-55.280372619628906
36.88,30.7,0.0,2007.0,0.9510565162951535,0.0,-3.92,-24.97,-4.866529941558838,-26.460792541503906
53.8713,8.7058,4.7202148,1990.0,0.741222010848596,6.53048264211975e-05,-4.17,-27.2,-6.866888523101807,-45.181129455566406
39.55339029,2.625298143,5.3820801,2003.0,-0.9741004551724206,4.209895269013941e-05,-9.49,-62.95,-4.901709079742432,-26.790016174316406
50.92,5.78,111.17188,2002.0,0.994217906893952,0.0,-8.571,-59.65,-7.827964782714844,-53.23094940185547
63.52,-116.0,238.64844,2002.0,-0.9587178169872964,0.0,-17.17,-134.2,-19.481733322143555,-150.84103393554688
46.60305556,13.67138889,2148.125,2001.0,0.9483615800121715,0.0,-8.34,-61.7,-11.186935424804688,-81.36515045166016
-34.03,-67.97,581.875,1984.0,0.9562348265919056,0.0,-6.9,-45.0,-6.364675998687744,-40.481178283691406
36.98,35.3,22.958008,2006.0,-0.7236440382959123,0.0,-6.43,-34.57,-4.657881259918213,-24.508155822753906
-21.54022,-64.69846,1877.5,2010.0,0.9760105506323683,6.723555270582438e-05,-6.05,-30.2,-6.993515968322754,-48.23371124267578
-34.05,115.0249,77.78125,2018.0,0.8064799463209448,0.0001446749083697,-2.72,-3.6,-3.9894776344299316,-18.252906799316406
-65.07944444,-63.9775,286.6875,1997.0,0.29671281927349075,2.127324613091435e-06,-11.81,-90.7,-9.330148696899414,-80.3246841430664
47.81666667,13.71777778,1616.0625,2003.0,0.4171936026123168,0.0,-9.99,-63.4,-11.294361114501953,-82.26493072509766
18.37583333,-65.73277778,2.0092773,2005.0,-0.16280701293851646,1.6027594028855674e-05,-2.42,-10.0,-2.871023654937744,-7.785865783691406
22.71666667,89.08333333,11.063965,2016.0,0.2802306751992159,0.0,-2.2,-7.3,-4.287893772125244,-21.045631408691406
-31.15583333,136.8052778,166.9375,2007.0,-0.680773409477016,0.0,1.71,14.9,-2.444021701812744,-3.7897720336914062
-41.47,-72.93,43.574219,2002.0,-0.7236440382959123,0.0,-5.53,-35.5,-6.866888523101807,-45.181129455566406
64.13,-21.93,12.141602,2020.0,0.9721181966290613,0.0,-11.99,-90.9,-8.28062629699707,-58.042884826660156
66.49686111,25.75518056,108.88672,2018.0,-0.2884824328806098,4.346707100921776e-06,-17.6,-129.7,-16.67331886291504,-127.3182144165039
-16.49888889,-68.12305556,3582.75,2000.0,0.2802306751992159,3.129317337879911e-05,-11.82,-80.2,-10.777631759643555,-100.9760513305664
-32.88,-68.85,762.84375,1983.0,0.9510565162951535,0.0,-5.3,-35.0,-6.382872104644775,-40.651466369628906
-75.58333333,-20.56666667,105.53516,2014.0,0.9760105506323683,0.0,-24.04,-183.2,-18.82571792602539,-151.42672729492188
53.32,-60.42,46.541016,2003.0,-0.680773409477016,4.26960141339805e-05,-11.83,-85.2,-11.222753524780273,-85.6884536743164
31.05230556,46.26530278,5.8664551,2011.0,-0.2884824328806098,0.0002125156170222,-3.0,-12.21,-2.924398899078369,-8.285377502441406
50.3119,11.8758,564.53125,1987.0,-0.9587178169872964,4.42106174887158e-05,-7.0,-48.2,-7.9929399490356445,-54.612754821777344
47.47051111,21.49041944,105.30859,2006.0,0.4559066935084588,1.4362510228238534e-05,-13.6,-99.04,-8.323530197143555,-57.38172149658203
-2.433333333,-54.71666667,57.433594,1973.0,-0.9741004551724206,0.0,-3.4,-12.0,-2.6745057106018066,-5.946754455566406
46.60305556,13.67138889,2148.125,2001.0,0.9611297838723007,2.3073407646734267e-05,-5.99,-42.6,-10.575632095336914,-76.2449722290039
40.8203002,0.493333172,52.294922,2005.0,0.741222010848596,0.0002699108736123,-10.12,-73.96,-5.001181125640869,-27.720924377441406
64.13,-21.93,12.141602,1995.0,-0.9587178169872964,2.092945396725554e-05,-8.66,-62.3,-8.360616683959961,-57.692359924316406
52.88333333,-1.083333333,60.794922,1992.0,-0.970063921851507,0.0,-9.0,-60.0,-7.241722583770752,-48.23157501220703
48.24861111,16.35638889,200.63281,1990.0,0.29671281927349075,5.683424387825653e-05,-6.37,-44.0,-8.052813529968262,-55.40293884277344
6.166666667,102.2833333,3.2288818,1980.0,-0.9634705485641486,0.0,-8.5,-57.1,-6.734969615936279,-46.773475646972656
47.37233597,8.083138245,397.48438,2022.0,-0.9587178169872964,0.0001095836705644,-8.25,-57.1,-7.516376495361328,-51.954986572265625
8.35,80.38333333,84.476562,1986.0,-0.7236440382959123,0.0,-6.14,-35.2,-6.866888523101807,-45.181129455566406
38.93,100.43,1490.125,1992.0,-0.23030567023061196,1.0630358701746443e-05,-1.85,-5.9,-4.859251499176025,-26.392677307128906
48.4042,2.6965,79.179688,2019.0,0.9760105506323683,0.0,-8.7,-63.5,-6.649452209472656,-43.080238342285156
25.07,110.08,385.5,1984.0,0.9721181966290613,4.277467814972624e-05,-3.36,-11.2,-3.3780884742736816,-12.531227111816406
-22.94916667,-46.54916667,855.53125,1998.0,0.7116566222817746,0.0002161500888178,-5.6,-31.22,-4.928396701812744,-27.039772033691406
46.095,14.597,283.89062,2001.0,0.2386727660059501,0.0,-7.51,-51.0,-11.882644653320312,-87.19229888916016
35.27,-75.55,0.0,1973.0,0.741222010848596,0.0,-3.04,-12.0,-3.594015598297119,-14.551979064941406
-20.47,-54.67,554.875,1978.0,0.9510565162951535,4.657424869947136e-05,-17.7,-130.0,-5.448805332183838,-31.910011291503906
50.92,5.78,111.17188,1982.0,0.2386727660059501,8.527642421540804e-06,-6.76,-42.4,-9.382440567016602,-66.25098419189453
44.42,8.85,5.4519043,1990.0,-0.2884824328806098,0.0,-7.13,-44.5,-6.581967830657959,-42.51470184326172
46.78,23.61,336.76562,2016.0,0.9562348265919056,6.542509254359175e-06,-10.12,-71.9,-10.266143798828125,-73.65274810791016
68.3,-133.4833333,38.167969,1988.0,-0.970063921851507,0.0,-26.8,-194.0,-25.671499252319336,-202.68551635742188
-3.72,-38.55,19.124023,1973.0,-0.7236440382959123,3.161422864650376e-05,-0.79,2.8,-1.8302063941955566,1.9546127319335938
76.76666667,-18.66666667,0.0,2012.0,-0.6932812268869771,0.0,-23.87,-184.0,-16.765398025512695,-128.08944702148438
50.3381,7.6,86.441406,2010.0,0.29671281927349075,0.0002061772102024,-5.83,-48.83,-6.866888523101807,-45.181129455566406
53.8713,8.7058,4.7202148,1996.0,0.7295575540864875,1.6050403246481435e-06,-4.83,-39.7,-6.866888523101807,-45.181129455566406
-4.633888889,-79.71638889,2753.5,2010.0,0.9760105506323683,0.0,-9.62,-67.54,-8.894815444946289,-74.1137466430664
32.6925,74.84611111,295.85938,2004.0,-0.970063921851507,0.0,-3.5,-17.4,-3.661947727203369,-15.187721252441406
76.76666667,-18.66666667,0.0,2006.0,0.2386727660059501,0.0,-18.28,-137.39,-19.54361343383789,-151.9248809814453
50.7,5.47,141.75781,1968.0,-0.970063921851507,9.69336397247389e-05,-6.32,-37.2,-6.866888523101807,-45.181129455566406
50.92,5.78,111.17188,1984.0,-0.970063921851507,3.778296377277002e-05,-8.76,-61.5,-7.492254257202148,-51.42005920410156
49.0422,12.1019,370.21875,2002.0,0.741222010848596,0.0,-8.28,-60.4,-8.053047180175781,-55.11620330810547
49.0422,12.1019,370.21875,2003.0,-0.7236440382959123,0.0,-14.15,-100.9,-11.082067489624023,-80.4867935180664
35.68,139.77,22.099609,1962.0,0.29671281927349075,9.402530122315512e-05,-9.9,-72.6,-7.167087078094482,-49.464088439941406
-51.342,-58.8425,51.390625,2015.0,-0.9587178169872964,2.497702371329069e-05,-5.5351703,-36.0351387,-7.396000385284424,-53.46055603027344
4.912811111,-73.89339167,2636.625,1999.0,-0.9587178169872964,5.602548480965197e-05,-8.57,-50.6,-7.915316104888916,-60.139137268066406
52.2914,10.4464,80.6875,2007.0,0.29671281927349075,0.0,-6.62,-49.1,-7.001969814300537,-46.31254959106445
34.9,-120.45,72.417969,1964.0,0.7295575540864875,0.0,-7.8,-54.5,-5.185568332672119,-29.446510314941406
47.93333333,106.9833333,1398.4375,2000.0,0.9562348265919056,0.0,-15.8,-125.1,-20.023977279663086,-155.38278198242188
-36.62,-64.29,175.35938,2015.0,0.6994583270516471,0.0,-4.05,-21.4,-6.094160556793213,-37.949562072753906
40.41666667,-7.55,1295.4375,1996.0,0.9721181966290613,3.332738560857251e-05,-5.86,-27.0,-6.889686584472656,-45.06334686279297
50.92,5.78,111.17188,2009.0,-0.8452490573530633,0.0,-2.96,-19.62,-6.866888523101807,-45.181129455566406
4.05,114.81,27.053711,2009.0,-0.6486295610349818,0.000348109868355,-7.53,-49.9,-7.247805118560791,-50.615699768066406
46.57248471,8.332719621,1924.0,2013.0,-0.7236440382959123,1.6842463082866743e-05,-18.03,-131.06,-14.836851119995117,-111.9362564086914
46.98141401,6.607999655,1046.0625,2007.0,0.9510565162951535,2.6909987354883924e-05,-11.69,-83.447709,-11.767545700073242,-86.2282485961914
43.68333333,-1.066666667,17.238281,2000.0,-0.23030567023061196,0.0,-3.1,-20.2,-3.5091004371643066,-13.757301330566406
30.87,34.79,468.625,1978.0,0.03442161162274574,0.0,-6.16,-29.0,-5.056982517242432,-28.243141174316406
63.52,-116.0,238.64844,2009.0,0.2386727660059501,0.0,-37.24,-277.8,-28.63849449157715,-227.53659057617188
47.47051111,21.49041944,105.30859,2009.0,0.4171936026123168,0.0,-6.11,-64.43,-8.475715637207031,-58.656410217285156
34.01937778,-6.838286111,18.375977,2001.0,0.9510565162951535,0.0,-5.14,-30.2,-4.135046482086182,-19.615211486816406
46.20239,7.84117,1546.1875,2021.0,0.9510565162951535,0.0,-13.26,-98.35,-12.785531997680664,-94.7547378540039
53.23,6.55,7.7121582,1997.0,-0.9587178169872964,0.0002031572948908,-5.33,-37.0,-6.517523288726807,-41.911598205566406
25.7325,-80.16323611,3.5220947,2000.0,0.4482293417404106,0.0,-2.72,-7.6,-3.856039524078369,-17.004127502441406
38.98916547,-3.920273851,626.8125,2005.0,0.9760105506323683,5.102209615870379e-05,-5.95,-43.2,-5.94131326675415,-36.519142150878906
42.66,18.08333333,0.0,2001.0,-0.9741004551724206,0.0,-6.2,-32.8,-5.033934116363525,-28.027442932128906
49.0392,8.365,112.44141,1994.0,-0.9741004551724206,1.0322247362637428e-05,-8.35,-57.8,-7.968977928161621,-56.66107177734375
54.61666667,39.71666667,135.66406,1982.0,0.29671281927349075,8.047427400015295e-05,-6.5,-44.0,-8.626623153686523,-59.920387268066406
46.57248471,8.332719621,1924.0,2021.0,0.2386727660059501,0.0,-14.55,-106.75,-15.138666152954102,-114.4642105102539
-1.68218,29.22716,1527.1875,2016.0,-0.23030567023061196,0.0,1.68,30.4,-2.0631165504455566,-0.22507476806640625
11.25,75.78,7.1804199,1997.0,-0.7236440382959123,6.81358096699114e-06,-8.98,-57.5,-6.866888523101807,-45.181129455566406
19.28,166.65,4.0,1964.0,0.6994583270516471,2.2829669887869386e-06,-0.7,6.8,-1.9515137672424316,0.8193588256835938
37.01,-7.96,0.0,1997.0,0.2386727660059501,0.0,-4.87,-21.6,-4.91262674331665,-26.892189025878906
50.3119,11.8758,564.53125,1987.0,-0.7236440382959123,3.696222847793251e-05,-10.83,-80.7,-10.468206405639648,-75.3451919555664
31.62,25.95,0.0,1984.0,-0.7116566222817751,1.0103283329954138e-06,-4.4,-29.0,-3.501821994781494,-13.689186096191406
76.76666667,-18.66666667,0.0,1999.0,-0.7236440382959123,0.0,-18.84,-137.95,-18.499555587768555,-142.61447143554688
66.49686111,25.75518056,108.88672,2013.0,-0.9741004551724206,2.6841191356652416e-05,-14.02,-101.5,-13.650053024291992,-101.9958267211914
11.11,124.65,479.0625,1998.0,-0.2135209154397959,9.00746526895091e-05,-6.4,-37.0,-7.56478214263916,-55.138038635253906
13.05,123.97,661.0625,1992.0,0.9721181966290613,0.0,-2.05,-4.1,-2.618704319000244,-5.424537658691406
39.46666667,-6.333333333,410.0,2009.0,0.9510565162951535,1.2226184480823576e-05,-7.96,-51.62,-5.726599216461182,-34.509742736816406
-37.82,144.97,6.1674805,1990.0,-0.2135209154397959,0.0,-6.6,-38.1,-4.821646213531494,-26.040748596191406
50.92,5.78,111.17188,1990.0,-0.680773409477016,0.0,-5.17,-28.8,-6.619421482086182,-42.865211486816406
8.35,80.38333333,84.476562,1984.0,0.7295575540864875,0.0,-2.35,-12.9,-3.8730225563049316,-17.163063049316406
50.06166667,19.84861111,356.8125,1978.0,-0.2884824328806098,0.0,-11.66,-89.1,-12.054014205932617,-88.6276626586914
64.13,-21.93,12.141602,1992.0,-0.7116566222817751,0.0,-13.33,-93.3,-9.484750747680664,-67.10791778564453
-54.78,-68.28,104.83984,1982.0,-0.2135209154397959,3.0904862796887755e-05,-10.0,-61.7,-9.076204299926758,-76.7016372680664
39.91055556,41.27555556,1890.5625,2011.0,0.9510565162951535,0.0,-9.226798205,-55.36686667,-10.680500030517578,-77.12332916259766
10.5,-85.53,16.674805,1991.0,-0.680773409477016,0.0001230152702191,-5.49,-43.9,-6.439280033111572,-41.179359436035156
19.24921667,-99.25580556,2983.5,2015.0,-0.6420547132365636,0.0,-5.83,-31.68,-7.296638011932373,-46.82752990722656
37.01,-7.96,0.0,1991.0,0.2386727660059501,4.800689566764049e-05,-3.94,-21.2,-5.095800876617432,-28.606422424316406
56.93604,24.09549,1.7421875,2016.0,0.7295575540864875,0.0,-9.26,-63.5,-8.690567016601562,-60.455970764160156
52.1,5.18,1.7967529,1987.0,0.2386727660059501,0.0,-7.93,-49.6,-8.552448272705078,-59.299110412597656
64.13,-21.93,12.141602,2022.0,-0.9587178169872964,3.5494318581186235e-05,-7.64,-54.3,-8.314577102661133,-57.306739807128906
45.32,-75.67,112.08594,2018.0,-0.7236440382959123,4.259260822436772e-05,-16.98,-127.0,-10.903024673461914,-78.9871597290039
51.6,-1.1,55.042969,1987.0,-0.9741004551724206,0.0,-8.0,-55.0,-6.864680290222168,-44.933319091796875
52.88333333,-1.083333333,60.794922,1996.0,-0.7116566222817751,0.0001323817996308,-11.7,-87.0,-7.604161262512207,-51.356407165527344
28.50444444,-16.30333333,570.6875,2007.0,-0.32126966169236515,3.0815062928013504e-06,-9.29,-57.85,-2.380941867828369,-3.1994400024414062
-31.95,115.78,12.910645,1984.0,-0.23030567023061196,0.0,-4.28,-18.6,-3.331991672515869,-12.099830627441406
37.15805556,15.02694444,444.70312,1999.0,-0.2884824328806098,4.2384443077025935e-05,-5.9,-23.0,-5.969820499420166,-36.785926818847656
34.71666667,10.68333333,23.232422,2005.0,-0.7236440382959123,2.6014979084720835e-05,-5.61,-31.74,-4.725813388824463,-25.143898010253906
-1.43,-48.48,4.737793,1979.0,-0.2135209154397959,0.0,0.18,12.0,-2.516806125640869,-4.470924377441406
46.39864119,6.233803787,434.125,2019.0,0.2386727660059501,6.064626359147951e-05,-12.5,-88.57,-11.30459213256836,-82.35062408447266
31.95765,35.84828333,916.125,1990.0,0.9760105506323683,0.0,-8.31,-40.3,-4.444380283355713,-22.510108947753906
46.60305556,13.67138889,2148.125,1988.0,0.2802306751992159,0.0001017597969621,-11.06,-76.6,-8.871318817138672,-64.90323638916016
32.63333333,-16.9,0.0,2004.0,-0.6932812268869771,0.0,-1.84,-20.5,-3.0238709449768066,-9.216285705566406
32.2361,-110.9439,753.21875,2013.0,0.2386727660059501,0.0,-11.21,-83.1,-6.866888523101807,-45.181129455566406
52.1042,8.7519,134.42188,1992.0,-0.9634705485641486,1.1672584150801413e-05,-4.81,-29.4,-6.774268627166748,-44.77149200439453
-36.62,-64.29,175.35938,2021.0,-0.9741004551724206,0.0,-1.36,5.3,-3.7080445289611816,-15.619117736816406
39.25,9.066666667,4.7116699,2001.0,-0.7236440382959123,0.0,-4.43,-21.23,-5.745401859283447,-34.685707092285156
34.9,-120.45,72.417969,1974.0,0.2386727660059501,0.0002840351953636,-5.92,-47.5,-5.360250949859619,-31.081275939941406
51.6,-1.1,55.042969,2021.0,-0.9741004551724206,7.88181660027476e-06,-8.0,-54.9,-6.489112854003906,-42.025794982910156
40.80638889,-104.7547222,1641.75,1995.0,0.895839290734909,0.0,-15.4,-113.0,-15.701372146606445,-119.1773452758789
-15.95555556,-69.21805556,3812.625,2002.0,0.741222010848596,0.0,-14.84,-103.2,-11.73173713684082,-114.5883560180664
5.93,116.06,4.5031738,2015.0,-0.9587178169872964,0.0001067835401045,-4.24,-19.6,-6.49033784866333,-44.319374084472656
46.49143367,9.898180888,1767.6875,2002.0,0.2386727660059501,0.0,-21.62,-169.1179751,-15.215398788452148,-115.1069107055664
47.81666667,13.71777778,1616.0625,2001.0,-0.8674563547295971,0.0,-5.4,-29.6,-9.997579574584961,-71.4032974243164
31.18333333,29.95,-4.0114746,2003.0,-0.7236440382959123,2.364167812629603e-05,3.87,-12.0,-2.8346314430236816,-7.445289611816406
47.37233597,8.083138245,397.48438,2000.0,0.6994583270516471,0.0,-9.58,-71.1755078,-11.956819534301758,-87.8135757446289
22.31666667,114.1666667,34.056641,1962.0,0.9760105506323683,0.0001355039566988,-2.5,-8.1,-3.744436740875244,-15.959693908691406
1.6,103.6666667,43.185547,2016.0,0.9562348265919056,0.0001200287078972,-1.95,-8.1,-6.120848178863525,-38.199317932128906
34.75,36.71666667,500.26562,1990.0,0.9510565162951535,5.664553100359626e-06,-5.09,-30.1,-5.452444553375244,-31.944068908691406
53.97,-101.1,265.25,1978.0,-0.2135209154397959,0.0,-11.9,-92.0,-13.153047561645508,-98.58167266845703
21.03,105.84,12.522461,2020.0,-0.23030567023061196,0.0005378960049711,-7.5,-50.3,-6.843231201171875,-46.73267364501953
42.025,35.15833333,61.443359,2009.0,0.9510565162951535,0.0,-8.54,-54.28,-8.858100891113281,-61.85919952392578
-22.94916667,-46.54916667,855.53125,1997.0,0.3456123126707335,2.4999068045872264e-05,-6.75,-44.09,-4.637259006500244,-24.315162658691406
38.00194982,-1.170837424,61.660156,2007.0,0.6994583270516471,2.710002263484057e-06,-6.37,-46.46,-5.340841770172119,-30.899635314941406
-0.743055556,-90.30222222,1.7120972,2013.0,0.6994583270516471,7.546072447439656e-05,-1.794351,-2.863376232,-2.749716281890869,-6.650611877441406
30.27,35.58,1330.375,1966.0,0.6994583270516471,0.0,-7.64,-42.5,-3.4993958473205566,-13.666481018066406
17.46,106.62,2.4233398,2018.0,-0.7236440382959123,0.0002451345790177,-2.21,0.2,-5.450018405914307,-31.921363830566406
-13.0,28.65,1260.6875,1975.0,0.9510565162951535,7.085124525474384e-05,-5.59,-28.9,-6.271677494049072,-40.56855010986328
-31.15583333,136.8052778,166.9375,2008.0,-0.27195815753410524,0.0,-5.74,-26.7,-2.3299927711486816,-2.7226333618164062
36.15,-5.35,1.5737915,2010.0,0.6994583270516471,0.0003160152700729,-5.44,-30.1,-5.128553867340088,-28.912940979003906
52.4672,13.4019,47.5625,1978.0,0.29671281927349075,0.0,-9.13,-64.5,-8.369569778442383,-57.76734161376953
-20.47,-54.67,554.875,1990.0,-0.5086709438521042,1.986142160603777e-05,-4.26,-24.1,-3.739584445953369,-15.914283752441406
68.68333333,21.53,459.29688,1994.0,0.9760105506323683,0.0,-13.28,-96.5,-18.878103256225586,-145.78512573242188
69.2666,-53.469,93.789062,2018.0,-0.2135209154397959,0.0,-16.08,-122.5,-11.551572799682617,-93.6948013305664
51.3744,11.2919,162.88281,2007.0,-0.680773409477016,4.9447542551206425e-05,-6.4,-45.5,-6.69614839553833,-43.58325958251953
10.36512,0.46944,148.03125,2016.0,-0.9951053111006974,0.0001422711211489,-3.227,-13.81,-3.162161350250244,-10.510475158691406
-34.05,115.0249,77.78125,2014.0,0.5737722679043246,2.483900789229665e-05,-2.51,-3.7,-3.6401124000549316,-14.983375549316406
50.3119,11.8758,564.53125,1987.0,-0.680773409477016,0.0,-5.84,-41.1,-6.866888523101807,-45.181129455566406
76.76666667,-18.66666667,0.0,1996.0,-0.27195815753410524,0.0,-27.82,-215.7,-17.824308395385742,-136.95870971679688
40.37,-81.8,372.875,1967.0,0.6994583270516471,0.0,-4.32,-24.2,-10.452859878540039,-75.2166519165039
32.97,35.5,816.46875,1976.0,0.9562348265919056,0.0,-5.79,-28.1,-4.60207986831665,-23.985939025878906
39.48056611,-0.366386255,14.827637,2005.0,0.29671281927349075,0.0,-3.36,-34.73,-4.086523532867432,-19.161109924316406
10.76666667,-85.32,862.78125,1990.0,-0.680773409477016,0.0,-3.79,-20.8,-6.866888523101807,-45.181129455566406
47.4828,11.0622,716.1875,2004.0,0.2802306751992159,0.000114852678962,-7.43,-56.15,-8.694404602050781,-60.48810577392578
51.3,3.75,9.4589844,2008.0,0.9611297838723007,4.019373955088668e-05,-7.45,-48.27,-6.750312805175781,-44.13422393798828
46.78,23.61,336.76562,2015.0,0.2386727660059501,0.0,-12.46,-90.6,-13.322660446166992,-99.2536392211914
76.76666667,-18.66666667,0.0,2016.0,-0.9634705485641486,8.03120474301977e-06,-15.98,-125.0,-16.028764724731445,-121.9195327758789
38.66038889,-27.22009444,77.109375,1999.0,-0.5160623910158526,1.525437255622819e-06,-0.39,1.0,-3.540640354156494,-14.052467346191406
38.05011111,23.866675,444.85938,2010.0,0.29671281927349075,0.0,-4.825190729,-32.69885172,-5.0193772315979,-27.891212463378906
58.75,-94.06,16.645508,1989.0,0.741222010848596,8.643053661216982e-06,-20.41,-149.7,-16.489160537719727,-125.7757339477539
51.18,8.4889,841.375,2008.0,0.9562348265919056,0.0001129474767367,-8.44,-51.7,-9.253273010253906,-65.16910552978516
-5.8,-35.2,40.765625,1961.0,-0.2884824328806098,0.0,0.2,11.2,-2.1747193336486816,-1.2695083618164062
47.8008,11.0108,974.96875,1979.0,-0.9587178169872964,1.915608481795061e-05,-11.23,-79.2,-8.624065399169922,-59.898963928222656
44.73805556,-0.774722222,59.488281,2007.0,-0.680773409477016,0.0,-4.72,-27.86,-4.581457614898682,-23.792945861816406
28.22,-177.37,0.0,1990.0,-0.2135209154397959,9.295592462876812e-05,-2.84,-6.7,-3.7905335426330566,-16.391090393066406
44.42,8.85,5.4519043,1992.0,-0.7116566222817751,0.0,-3.32,-18.4,-6.453836917877197,-41.315589904785156
10.00036389,-84.10913333,1157.3125,2016.0,0.9242907221930934,0.0,-2.1622326,-1.036548125,-2.9316773414611816,-8.353492736816406
22.79777778,88.37166667,9.2573242,2006.0,-0.2135209154397959,0.0,-7.9,-60.2,-6.2551960945129395,-39.45661163330078
51.05,13.73,119.02734,1997.0,-0.9741004551724206,0.0,-8.32,-55.9,-8.2130126953125,-58.310081481933594
-22.399288,-47.543743,626.78125,2022.0,0.29671281927349075,0.0,-2.87,-14.0,-5.027868747711182,-27.970680236816406
18.248,-65.83194444,370.76562,2007.0,-0.32126966169236515,3.791473136516288e-05,-3.03,-11.3,-2.4270386695861816,-3.6308364868164062
6.9506,79.8795,3.7172852,2017.0,0.6994583270516471,9.376840353070293e-06,-3.29,-13.4,-3.890005588531494,-17.321998596191406
28.276976,84.30961,2101.5,2017.0,-0.9844738167520923,0.0,-6.916283788,-44.22281197,-8.671707153320312,-70.9306411743164
19.72,-155.07,7.4401855,1966.0,-0.9587178169872964,1.9036620869883336e-05,-0.6,-1.2,-3.1306214332580566,-10.215309143066406
72.58,-38.4799,3202.0,2012.0,0.2719581575341055,0.0,-36.30626181,-286.9137902,-31.25763511657715,-249.47409057617188
40.40725278,-3.686133333,653.5,2002.0,-0.23867276600594997,0.0,-6.55,-46.4,-5.622274875640869,-33.533424377441406
52.2914,10.4464,80.6875,2011.0,-0.680773409477016,0.0,-4.57,-30.92,-7.029945373535156,-46.54686737060547
40.41195035,-3.67806112,671.09375,2015.0,-0.9741004551724206,0.0,-5.92,-34.3,-6.951551914215088,-45.561256408691406
40.41666667,-7.55,1295.4375,1999.0,0.2386727660059501,1.6008425518521108e-05,-9.36,-63.9,-8.584421157836914,-59.56690216064453
50.12,-104.42,580.5,2008.0,0.2386727660059501,0.0,-23.82,-184.3,-22.35664939880371,-174.92086791992188
33.46555556,126.9333333,5.9509277,1996.0,0.989932495087353,0.0,-2.4,2.0,-4.9999680519104,-27.709571838378906
39.55339029,2.625298143,5.3820801,2005.0,-0.7236440382959123,6.019363354425877e-06,-5.79,-32.46,-5.833349704742432,-35.508766174316406
49.0422,12.1019,370.21875,2007.0,-0.2135209154397959,0.0,-5.78,-39.05,-6.843327522277832,-44.818389892578125
41.91172742,2.763346411,139.71094,2011.0,0.9760105506323683,0.0,-5.04,-30.9,-5.877626895904541,-35.923133850097656
43.71,10.4,9.4057617,2000.0,-0.970063921851507,2.095875061058905e-05,-5.4,-28.2,-5.401495456695557,-31.467262268066406
28.22,-177.37,0.0,1985.0,-0.9587178169872964,0.0,-1.86,-8.3,-3.0723938941955566,-9.670387268066406
44.23,-79.77,234.99219,1999.0,0.2386727660059501,0.0,-17.03,-119.8,-15.148233413696289,-113.1663589477539
51.6,-1.1,55.042969,1994.0,0.2386727660059501,6.696843774989247e-05,-9.1,-65.0,-7.916571617126465,-54.137237548828125
41.93333333,45.48333333,0.0,2015.0,-0.2135209154397959,0.0,-4.56,-23.8,-4.860464572906494,-26.404029846191406
10.00036389,-84.10913333,1157.3125,2014.0,0.42500033996955416,0.0,-7.4326632,-47.50643754,-7.072084426879883,-48.108680725097656
-54.78,-68.28,104.83984,1991.0,0.9510565162951535,0.0,-11.7,-92.0,-8.659917831420898,-70.7624282836914
11.11,124.65,479.0625,1998.0,-0.7236440382959123,0.0,-6.0,-37.8,-5.5046067237854,-32.432228088378906
7.144722222,-73.125,834.75,2004.0,-0.7116566222817751,5.584309110417962e-05,-7.5,-49.37,-6.866888523101807,-45.181129455566406
38.66038889,-27.22009444,77.109375,1999.0,0.9873494423939864,3.4587551454023924e-06,-3.48,-15.25,-3.317434787750244,-11.963600158691406
24.91,91.84533333,16.452148,2011.0,0.29671281927349075,0.0,-1.845282522,-13.81102533,-4.66030740737915,-24.530860900878906
36.61002222,34.31045278,11.975586,1991.0,0.741222010848596,0.0,-3.67,-21.5,-3.453299045562744,-13.235084533691406
46.95222563,7.439320571,542.53125,2012.0,-0.27195815753410524,2.272735582664609e-05,-12.21,-88.02,-12.693452835083008,-93.9834976196289
-21.2,-159.8,7.8220215,1979.0,0.9760105506323683,6.060031864763005e-06,-4.24,-28.7,-4.283041477203369,-21.000221252441406
42.7728,-0.33149,1302.3125,2020.0,0.9721181966290613,4.755218105856329e-05,-6.9,-44.5,-8.947622299194336,-62.60901641845703
38.98916547,-3.920273851,626.8125,2013.0,0.9510565162951535,0.0,-6.76,-46.0,-6.392576694488525,-40.742286682128906
46.98141401,6.607999655,1046.0625,2019.0,0.741222010848596,5.899733878322877e-05,-8.82,-58.76,-9.070394515991211,-63.63733673095703
32.53,35.85,648.125,1991.0,0.6994583270516471,0.0001597411173861,-7.28,-36.0,-3.8002381324768066,-16.481910705566406
-1.56708,29.05573,1509.1875,2015.0,0.741222010848596,0.0,-2.171,-0.17,-2.259634494781494,-2.0641860961914062
47.833185,1.940433,113.78516,2009.0,0.6994583270516471,0.0,-8.4,-55.0,-8.593419075012207,-61.134315490722656
-25.73,28.18,1326.75,1971.0,0.9510565162951535,8.12834914540872e-05,-1.34,2.0,-3.705618381500244,-15.596412658691406
6.166666667,102.2833333,3.2288818,2020.0,-0.7116566222817751,5.175334808882326e-05,-5.77,-38.0,-6.477188587188721,-41.53412628173828
47.07777778,15.44888889,370.03125,1978.0,0.741222010848596,2.2824595362180844e-05,-8.5,-60.4,-8.053686141967773,-55.121559143066406
38.79273611,-9.105733333,36.355469,2015.0,-0.9741004551724206,2.305681618963717e-06,-4.07,-22.7,-4.867743015289307,-26.472145080566406
36.98,35.3,22.958008,1987.0,-0.680773409477016,0.0,-2.83,-10.5,-3.657095432281494,-15.142311096191406
48.951944,14.469722,396.5625,2018.0,-0.9587178169872964,0.0,-5.75,-34.5,-7.898303031921387,-53.820091247558594
41.05916667,-100.7463889,918.34375,1997.0,-0.4862727071086902,2.126654544554185e-05,-3.9,-21.0,-6.828987121582031,-44.87800598144531
47.12,9.49,459.84375,2017.0,-0.2884824328806098,0.0,-15.83,-119.5,-12.918535232543945,-95.8687515258789
22.31666667,114.1666667,34.056641,2019.0,0.9760105506323683,0.0,-3.92,-16.3,-3.3198609352111816,-11.986305236816406
0.05,32.45,1135.4375,2019.0,0.741222010848596,0.0001655732048675,-5.1,-26.9,-2.963217258453369,-8.648658752441406
32.2361,-110.9439,753.21875,1982.0,-0.2135209154397959,0.0,-4.071653543,-36.76181102,-6.866888523101807,-45.181129455566406
0.453055556,33.195,1174.25,2009.0,0.6994583270516471,3.996841405751184e-05,-2.17,-7.5,-1.9927582740783691,0.43337249755859375
64.72394722,-148.1482528,134.21875,2004.0,0.36171373072976765,0.0,-16.72,-137.6,-18.48932456970215,-142.52877807617188
-34.05,115.0249,77.78125,2014.0,0.6016240632249226,0.0002860074164345,-3.91,-18.4,-3.899710178375244,-17.412818908691406
32.63333333,-16.9,0.0,1997.0,-0.680773409477016,0.0,-1.14,-2.1,-2.8394837379455566,-7.490699768066406
78.91666667,11.93333333,38.650391,1997.0,-0.9741004551724206,6.945476798136951e-06,-13.8,-94.7,-10.240791320800781,-74.05951690673828
47.47051111,21.49041944,105.30859,2005.0,0.9587178169872964,0.0,-8.0,-45.7,-9.729015350341797,-69.15384674072266
43.97455,10.27266,661.0,2021.0,-0.2135209154397959,0.0,-3.48,-19.84,-5.197699069976807,-29.560035705566406
-7.315277778,72.42805556,2.3126221,1962.0,0.6994583270516471,0.0003309373860247,-5.4,-30.4,-4.792532444000244,-25.768287658691406
46.89,7.49,659.34375,2012.0,0.2802306751992159,0.0,-5.94,-41.01,-8.43095588684082,-58.28150177001953
23.95277778,90.27916667,23.626953,2015.0,-0.2135209154397959,0.0003335697692818,-5.81,-34.9,-6.866888523101807,-45.181129455566406
4.05,114.81,27.053711,2008.0,-0.16280701293851646,0.0,-12.71,-91.18,-7.0099592208862305,-47.222328186035156
52.4672,13.4019,47.5625,1982.0,0.9760105506323683,0.0,-6.7,-40.1,-9.390113830566406,-66.31525421142578
9.0,38.73,2329.125,1975.0,0.741222010848596,0.000222848742851,1.98,33.2,-0.7287354469299316,12.262718200683594
52.1042,8.7519,134.42188,2001.0,0.6994583270516471,1.6263791621895507e-05,-9.84,-73.9,-9.369651794433594,-66.14386749267578
43.91281944,4.888775,30.959961,2017.0,0.29671281927349075,4.084649117430672e-05,-5.69,-34.7,-4.753714084625244,-25.405006408691406
41.66056063,-1.004162565,244.98438,2015.0,-0.2135209154397959,0.0,-3.39,-21.6,-4.132620334625244,-19.592506408691406
53.97,-101.1,265.25,1981.0,0.6994583270516471,0.0,-20.8,-160.0,-23.25697898864746,-182.46188354492188
43.49111613,-3.800555816,50.095703,2014.0,-0.2884824328806098,0.0,-6.14,-33.1,-6.045637607574463,-37.495460510253906
-33.97,18.6,41.798828,1998.0,-0.2135209154397959,0.0,-2.85,-6.4,-3.5042481422424316,-13.711891174316406
48.36,-4.57,68.214844,2000.0,-0.27195815753410524,6.5989515860565e-05,-5.9,-37.4,-7.1372785568237305,-47.39252853393555
53.7122,7.1519,8.8525391,2009.0,0.2386727660059501,0.0001022604628815,-7.78,-54.13,-8.150880813598633,-55.935646057128906
46.49722222,28.3,150.79688,2021.0,0.9760105506323683,0.0,-8.06,-50.4,-9.322332382202148,-65.7475357055664
30.99666667,78.94027778,3176.75,2004.0,-0.6932812268869771,0.0001569402520544,-14.6,-109.8,-11.423376083374023,-110.1889419555664
51.6,-1.1,55.042969,1991.0,0.9760105506323683,1.2328378033998888e-05,-6.0,-44.0,-7.399832248687744,-50.73162078857422
44.13333333,6.333333333,881.625,2001.0,-0.23030567023061196,0.0,-8.37,-55.3,-5.534933567047119,-32.716041564941406
28.22,-177.37,0.0,1989.0,-0.9741004551724206,4.273661488696234e-06,-5.87,-36.9,-3.2907471656799316,-11.713844299316406
32.2361,-110.9439,753.21875,2012.0,-0.6932812268869771,0.0002309715491719,-6.728949592,-47.931665,-6.275481700897217,-39.6745719909668
47.85166667,16.84305556,119.17969,1966.0,-0.680773409477016,0.0,-6.59,-45.2,-7.177495956420898,-47.7827262878418
40.8203002,0.493333172,52.294922,2014.0,0.6994583270516471,0.0,-5.05,-37.7,-5.584669589996338,-33.181495666503906
47.81666667,13.71777778,1616.0625,2019.0,-0.9997685019798909,0.0002100744313793,-13.821,-101.21,-9.075713157653809,-64.3460922241211
28.58,77.2,222.79688,1966.0,-0.9587178169872964,0.0,-8.9,-58.6,-6.966312408447266,-46.59961700439453
47.59583333,7.594444444,248.26562,2000.0,0.6994583270516471,0.0,-8.29,-60.05,-10.693288803100586,-77.2304458618164
46.39864119,6.233803787,434.125,1996.0,-0.7116566222817751,0.0,-11.52,-85.1,-10.874889373779297,-78.75150299072266
-12.43,130.87,16.515625,1980.0,-0.27195815753410524,1.841708763095085e-05,-3.48,-14.8,-4.933248996734619,-27.085182189941406
43.91281944,4.888775,30.959961,2000.0,0.9562348265919056,3.624285091063939e-05,-3.94,-35.7,-5.858217716217041,-35.741493225097656
-34.05,115.0249,77.78125,2017.0,-0.5307300481619331,1.3677218930752133e-06,-3.29,-5.3,-3.1937012672424316,-10.805641174316406
47.81666667,13.71777778,1616.0625,2020.0,-0.8958392907349089,1.3070699424133636e-05,-13.744,-93.81,-9.544857025146484,-67.61136627197266
38.03333333,114.4166667,86.800781,2001.0,0.29671281927349075,0.0,-9.85,-62.4,-6.866888523101807,-45.181129455566406
37.30268,-2.90198,1735.125,2018.0,-0.680773409477016,3.39574835379608e-05,-3.01,-15.3,-5.460936069488525,-32.023536682128906
50.06166667,19.84861111,356.8125,1983.0,-0.7236440382959123,0.0,-12.03,-86.2,-11.43759536743164,-83.46463775634766
21.04534722,105.7986667,12.334473,2004.0,-0.7116566222817751,4.402823105920106e-05,-3.54,-22.58,-5.133406162261963,-28.958351135253906
32.65878,-16.92395,156.85938,2014.0,-0.2884824328806098,7.97662214608863e-05,-1.91,-7.1,-4.839842319488525,-26.211036682128906
-75.58333333,-20.56666667,105.53516,1993.0,0.741222010848596,0.0,-23.93,-184.7,-18.87415313720703,-151.81637573242188
46.37222222,6.470833333,387.75,2012.0,-0.7116566222817751,7.02314764566836e-06,-11.85,-87.37,-10.573074340820312,-76.22354888916016
-15.6,-56.1,177.79688,1966.0,-0.9587178169872964,2.175461304432247e-05,2.8,26.8,-1.6312623023986816,3.8164291381835938
6.2,100.4,3.8469238,2016.0,-0.6932812268869771,0.0003060818416997,-5.25,-33.2,-5.872168064117432,-35.872047424316406
37.01,-7.96,0.0,1985.0,0.741222010848596,0.0,0.1,-0.2,-3.943380832672119,-17.821510314941406
22.7,90.36,5.9089355,2015.0,-0.2884824328806098,0.0,-1.11,-1.1,-6.866888523101807,-45.181129455566406
52.8,5.05,-4.4990234,1989.0,0.6994583270516471,2.8558501071529463e-05,-7.22,-42.5,-7.98213005065918,-57.34600830078125
9.357072,-75.289167,200.4375,2002.0,-0.2884824328806098,0.0,-1.21,3.1,-4.735517978668213,-25.234718322753906
4.05,114.81,27.053711,2010.0,0.5160623910158528,0.0001150584794231,-7.04,-46.9,-6.13540506362915,-38.335548400878906
-31.95,115.78,12.910645,1994.0,-0.9587178169872964,2.8151889637229037e-06,-4.7,-24.1,-3.118490695953369,-10.101783752441406
-23.8,133.88,544.75,1962.0,0.2386727660059501,0.0,-7.6,-53.9,-3.807516574859619,-16.550025939941406
49.7703,9.9578,265.90625,1997.0,0.29671281927349075,0.0,-8.36,-63.4,-7.328883171081543,-49.05072021484375
48.24861111,16.35638889,200.63281,1998.0,-0.9741004551724206,0.0,-8.01,-54.2,-8.40937614440918,-59.834571838378906
-38.47,-62.16,195.67188,1988.0,0.9562348265919056,0.0,-8.2,-58.0,-6.058981418609619,-37.620338439941406
76.76666667,-18.66666667,0.0,2013.0,-0.9587178169872964,0.0,-16.02,-125.0,-15.803682327270508,-120.0342788696289
32.2361,-110.9439,753.21875,2014.0,-0.2884824328806098,0.0,-8.76,-54.6,-6.891120910644531,-45.52685546875
46.96666667,28.9,90.308594,2009.0,0.29671281927349075,0.0,-3.59,-25.29,-6.866888523101807,-45.181129455566406
-46.42,168.32,-0.90939331,1986.0,-0.9587178169872964,0.0001056566834449,-5.23,-34.0,-6.866888523101807,-45.181129455566406
35.27,-75.55,0.0,1975.0,0.29671281927349075,0.0,-4.21,-26.0,-4.636045932769775,-24.303810119628906
-3.823991667,-73.377425,90.707031,2008.0,0.9721181966290613,0.0001063048985088,-6.06,-38.55,-6.260654926300049,-39.50769805908203
-0.331666667,31.76111111,1281.8125,2017.0,0.9760105506323683,8.322850044351071e-05,-3.31,-11.2,-2.6550965309143066,-5.765113830566406
17.46,106.62,2.4233398,2021.0,-0.9587178169872964,0.0003628818958532,-9.99,-67.8,-7.721683502197266,-57.376564025878906
-19.87086111,-43.96733333,844.875,2008.0,-0.970063921851507,0.0,-0.52,8.51,-3.0869507789611816,-9.806617736816406
46.78,23.61,336.76562,2021.0,0.6994583270516471,0.0,-12.79,-96.0,-12.586027145385742,-93.0837173461914
52.141,-106.6244,507.71875,2007.0,-0.2135209154397959,0.0,-10.25,-79.09,-13.685861587524414,-102.2957534790039
47.8008,11.0108,974.96875,1993.0,-0.7236440382959123,0.0001731046359054,-15.84,-117.2,-12.248403549194336,-90.2558364868164
33.46555556,126.9333333,5.9509277,1996.0,0.24702218048093552,4.341970907262294e-06,-8.0,-55.0,-6.866888523101807,-45.181129455566406
64.13,-21.93,12.141602,1974.0,0.741222010848596,0.0001443895016564,-5.46,-40.0,-6.866888523101807,-45.181129455566406
47.47051111,21.49041944,105.30859,2004.0,0.6152845999633276,0.0,-4.24,-25.79,-8.941226959228516,-62.555458068847656
78.91666667,11.93333333,38.650391,2022.0,0.9510565162951535,0.0,-6.72,-51.4,-12.038667678833008,-88.4991226196289
-33.97,18.6,41.798828,1970.0,-0.2135209154397959,0.0002482556155882,-4.48,-20.0,-3.380514621734619,-12.553932189941406
48.24861111,16.35638889,200.63281,1970.0,0.741222010848596,0.0,-7.61,-56.4,-7.758265972137451,-52.64716339111328
36.98,35.3,22.958008,1979.0,-0.7236440382959123,0.0,-5.2,-26.2,-4.7088303565979,-24.984962463378906
45.32,-75.67,112.08594,1984.0,-0.9634705485641486,0.0,-7.3,-70.0,-8.069672584533691,-55.255455017089844
-2.53,140.72,68.566406,1962.0,0.9760105506323683,0.0,-8.8,-59.5,-5.813940525054932,-35.327125549316406
38.98916547,-3.920273851,626.8125,2013.0,0.29671281927349075,0.0,-2.4,-16.9,-4.910200595855713,-26.869483947753906
41.64083945,-4.754446679,735.625,2007.0,0.9760105506323683,0.0,-8.21,-60.12,-8.318414688110352,-57.33887481689453
22.06538333,-80.48231667,32.125,2019.0,-0.2884824328806098,0.000207389879506,-1.01,0.7,-2.7958130836486816,-7.082008361816406
48.22,11.59,494.59375,1995.0,-0.9741004551724206,3.1471208785660565e-05,-7.05,-46.3,-9.534626007080078,-67.52567291259766
41.05916667,-100.7463889,918.34375,1999.0,0.9338372288229252,0.0,-18.8,-141.0,-10.557727813720703,-76.09500885009766
43.49111613,-3.800555816,50.095703,2007.0,-0.680773409477016,0.0,-3.88,-20.9,-3.9991822242736816,-18.343727111816406
-20.299175,57.47873889,391.1875,2018.0,-0.680773409477016,3.917893991456367e-06,-0.12,12.5,-2.114065647125244,-0.7018814086914062
52.1042,8.7519,134.42188,1989.0,0.2386727660059501,0.0,-7.41,-46.2,-9.708553314208984,-68.98246002197266
33.21722222,-87.54305556,64.535156,2006.0,0.8919813464595485,0.0,-3.6,-8.3,-3.4120545387268066,-12.849098205566406
51.35,12.43,125.46484,1999.0,0.8498170915275278,0.0,-7.8,-52.8,-9.029470443725586,-63.29456329345703
38.28,21.79,113.0625,2019.0,-0.9741004551724206,0.0,-5.19,-26.0,-4.541426181793213,-23.418312072753906
13.73,100.5,5.7392578,1969.0,-0.9587178169872964,0.0001619927497813,-8.25,-54.0,-7.416043281555176,-53.015968322753906
47.833185,1.940433,113.78516,1997.0,0.741222010848596,7.973516403581016e-06,-7.9,-54.0,-6.632007122039795,-42.982994079589844
46.49722222,28.3,150.79688,2020.0,-0.970063921851507,0.0,-5.85,-39.0,-9.053768157958984,-63.498085021972656
47.81666667,13.71777778,1616.0625,2020.0,-0.9070138128026362,0.0,-10.19,-65.81,-9.457893371582031,-66.88297271728516
-27.17,-109.43,140.28906,2003.0,0.29671281927349075,9.210951247951016e-06,-2.6,-7.5,-3.167013645172119,-10.555885314941406
8.92,-79.6,11.163086,1976.0,-0.27195815753410524,7.413772254949436e-05,1.32,7.6,-4.661520481109619,-24.542213439941406
32.2361,-110.9439,753.21875,2006.0,0.9510565162951535,0.0,-6.323470041,-32.07182204,-6.866888523101807,-45.181129455566406
64.13,-21.93,12.141602,1974.0,-0.9741004551724206,3.5512919112079544e-06,-7.29,-54.2,-9.351747512817383,-65.99390411376953
25.01666667,102.6833333,1907.8125,1992.0,-0.23030567023061196,0.0001222178398165,-14.49,-104.6,-9.230384826660156,-78.9013442993164
38.66038889,-27.22009444,77.109375,1999.0,0.8498170915275278,4.068318958161399e-06,-2.02,-0.1,-3.501821994781494,-13.689186096191406
48.24861111,16.35638889,200.63281,1967.0,-0.680773409477016,0.0,-4.45,-42.2,-6.919632434844971,-45.565162658691406
45.37,-63.27,12.535156,1980.0,-0.970063921851507,2.55143859249074e-05,-7.9,-59.0,-8.689289093017578,-60.44525909423828
8.92,-79.6,11.163086,1992.0,-0.23030567023061196,0.0005172529490664,-6.12,-34.9,-5.379660129547119,-31.262916564941406
47.6772,9.19,442.90625,1996.0,0.2802306751992159,0.0,-8.7,-61.9,-7.909173488616943,-53.91114044189453
72.58,-38.4799,3202.0,2012.0,-0.6152845999633277,0.0001458887709304,-22.27504969,-166.6060226,-28.24971580505371,-224.28024291992188
35.61666667,-106.0888889,1921.875,1992.0,-0.4482293417404106,0.0,-9.35,-67.3,-7.783809185028076,-58.262916564941406
40.41195035,-3.67806112,671.09375,1997.0,0.29671281927349075,0.0,-5.34,-47.1,-5.342054843902588,-30.910987854003906
4.378333333,117.9925,279.64062,2008.0,-0.7116566222817751,0.0001009128172881,-8.99,-58.29,-7.153535842895508,-50.839759826660156
-34.05,115.0249,77.78125,2011.0,-0.9922222094179324,0.0,-1.18,-0.9,-2.9753479957580566,-8.762184143066406
55.7,37.51666667,199.46875,2018.0,0.6994583270516471,6.663174281129614e-05,-17.22,-127.2,-16.10038185119629,-122.5193862915039
46.39864119,6.233803787,434.125,1997.0,-0.2135209154397959,6.794819637434557e-05,-7.12,-55.5,-6.33707857131958,-40.22290802001953
45.03527778,24.28416667,223.875,2013.0,-0.9587178169872964,8.088727190624923e-05,-7.79,-53.5,-6.550365924835205,-42.35932922363281
26.08333333,119.2833333,13.927246,1991.0,0.9510565162951535,0.0,-3.58,-15.0,-3.8147950172424316,-16.618141174316406
42.58834633,-5.651107617,911.78125,2006.0,0.741222010848596,1.4433173419092782e-05,-5.5,-34.5,-6.685837268829346,-43.48676300048828
39.95,32.88,920.125,2005.0,-0.9741004551724206,0.0,-7.57,-47.65,-6.211222171783447,-39.045082092285156
-5.8,-61.27,46.498047,1989.0,-0.2884824328806098,0.0001943795068655,-3.71,-14.7,-3.657095432281494,-15.142311096191406
66.49686111,25.75518056,108.88672,2004.0,0.9562348265919056,2.086666972900275e-05,-14.23,-107.9,-15.854837417602539,-120.4627456665039
36.83,10.23,0.0,1974.0,-0.7236440382959123,3.9844424463808537e-05,-5.43,-29.5,-5.083670139312744,-28.492897033691406
47.8008,11.0108,974.96875,1987.0,-0.7236440382959123,9.58455930231139e-05,-11.77,-83.8,-12.115400314331055,-89.1418228149414
22.78,5.52,1374.375,1994.0,-0.970063921851507,0.0,-5.0,-38.0,-3.278616428375244,-11.600318908691406
47.81666667,13.71777778,1616.0625,2002.0,-0.9829265519799822,0.0003671884769573,-9.56,-65.9,-9.969444274902344,-71.16764068603516
7.208333333,-72.93805556,2527.5,2005.0,-0.680773409477016,0.0,-11.4,-79.73,-7.468262672424316,-54.477386474609375
0.31524,9.44157,0.0,2017.0,0.9760105506323683,6.25071843387559e-05,-3.77,-17.2,-2.6842103004455566,-6.037574768066406
-34.38,-58.28,0.0,2000.0,0.9562348265919056,0.0,-10.6,-78.0,-6.0092453956604,-37.154884338378906
-33.11011944,-64.24918333,408.09375,2011.0,0.6994583270516471,0.0,-6.8,-39.6,-6.2891621589660645,-39.77448272705078
46.98141401,6.607999655,1046.0625,2002.0,0.29671281927349075,0.0002046965237241,-6.23,-40.82087191,-9.170146942138672,-64.47284698486328
43.54983333,13.60116667,546.1875,2020.0,-0.9634705485641486,1.8030722230832907e-06,-4.82,-26.5,-5.665945529937744,-33.942115783691406
-45.35,-72.07,583.1875,1991.0,-0.9741004551724206,0.0003393172519281,-11.0,-88.0,-9.631254196166992,-84.6205825805664
53.23,6.55,7.7121582,1977.0,0.6994583270516471,0.0,-10.48,-71.0,-8.157238006591797,-57.66126251220703
30.92611111,78.94027778,4989.5,2005.0,-0.680773409477016,0.0,-17.2,-124.7,-10.633017539978027,-80.81571197509766
45.32,-75.67,112.08594,2003.0,-0.2135209154397959,0.0001121081149904,-8.94,-62.1,-7.547251224517822,-50.879737854003906
41.15305556,-96.49277778,352.0625,1992.0,0.07738647923346301,0.0,-7.3,-66.0,-6.041391849517822,-37.455726623535156
47.833185,1.940433,113.78516,1997.0,0.9510565162951535,7.296929652511608e-06,-4.0,-22.0,-7.948818683624268,-54.243202209472656
52.1,5.18,1.7967529,2007.0,-0.9886775902323404,1.727241942717228e-05,-6.33,-39.29,-6.775225639343262,-44.32330322265625
51.35,12.43,125.46484,1993.0,0.2386727660059501,0.0,-8.4,-61.7,-10.099889755249023,-72.2602310180664
46.78,23.61,336.76562,2020.0,0.2386727660059501,6.970841695874697e-06,-10.38,-76.2,-13.128271102905273,-97.6254653930664
8.92,-79.6,11.163086,1997.0,-0.2135209154397959,0.0,-2.16,-11.2,-4.957510471343994,-27.312232971191406
2.883333333,101.7833306,55.289062,2003.0,-0.680773409477016,0.0001048149861162,-6.38,-48.02,-6.515400409698486,-41.89173126220703
-40.68,144.69,82.167969,2001.0,-0.9741004551724206,1.1664516932796689e-05,-3.53,-18.3,-3.7905335426330566,-16.391090393066406
47.37233597,8.083138245,397.48438,2015.0,0.29671281927349075,0.0001428400137228,-5.85,-39.8,-6.866888523101807,-45.181129455566406
-25.73,28.18,1326.75,1969.0,0.9510565162951535,6.365437729982659e-05,-12.32,-85.3,-3.7031922340393066,-15.573707580566406
44.73805556,-0.774722222,59.488281,2009.0,-0.2135209154397959,0.0,-5.42,-36.86,-3.7905335426330566,-16.391090393066406
44.42,8.85,5.4519043,1993.0,-0.9587178169872964,0.0,-4.46,-23.6,-5.061834812164307,-28.288551330566406
42.58834633,-5.651107617,911.78125,2016.0,-0.6932812268869771,0.0,-2.14,-17.5,-5.1940598487854,-29.525978088378906
50.3119,11.8758,564.53125,1996.0,0.9562348265919056,0.0,-11.25,-86.8,-9.908058166503906,-70.65348052978516
37.97,23.72,100.17578,2015.0,0.6994583270516471,3.2083698897622526e-05,-5.75,-28.9,-5.639257907867432,-33.692359924316406
39.95,32.88,920.125,1999.0,-0.7236440382959123,0.0,-8.615,-50.3,-8.90414047241211,-62.24481964111328
34.71666667,10.68333333,23.232422,1994.0,0.9510565162951535,0.0,-4.25,-19.5,-4.646963596343994,-24.405982971191406
12.69325,-7.995494444,382.5625,1978.0,-0.9587178169872964,7.681060378672555e-05,-5.01,-28.0,-4.639685153961182,-24.337867736816406
-0.331666667,31.76111111,1281.8125,2013.0,0.9760105506323683,0.0,-5.67,-30.69,-2.521658420562744,-4.516334533691406
-34.93,138.58,24.027344,2011.0,-0.680773409477016,1.927092671394348e-05,-3.14,-9.8,-3.370810031890869,-12.463111877441406
4.05,114.81,27.053711,2008.0,0.7116566222817746,0.0,-4.74,-22.94,-6.140257358551025,-38.380958557128906
68.68333333,21.53,459.29688,1992.0,-0.7116566222817751,0.0,-21.23,-153.1,-16.023649215698242,-121.8766860961914
28.58,77.2,222.79688,1978.0,-0.9587178169872964,0.0,-13.2,-97.4,-6.902911186218262,-45.695068359375
46.49143367,9.898180888,1767.6875,1996.0,-0.6932812268869771,0.0,-10.64,-76.3,-8.500015258789062,-58.85993194580078
38.43055556,27.15111111,13.000488,2010.0,0.9510565162951535,0.0,-4.164818133,-19.07076655,-5.105505466461182,-28.697242736816406
18.248,-65.83194444,370.76562,2007.0,-0.6932812268869771,2.2016585717210543e-05,-1.84,-4.5,-3.191275119781494,-10.782936096191406
42.66,18.08333333,0.0,2003.0,0.9760105506323683,0.0,-5.0,-19.3,-5.6519951820373535,-33.811561584472656
40.41195035,-3.67806112,671.09375,2020.0,-0.6932812268869771,0.0,-1.89,-10.0,-5.2328782081604,-29.889259338378906
-33.11011944,-64.24918333,408.09375,2017.0,-0.2135209154397959,0.0,-5.17,-27.8,-5.68899393081665,-34.157814025878906
-31.95,115.78,12.910645,2000.0,0.2386727660059501,0.0,-4.79,-21.5,-3.399923801422119,-12.735572814941406
36.05,103.88,1519.75,1999.0,0.8800122039735357,2.8441305403248407e-05,-7.1,-50.5,-11.535493850708008,-83.6695327758789
50.3381,7.6,86.441406,2005.0,-0.2884824328806098,2.2220114260562696e-05,-13.16,-95.3,-9.885038375854492,-70.4606704711914
-30.92,-62.67,73.972656,2001.0,-0.9741004551724206,0.0,-3.3,-13.0,-3.7614197731018066,-16.118629455566406
47.4,28.49166667,94.726562,2009.0,0.6994583270516471,2.2795647964812812e-05,-11.75,-85.28,-12.233057022094727,-90.1272964477539
50.06166667,19.84861111,356.8125,1987.0,0.9510565162951535,0.0,-12.38,-94.8,-11.537347793579102,-84.3001480102539
13.73,100.5,5.7392578,2002.0,0.741222010848596,0.0,-4.77,-26.4,-4.519590854644775,-23.213966369628906
61.22,-48.12,20.967773,1973.0,0.9510565162951535,0.0,-16.32,-123.5,-11.931241989135742,-87.5993423461914
32.64368642,35.8349964,543.28125,1969.0,0.9510565162951535,0.0,-7.2,-41.2,-4.483198642730713,-22.873390197753906
13.52,2.09,210.4375,2014.0,-0.9587178169872964,0.0,-1.93,-8.7,-4.576605319976807,-23.747535705566406
37.77,-25.65,137.14062,2005.0,-0.2884824328806098,2.405408622507821e-06,-2.94,-13.29,-4.076818943023682,-19.070289611816406
52.1042,8.7519,134.42188,1986.0,0.2386727660059501,1.715657526801806e-05,-8.56,-59.1,-9.803190231323242,-69.7751235961914
-1.43,-48.48,4.737793,1975.0,-0.2884824328806098,8.317670108226594e-06,-1.1,-2.6,-2.4804139137268066,-4.130348205566406
47.59583333,7.594444444,248.26562,2008.0,0.9721181966290613,0.0,-10.6,-77.7,-9.2161865234375,-64.85846710205078
52.8,5.05,-4.4990234,2004.0,0.9141279881853337,6.10754250374157e-06,-6.49,-41.9,-7.345828056335449,-49.192649841308594
46.72738634,8.186782163,600.90625,1983.0,-0.680773409477016,0.0,-6.27,-39.7,-6.717983722686768,-43.78760528564453
40.50691,-1.65147,1713.75,2016.0,-0.6932812268869771,1.0505216778256e-05,-4.17,-25.9,-5.2522873878479,-30.070899963378906
40.67,109.85,1068.9375,1988.0,0.9562348265919056,0.0,-15.37,-109.9,-9.785285949707031,-69.62516021728516
47.833185,1.940433,113.78516,2001.0,-0.9741004551724206,0.0,-6.6,-43.0,-6.360126972198486,-40.43860626220703
31.28333333,34.23333333,41.878906,2003.0,0.2386727660059501,2.7472522560856305e-05,-3.99,-14.2,-3.9215455055236816,-17.617164611816406
-33.95833333,18.46111111,109.49609,2005.0,-0.9587178169872964,0.0,-2.4,-6.0,-3.0626893043518066,-9.579566955566406
48.8281,9.2,313.79688,2006.0,0.29671281927349075,5.176996637601405e-05,-4.35,-28.35,-7.20994758605957,-48.054534912109375
52.2914,10.4464,80.6875,2011.0,-0.9587178169872964,0.0,-4.71,-32.31,-7.131080627441406,-48.01049041748047
-40.35,-9.88,37.345703,1998.0,-0.2135209154397959,1.7493228369858116e-05,-2.76,-13.1,-4.200552463531494,-20.228248596191406
50.3119,11.8758,564.53125,2009.0,0.9510565162951535,2.1384816136560403e-05,-9.6,-74.15,-10.064081192016602,-71.9603042602539
-6.88,39.2,52.724609,1966.0,-0.2884824328806098,0.0,-1.3,1.8,-2.866171360015869,-7.740455627441406
25.51900833,-80.491375,5.5644531,1997.0,-0.989932495087353,0.0,-4.01,-20.8,-4.173864841461182,-19.978492736816406
46.39864119,6.233803787,434.125,2020.0,0.6994583270516471,0.0001057204062817,-6.46,-42.76,-12.09238052368164,-88.94901275634766
32.2361,-110.9439,753.21875,2007.0,-0.7236440382959123,0.0,-14.4,-106.5471698,-6.578487396240234,-45.538307189941406
19.28,166.65,4.0,1964.0,-0.23030567023061196,0.0001516131305834,-2.8,-12.4,-2.6793580055236816,-5.992164611816406
-9.98,-67.82,123.0,1990.0,0.6994583270516471,0.0002615645062178,-7.9,-52.0,-6.866888523101807,-45.181129455566406
11.13,2.93,286.40625,2014.0,-0.2135209154397959,8.325547241838649e-05,-2.58,-8.1,-4.278189182281494,-20.954811096191406
40.50691,-1.65147,1713.75,2017.0,0.9760105506323683,0.0,-5.39,-29.8,-9.17654037475586,-64.52640533447266
-4.37,15.25,422.4375,1962.0,0.6994583270516471,4.32032102253288e-05,-3.4,-7.5,-3.1063599586486816,-9.988258361816406
36.72,3.18,19.595703,2002.0,0.8919813464595485,1.118822524404095e-06,-8.34,-54.55,-4.968428134918213,-27.414405822753906
-34.05,115.0249,77.78125,2009.0,-0.6932812268869771,3.8442878576461226e-05,-5.83,-32.6,-3.162161350250244,-10.510475158691406
41.91172742,2.763346411,139.71094,2012.0,-0.7116566222817751,0.0,-9.63,-62.0,-6.4104695320129395,-40.90973663330078
52.141,-106.6244,507.71875,1996.0,-0.23030567023061196,4.0123039070749655e-05,-11.67,-87.08,-14.161382675170898,-106.88005828857422
45.46666667,13.61666667,0.5645752,2001.0,-0.9587178169872964,0.0,-7.2,-48.4,-5.613783359527588,-33.453956604003906
7.47,151.85,0.0,1976.0,0.6994583270516471,0.0001513676543254,-5.46,-37.1,-4.193274021148682,-20.160133361816406
-0.166666667,-78.48333333,2781.625,2012.0,0.2802306751992159,0.0,-8.25,-54.23,-8.492132186889648,-68.3686294555664
44.81666667,14.98333333,1534.5,2002.0,-0.9587178169872964,0.0,-8.8,-48.3,-9.409296035766602,-66.4759292602539
38.00194982,-1.170837424,61.660156,2002.0,0.741222010848596,0.0,-5.86,-39.76,-4.367956638336182,-21.794898986816406
44.13333333,6.333333333,881.625,2015.0,0.6994583270516471,0.0,-12.68,-91.8,-8.497457504272461,-58.83850860595703
-31.95,115.97,20.375,2006.0,-0.9587178169872964,0.0,-2.25,-1.4,-3.152456760406494,-10.419654846191406
37.77,-25.65,137.14062,2019.0,0.2386727660059501,2.611958052511909e-06,-5.0,-28.2,-3.870596408843994,-17.140357971191406
47.6772,9.19,442.90625,2009.0,0.6994583270516471,7.93831204646267e-05,-13.52,-103.6,-12.790647506713867,-94.7975845336914
40.40725278,-3.686133333,653.5,2002.0,0.8359254794186372,0.0,-7.44,-57.8,-7.710308074951172,-52.24547576904297
-22.399288,-47.543743,626.78125,2017.0,-0.2884824328806098,0.0001106851486838,-6.08,-36.1,-3.6061463356018066,-14.665504455566406
46.95222563,7.439320571,542.53125,2007.0,-0.7236440382959123,4.765429912367836e-05,-10.12,-71.41,-12.724145889282227,-94.2405776977539
36.03,129.38,4.7189941,1976.0,-0.6932812268869771,0.0,-7.18,-49.9,-7.53757381439209,-54.749855041503906
-3.12,-60.02,49.394531,1967.0,0.9510565162951535,8.077254460658878e-05,-10.72,-74.2,-6.3765034675598145,-40.59186553955078
-27.43,153.08,5.7802734,1979.0,-0.680773409477016,0.0,-0.11,2.6,-1.9418091773986816,0.9101791381835938
4.05,114.81,27.053711,2011.0,0.8406184056344782,0.0001555280905449,-6.224,-37.509,-6.866888523101807,-45.181129455566406
36.29166667,81.00833333,2226.875,1991.0,0.24702218048093552,0.0,-7.86,-40.4,-16.97001838684082,-129.80331420898438
40.8203002,0.493333172,52.294922,2002.0,0.741222010848596,0.0,-4.91,-26.38,-4.671225070953369,-24.633033752441406
33.65243333,42.82328333,61.84375,2013.0,0.5086709438521044,2.8094934805267258e-06,-3.51,-8.8,-3.666800022125244,-15.233131408691406
43.365884,-8.421399,56.794922,2018.0,-0.7236440382959123,0.0,-6.64,-40.5,-5.121275424957275,-28.844825744628906
13.73,100.5,5.7392578,1990.0,0.741222010848596,8.983108273241669e-05,-5.06,-33.1,-4.434675693511963,-22.419288635253906
52.8,5.05,-4.4990234,1996.0,0.7638886127905428,4.897647886537016e-05,-8.02,-57.0,-6.866888523101807,-45.181129455566406
46.95222563,7.439320571,542.53125,2008.0,0.7295575540864875,5.26942421856802e-05,-7.54,-54.45,-9.179098129272461,-64.5478286743164
26.27,50.62,2.3325195,2006.0,0.9760105506323683,0.0,0.99,22.09,-0.15616464614868164,17.621116638183594
58.38277778,21.81416667,5.9343262,2017.0,0.29671281927349075,4.277900643501198e-06,-6.81,-47.4,-8.199478149414062,-56.342689514160156
-5.22,145.8,2.7424316,1969.0,-0.9741004551724206,0.0,-6.57,-39.1,-5.163733005523682,-29.242164611816406
46.72738634,8.186782163,600.90625,2006.0,0.9510565162951535,5.622644675895572e-05,-12.85,-95.65,-11.667793273925781,-85.39273834228516
39.91055556,41.27555556,1890.5625,2022.0,0.29671281927349075,1.4309837752080057e-05,-4.09,-22.2,-5.990442752838135,-36.978919982910156
40.41666667,-7.55,1295.4375,2002.0,0.2386727660059501,0.0,-7.97,-49.4,-9.028190612792969,-63.283851623535156
42.14,41.7,0.0,2015.0,-0.9741004551724206,6.693184332107194e-06,-8.18,-50.1,-6.866888523101807,-45.181129455566406
76.76666667,-18.66666667,0.0,2004.0,-0.27195815753410524,0.0,-19.877,-173.7,-17.80384635925293,-136.78732299804688
-65.07944444,-63.9775,286.6875,1999.0,-0.9741004551724206,7.836446861296295e-06,-7.05,-57.7,-8.24422836303711,-93.22467803955078
37.90111111,40.20361111,674.46875,2019.0,0.741222010848596,1.840288314269856e-05,-6.21,-35.0,-4.731878757476807,-25.200660705566406
18.29888889,-65.695,59.626953,2005.0,-0.9033558023246842,4.566881216305774e-06,-2.29,-7.1,-3.710470676422119,-15.641822814941406
7.789855,-76.650846,30.420898,2020.0,0.9562348265919056,5.300253542372957e-05,-1.04,2.8,-3.186422824859619,-10.737525939941406
49.0975,19.59,572.9375,2002.0,0.9510565162951535,0.0,-11.04,-82.2,-10.920928955078125,-79.13712310791016
50.4972,9.9428,920.40625,2000.0,0.2802306751992159,0.0,-6.83,-47.1,-8.062639236450195,-55.19654083251953
35.68,139.77,22.099609,1968.0,0.6994583270516471,0.0,-10.25,-58.6,-6.0062127113342285,-37.126502990722656
43.83758,10.35235,-1.0,2012.0,0.7295575540864875,1.7225489500560798e-05,-4.66,-31.13,-5.574965000152588,-33.090675354003906
36.62,127.46,80.589844,2010.0,0.29671281927349075,7.465708767995238e-05,-9.72,-71.4,-7.077413082122803,-48.18470001220703
45.3738,-75.6862,78.394531,2019.0,0.2386727660059501,1.1263516171311494e-05,-14.55,-104.8,-14.642107009887695,-108.8520278930664
52.1042,8.7519,134.42188,1996.0,0.2802306751992159,2.644722735567484e-05,-4.79,-33.9,-7.1105146408081055,-47.221702575683594
48.24861111,16.35638889,200.63281,1961.0,-0.2135209154397959,3.389748962945305e-05,-4.1,-29.2,-6.5366291999816895,-42.09040069580078
47.81666667,13.71777778,1616.0625,2022.0,0.9988797155850336,3.497131910989992e-05,-17.787,-128.85,-11.153684616088867,-81.0866470336914
-0.694444444,-90.325,182.40625,1995.0,-0.680773409477016,0.0,-1.35,-2.8,-1.6749329566955566,3.4077377319335938
54.5283,11.0603,1.9006348,2001.0,-0.7236440382959123,8.568526391172782e-05,-6.61,-40.2,-8.5882568359375,-59.599037170410156
76.76666667,-18.66666667,0.0,2021.0,0.29671281927349075,0.0,-13.03,-100.7,-15.778104782104492,-119.8200454711914
-31.95,115.78,12.910645,1993.0,0.741222010848596,0.0,-5.19,-26.6,-3.5964417457580566,-14.574684143066406
11.13,2.93,286.40625,2014.0,0.741222010848596,0.0,-4.36,-20.0,-2.642965793609619,-5.651588439941406
28.22,-177.37,0.0,1988.0,0.7295575540864875,2.276917985000182e-05,-1.27,-2.2,-3.2616333961486816,-11.441383361816406
40.40725278,-3.686133333,653.5,2002.0,0.8064799463209448,0.0,-13.49,-103.1,-7.572828769683838,-51.093971252441406
52.1,5.18,1.7967529,2009.0,-0.5012418134457756,1.020013223751448e-05,-5.63,-38.85,-6.866888523101807,-45.181129455566406
47.7,27.88333333,177.36719,2021.0,0.9760105506323683,0.0,-9.06,-68.3,-9.739246368408203,-69.23954010009766
-1.56708,29.05573,1509.1875,2014.0,0.29671281927349075,0.0,-0.42,13.79,-1.1411805152893066,8.402854919433594
37.77,-25.65,137.14062,2017.0,-0.2135209154397959,1.1439525223977398e-05,-1.78,-4.2,-2.6987671852111816,-6.173805236816406
-7.66,-72.65,174.50781,1989.0,-0.9995462806873573,0.0,-2.07,-0.3,-3.259207248687744,-11.418678283691406
34.01937778,-6.838286111,18.375977,2001.0,0.6084768701151261,0.0,-2.55,-6.73,-3.055410861968994,-9.511451721191406
0.453055556,33.195,1174.25,2017.0,-0.9587178169872964,7.655974332010373e-05,-1.1,5.4,-1.7380127906799316,2.8174057006835938
-34.05,115.0249,77.78125,2018.0,0.19667288979357647,0.0001163671113317,-2.23,-6.1,-3.589163303375244,-14.506568908691406
54.5275,9.5486,43.292969,1999.0,-0.9741004551724206,0.0001133554178522,-6.52,-40.5,-7.881400108337402,-55.421356201171875
41.05916667,-100.7463889,918.34375,1993.0,0.7583058084785624,0.0,-21.2,-158.0,-10.547496795654297,-76.00931549072266
43.57,3.95,12.96875,1997.0,0.741222010848596,0.0,-2.94,-15.2,-5.141897678375244,-29.037818908691406
39.55339029,2.625298143,5.3820801,2010.0,0.9510565162951535,2.457421260260162e-06,-6.15,-30.28,-5.247435092926025,-30.025489807128906
28.58,77.2,222.79688,1981.0,0.9510565162951535,0.0001885967794805,0.97,9.5,-1.0586915016174316,9.174827575683594
76.76666667,-18.66666667,0.0,2000.0,-0.9634705485641486,0.0,-21.82,-166.15,-16.03388023376465,-121.9623794555664
-16.85,-68.91666667,3831.25,2000.0,0.2386727660059501,3.506300345179625e-05,-19.85,-141.7,-10.57084846496582,-98.0258560180664
46.60305556,13.67138889,2148.125,2018.0,0.854322169749827,0.0004825974465347,-3.44,-9.49,-8.584153175354004,-63.141822814941406
48.24861111,16.35638889,200.63281,1999.0,-0.9741004551724206,2.4607521481812e-05,-6.975,-46.9,-8.432708740234375,-59.997947692871094
20.77195,-156.295,1212.8125,1997.0,0.8498170915275278,0.0,-6.3,-35.0,-5.259565830230713,-30.139015197753906
-7.333333333,-47.46666667,171.11719,1972.0,-0.27195815753410524,0.0001755523699102,-4.3,-21.0,-3.5527710914611816,-14.165992736816406
9.49,138.09,7.6940918,1974.0,-0.9741004551724206,0.0001211878698086,-6.99,-44.4,-4.940527439117432,-27.153297424316406
33.65694444,73.26611111,580.9375,2003.0,-0.2135209154397959,0.0,-2.89,-11.76,-3.0854382514953613,-9.856491088867188
-0.37,-78.55,3064.0,2017.0,0.9510565162951535,1.7000917068799026e-05,-17.25,-125.3,-9.578651428222656,-83.8700942993164
49.7703,9.9578,265.90625,1991.0,-0.9587178169872964,0.0,-7.53,-53.2,-6.907626628875732,-46.822242736816406
47.8008,11.0108,974.96875,2004.0,0.9562348265919056,2.279981163155753e-05,-13.96,-103.19,-11.199724197387695,-81.4722671508789
0.05,32.45,1135.4375,2013.0,-0.7236440382959123,9.418430272489786e-05,-2.09,-5.66,-2.6939148902893066,-6.128395080566406
42.11666667,44.96666667,1107.4375,2016.0,-0.27195815753410524,1.0573923646006731e-05,-7.47,-46.1,-13.578435897827148,-101.3959732055664
47.81666667,13.71777778,1616.0625,2021.0,-0.1882267098432439,7.632835331605747e-05,-8.253,-55.5,-7.376201629638672,-49.447052001953125
22.31666667,114.1666667,34.056641,1994.0,-0.2135209154397959,0.0005394321633502,-7.2,-49.5,-6.978669166564941,-46.775917053222656
68.5,112.4333333,105.19531,2000.0,-0.23030567023061196,0.0,-17.4,-137.9,-15.445596694946289,-117.0350112915039
-40.68,144.69,82.167969,1990.0,-0.9587178169872964,4.757404167321511e-05,-4.87,-25.1,-3.8584656715393066,-17.026832580566406
-46.88,37.87,0.0,1999.0,0.6994583270516471,2.477632551745046e-05,-4.69,-26.0,-5.121275424957275,-28.844825744628906
51.3744,11.2919,162.88281,2011.0,-0.2135209154397959,8.798980161373038e-06,-4.55,-30.8,-6.504786014556885,-41.792396545410156
13.55,144.83,113.0,1965.0,0.2386727660059501,4.445780359674245e-05,-4.5,-19.7,-2.807943820953369,-7.195533752441406
46.39864119,6.233803787,434.125,2023.0,0.6994583270516471,0.0002059411344816,-6.74,-49.65,-11.68313980102539,-85.52127838134766
41.66056063,-1.004162565,244.98438,2014.0,-0.7236440382959123,5.226149824011372e-06,-8.63,-58.6,-7.587535858154297,-51.21715545654297
46.37222222,6.470833333,387.75,2002.0,0.9760105506323683,0.0,-7.04,-52.7,-9.526952743530273,-67.4614028930664
4.05,114.81,27.053711,2007.0,-0.6744436188329457,5.237221557763405e-05,-9.23,-62.28,-6.95152473449707,-48.058876037597656
-2.53,140.72,68.566406,1982.0,0.6994583270516471,0.0,-4.69,-36.0,-5.925543308258057,-36.371559143066406
48.15,15.15,264.90625,1968.0,0.9721181966290613,0.0,-8.63,-61.0,-10.547496795654297,-76.00931549072266
0.512102778,25.20643889,414.57812,2020.0,-0.970063921851507,0.0,-5.29,-30.8,-2.832205295562744,-7.422584533691406
47.59583333,7.594444444,248.26562,1998.0,0.6994583270516471,0.0,-10.47,-75.6,-10.688173294067383,-77.1875991821289
-15.6,-56.1,177.79688,1989.0,0.9760105506323683,0.0,-8.75,-58.8,-5.895823001861572,-36.093421936035156
28.2,113.0666667,44.691406,1990.0,-0.7236440382959123,0.0,-7.58,-47.8,-5.595587253570557,-33.283668518066406
4.05,114.81,27.053711,2010.0,0.9886775902323405,0.0003742471453733,-5.41,-31.28,-6.866888523101807,-45.181129455566406
40.67,109.85,1068.9375,1987.0,-0.7236440382959123,0.0,-4.63,-35.0,-10.596094131469727,-76.4163589477539
46.37222222,6.470833333,387.75,2021.0,-0.680773409477016,9.196031169267373e-05,-7.06,-47.1,-6.16997766494751,-38.659095764160156
19.28,166.65,4.0,1966.0,0.9760105506323683,0.0,-0.8,3.4,-2.0776734352111816,-0.36130523681640625
56.7193,60.73332,220.07031,2017.0,-0.9587178169872964,1.849405271059368e-05,-12.35550574,-88.51290495,-11.35574722290039,-82.77909088134766
31.28333333,34.23333333,41.878906,2002.0,-0.7236440382959123,1.2476028814489837e-06,-1.64,4.3,-3.002035617828369,-9.011940002441406
-17.83,31.02,1473.25,1971.0,0.6994583270516471,0.0,-3.97,-17.0,-5.053343296051025,-28.209083557128906
42.7728,-0.33149,1302.3125,2021.0,0.29671281927349075,0.0,-5.61,-33.5,-6.404707431793213,-40.855812072753906
39.03,141.81,81.234375,1999.0,-0.9741004551724206,1.4272759472078178e-05,-6.605,-33.75,-6.866888523101807,-45.181129455566406
4.65325,-74.09894167,2552.75,1999.0,0.29671281927349075,0.0,-13.94,-95.75,-9.085273742675781,-76.8310317993164
-5.333333333,-49.13472222,76.5,1990.0,0.04302223300453059,0.0,0.13,14.4,-3.0966553688049316,-9.897438049316406
-22.94916667,-46.54916667,855.53125,1998.0,-0.9175836260593934,0.0,-1.78,2.44,-2.8200745582580566,-7.309059143066406
-33.95833333,18.46111111,109.49609,1999.0,-0.2135209154397959,0.0,-3.06,-11.0,-3.4993958473205566,-13.666481018066406
36.62,127.46,80.589844,2010.0,0.2386727660059501,0.0,-6.23,-25.3,-6.866888523101807,-45.181129455566406
56.93604,24.09549,1.7421875,2017.0,-0.9587178169872964,0.0,-9.79,-69.6,-8.706772804260254,-61.252235412597656
32.63333333,-16.9,0.0,1998.0,0.6994583270516471,1.5072027963469736e-06,-2.74,-12.4,-3.050558567047119,-9.466041564941406
13.7,-89.12,612.5,1974.0,-0.9741004551724206,7.569696663267678e-06,-9.18,-64.9,-6.863079071044922,-47.53388214111328
-9.55,16.37,1154.5,1969.0,-0.680773409477016,0.0,0.0,12.0,-2.8637452125549316,-7.717750549316406
45.32,-75.67,112.08594,1979.0,0.741222010848596,0.0,-8.59,-59.1,-8.401540756225586,-58.035133361816406
50.06166667,19.84861111,356.8125,2013.0,-0.2884824328806098,0.0,-11.09,-77.7,-11.984954833984375,-88.04923248291016
-15.7625,-69.69166667,3955.875,2000.0,-0.27195815753410524,9.6448406111449e-05,-22.08,-167.0,-9.812643051147461,-87.2084732055664
55.67,12.3,26.070312,1966.0,-0.9741004551724206,0.0,-9.21,-63.9,-7.2698774337768555,-48.64774703979492
14.64,121.04,42.933594,2009.0,0.2386727660059501,2.3074984710547145e-05,-6.18,-42.5,-3.904562473297119,-17.458229064941406
-37.82,144.97,6.1674805,1981.0,0.9760105506323683,0.0,-1.65,-2.2,-5.16494607925415,-29.253517150878906
22.2,92.2,144.05469,2020.0,-0.6932812268869771,6.152947753435001e-05,-7.45,-54.7,-7.7108001708984375,-57.221290588378906
38.00194982,-1.170837424,61.660156,2011.0,-0.2884824328806098,0.0,-5.66,-38.2,-5.77208948135376,-34.935462951660156
51.6,-1.1,55.042969,2022.0,-0.2135209154397959,0.0,1.03,1.8,-6.2032670974731445,-39.315650939941406
44.73805556,-0.774722222,59.488281,2016.0,-0.27195815753410524,2.0044795746798627e-05,-4.41,-25.3,-6.499327182769775,-41.741310119628906
45.32,-75.67,112.08594,1982.0,0.2386727660059501,0.0001694181701168,-16.1,-118.5,-14.378332138061523,-107.3436050415039
13.73,100.5,5.7392578,2022.0,-0.9741004551724206,0.0,-12.37,-89.0,-7.423799514770508,-53.52483367919922
9.0,38.73,2329.125,1998.0,0.9510565162951535,0.0,3.3,36.2,0.18834829330444336,20.845237731933594
-22.9,-43.17,0.0,1985.0,0.29671281927349075,0.0,-1.0,12.0,-4.176290988922119,-20.001197814941406
41.91172742,2.763346411,139.71094,2012.0,0.2386727660059501,8.090292249107733e-05,-4.89,-22.1,-6.5588297843933105,-42.37885284423828
-27.17,-109.43,140.28906,1969.0,-0.9587178169872964,0.0001055817338055,-1.59,-0.7,-2.565329074859619,-4.925025939941406
40.41195035,-3.67806112,671.09375,2000.0,0.9562348265919056,0.0,-5.12,-27.8,-7.701995372772217,-52.17584991455078
-37.82,144.97,6.1674805,2007.0,0.6994583270516471,0.0,-3.23,-22.9,-5.129766941070557,-28.924293518066406
41.91172742,2.763346411,139.71094,2011.0,-0.680773409477016,0.0,-2.29,-12.1,-4.478346347808838,-22.827980041503906
41.75,44.766667,0.0,2020.0,-0.23030567023061196,9.509669325780123e-05,-0.13,5.7,-5.366316318511963,-31.138038635253906
48.65,-123.43,15.649902,1976.0,-0.6932812268869771,0.0,-9.4,-67.0,-8.859224319458008,-63.48755645751953
35.68,51.32,1161.1875,1963.0,-0.9587178169872964,0.0,-1.5,-2.5,-3.341696262359619,-12.190650939941406
9.357072,-75.289167,200.4375,2016.0,-0.7116566222817751,0.0,-7.34,-49.6,-5.568899631500244,-33.033912658691406
-53.0,-70.833333,32.589844,1998.0,0.29671281927349075,0.0,-10.0,-74.3,-8.535665512084961,-68.9897232055664
51.116535,17.029468,118.94141,2005.0,-0.14579919691987442,0.0,-3.954477378,-14.7500113,-6.684624195098877,-43.47541046142578
4.390833333,118.0361111,180.96875,2007.0,-0.680773409477016,0.0,-7.86,-52.14,-6.729331970214844,-45.81922149658203
52.2914,10.4464,80.6875,2007.0,-0.680773409477016,1.872871689556632e-05,-7.3,-48.55,-7.076784133911133,-46.93918228149414
4.05,114.81,27.053711,2006.0,-0.3049212246562894,0.0,-6.28,-36.0,-6.866888523101807,-45.181129455566406
-37.32,-64.33,166.05469,2000.0,-0.6932812268869771,0.0,-5.1,-27.0,-4.570539951324463,-23.690773010253906
-40.68,144.69,82.167969,1987.0,-0.9741004551724206,0.000155714675202,-2.62,-10.7,-3.802664279937744,-16.504615783691406
-27.43,153.08,5.7802734,1985.0,0.741222010848596,0.0,-8.59,-55.8,-3.380514621734619,-12.553932189941406
47.98,-55.82,119.36328,2005.0,-0.9741004551724206,0.0001135237471316,-11.4,-82.3,-9.08574104309082,-63.76587677001953
-75.58333333,-20.56666667,105.53516,2010.0,0.2386727660059501,1.1497810111412339e-09,-14.90885025,-119.9786471,-20.559581756591797,-166.33932495117188
52.8911,11.7294,21.530273,1999.0,0.29671281927349075,0.0,-6.25,-45.1,-6.866888523101807,-45.181129455566406
22.31666667,114.1666667,34.056641,1988.0,0.9562348265919056,0.0,-1.71,-1.8,-3.8439087867736816,-16.890602111816406
47.47051111,21.49041944,105.30859,2008.0,-0.7856498550787144,0.0,-5.54,-33.69,-8.214824676513672,-56.471229553222656
14.06166667,-3.075,259.0625,1997.0,0.29671281927349075,0.0,0.52,-6.3,-3.5673279762268066,-14.302223205566406
36.15,-5.35,1.5737915,1963.0,-0.2884824328806098,0.0,-6.0,-34.1,-5.138258457183838,-29.003761291503906
50.06166667,19.84861111,356.8125,1976.0,-0.27195815753410524,0.0,-16.75,-123.2,-12.192132949829102,-89.7845230102539
13.55,144.83,113.0,1975.0,0.9760105506323683,3.0039095690881368e-06,-1.16,0.8,-3.060263156890869,-9.556861877441406
22.31666667,114.1666667,34.056641,2001.0,-0.680773409477016,0.0002863153931684,-8.56,-57.3,-7.986057758331299,-61.148414611816406
53.7122,7.1519,8.8525391,2003.0,-0.2135209154397959,5.748456169385463e-05,-5.77,-40.09,-6.428968906402588,-41.082862854003906
51.6,-1.1,55.042969,1997.0,-0.2135209154397959,0.0,-3.22,-18.7,-6.152994632720947,-38.500160217285156
52.8911,11.7294,21.530273,2010.0,0.29671281927349075,6.725354978698306e-06,-5.84,-40.0,-6.877859115600586,-45.273014068603516
-37.82,144.97,6.1674805,1975.0,0.6994583270516471,9.072936518350616e-05,-0.75,0.0,-4.997541904449463,-27.686866760253906
28.46344137,-16.2553441,36.554688,2011.0,0.9510565162951535,0.0,-4.12,-20.3,-2.6550965309143066,-5.765113830566406
64.13,-21.93,12.141602,2016.0,-0.23030567023061196,3.75028103007935e-05,-8.95,-66.9,-8.187969207763672,-56.24628448486328
8.92,-79.6,11.163086,1973.0,-0.9741004551724206,5.115754174767062e-05,-7.9,-53.9,-5.9625420570373535,-36.717811584472656
-22.94805556,17.1525,1690.0,1970.0,-0.9741004551724206,0.0,-1.16,5.0,-1.9927582740783691,0.43337249755859375
47.81666667,13.71777778,1616.0625,2019.0,0.47873384011578846,1.3843496162735391e-05,-10.711,-69.01,-9.961771011352539,-71.1033706665039
13.73,100.5,5.7392578,1982.0,-0.2135209154397959,0.0001658001274336,-5.15,-34.4,-5.6422905921936035,-33.720741271972656
24.83736944,-80.80080278,0.0,2002.0,0.811539059007361,0.0,-2.28,-4.3,-2.346975803375244,-2.8815689086914062
19.27116389,-99.20359444,2580.375,2016.0,0.7116566222817746,0.0,-4.785,-23.75,-5.021697521209717,-28.94873809814453
47.4828,11.0622,716.1875,1990.0,-0.7236440382959123,0.0,-17.08,-126.0,-12.775300979614258,-94.6690444946289
-0.463888889,-77.89055556,1916.8125,1992.0,-0.6932812268869771,3.754664430744015e-05,-7.18,-42.3,-5.500967502593994,-32.398170471191406
31.99730278,34.81616111,44.347656,1970.0,-0.9587178169872964,0.0,1.82,14.6,-2.710897922515869,-6.287330627441406
0.616666667,-69.2,92.0,1973.0,-0.2135209154397959,0.0001214142394019,-0.5,10.0,-3.8633179664611816,-17.072242736816406
-1.22,36.63,2088.375,1967.0,-0.7236440382959123,0.0001449013216188,-5.83,-31.6,-4.249075412750244,-20.682350158691406
23.05,-82.21666667,123.02734,2019.0,-0.2884824328806098,5.84525078011211e-05,-2.67,-7.0,-2.6648011207580566,-5.855934143066406
47.37233597,8.083138245,397.48438,2005.0,0.9510565162951535,2.871702417905908e-05,-8.81,-63.3525567,-10.363338470458984,-74.46683502197266
53.23,6.55,7.7121582,2000.0,-0.27195815753410524,2.927602508862037e-05,-8.35,-67.9,-8.470600128173828,-58.613563537597656
-37.82,144.97,6.1674805,2008.0,0.6994583270516471,0.0,-3.55,-12.2,-5.129766941070557,-28.924293518066406
46.65772518,8.292706832,1061.3125,2023.0,-0.2135209154397959,5.628356302622706e-05,-4.79,-30.58,-6.769084453582764,-44.265830993652344
38.28,21.79,113.0625,2007.0,-0.9587178169872964,0.0,-3.81,-6.78,-4.091375827789307,-19.206520080566406
50.4972,9.9428,920.40625,2005.0,-0.2884824328806098,7.176005601650104e-05,-9.31,-59.7,-10.417051315307617,-74.9167251586914
62.89179444,27.62542222,94.585938,2010.0,0.9510565162951535,0.0,-17.74,-133.2,-14.509458541870117,-109.1940689086914
49.7478,6.6581,259.26562,2008.0,0.2386727660059501,0.0,-7.51,-51.0,-9.593454360961914,-68.0184097290039
-27.43,153.08,5.7802734,1977.0,0.29671281927349075,0.0,-4.06,-11.6,-3.7371582984924316,-15.891578674316406
78.91666667,11.93333333,38.650391,2019.0,-0.9587178169872964,0.0,-14.56,-112.8,-10.255912780761719,-73.56705474853516
13.73,100.5,5.7392578,2006.0,0.6994583270516471,0.0,-2.61,-15.15,-4.50503396987915,-23.077735900878906
41.15305556,-96.49277778,352.0625,1993.0,-0.8263541987239094,1.6725960449548438e-05,-4.9,-24.0,-6.866888523101807,-45.181129455566406
48.36,-4.57,68.214844,2002.0,0.9510565162951535,1.5838502349652115e-06,-5.21,-34.8,-6.2003045082092285,-38.942909240722656
41.733333,43.516667,0.0,2012.0,-0.27195815753410524,0.0,-22.03,-158.4,-10.747001647949219,-77.68033599853516
41.9,12.5,59.011719,2001.0,-0.9587178169872964,0.0,-3.6,-15.49,-4.627554416656494,-24.224342346191406
43.91281944,4.888775,30.959961,2008.0,0.9562348265919056,0.0,-3.45,-17.55,-5.949804782867432,-36.598609924316406
46.95222563,7.439320571,542.53125,2007.0,0.741222010848596,1.996649007196538e-05,-9.75,-69.33,-8.35805892944336,-57.670936584472656
38.05011111,23.866675,444.85938,2015.0,-0.9741004551724206,0.0,-10.02,-69.3,-4.52444314956665,-23.259376525878906
46.60305556,13.67138889,2148.125,2002.0,0.9778483415056568,0.0002598324499558,-13.56,-103.5,-10.53726577758789,-75.92362213134766
61.22,-48.12,20.967773,1965.0,-0.2135209154397959,0.0,-8.1,-62.6,-11.119590759277344,-86.4166030883789
-22.94916667,-46.54916667,855.53125,1998.0,-0.9984354211555643,6.1620921769645065e-06,-3.53,-13.5,-2.788534641265869,-7.013893127441406
-38.006017,-57.5714306,22.926758,2017.0,-0.7236440382959123,0.0,-4.49,-22.6,-4.661520481109619,-24.542213439941406
12.69325,-7.995494444,382.5625,1962.0,-0.680773409477016,0.0002364250249229,-7.1,-53.3,-3.6061463356018066,-14.665504455566406
46.60305556,13.67138889,2148.125,1984.0,0.2802306751992159,0.0001324852928519,-10.82,-75.2,-8.847381591796875,-64.78022003173828
47.4828,11.0622,716.1875,1995.0,-0.2884824328806098,1.2246385267644657e-05,-17.13,-133.2,-12.985036849975586,-96.4257583618164
46.49722222,28.3,150.79688,2011.0,-0.9587178169872964,2.3770227926434014e-05,-6.69,-50.5,-7.121446132659912,-47.761924743652344
46.57248471,8.332719621,1924.0,1984.0,-0.27195815753410524,5.91934185649734e-05,-18.29,-133.6,-16.49427604675293,-125.8185806274414
36.846389,-2.356942,16.541016,2012.0,-0.9634705485641486,8.51060394779779e-06,-3.77,-23.2,-4.386152744293213,-21.965187072753906
76.76666667,-18.66666667,0.0,2002.0,-0.8543221697498269,0.0,-15.0,-116.75,-14.35087776184082,-107.8658218383789
40.40725278,-3.686133333,653.5,2002.0,0.017213356155834685,3.110471152467653e-05,-11.01,-77.0,-6.638509273529053,-42.809627532958984
48.18427778,16.389575,201.11719,2003.0,0.7748840413670407,8.571206308261026e-06,-2.79,-24.4,-7.23872184753418,-48.29554748535156
10.86,0.2,372.54688,2018.0,-0.4093559588156211,0.0,-2.049,-11.77,-4.996328830718994,-27.675514221191406
-20.47,-54.67,554.875,1976.0,-0.23030567023061196,0.0,-0.8,5.0,-3.584311008453369,-14.461158752441406
55.75,37.57,130.52344,1976.0,0.2802306751992159,0.0,-8.7,-76.5,-9.66762924194336,-68.63968658447266
46.72738634,8.186782163,600.90625,1990.0,0.6994583270516471,0.0001558282820042,-10.58,-81.9,-14.12067985534668,-105.9377212524414
-37.82,144.97,6.1674805,1998.0,0.9760105506323683,0.0,-6.86,-42.9,-5.163733005523682,-29.242164611816406
47.81666667,13.71777778,1616.0625,2020.0,0.5524353131676196,9.726588177727535e-05,-12.2,-90.21,-9.259668350219727,-65.22266387939453
48.18427778,16.389575,201.11719,2002.0,0.9700639218515071,3.101870606769808e-05,-9.44,-81.2,-9.61903190612793,-68.2326431274414
47.7,27.88333333,177.36719,2011.0,-0.9587178169872964,1.108931337512331e-05,-6.328145575,-46.116593,-7.7566680908203125,-54.16322326660156
33.65694444,73.26611111,580.9375,2008.0,-0.9634705485641486,0.0,-2.95,-13.49,-4.808302402496338,-25.915870666503906
41.91172742,2.763346411,139.71094,2012.0,-0.970063921851507,7.877872121753171e-06,-7.04,-42.7,-5.746008396148682,-34.691383361816406
-6.88,39.2,52.724609,1969.0,-0.9741004551724206,0.0,-1.66,-0.2,-2.7861084938049316,-6.991188049316406
46.65772518,8.292706832,1061.3125,2002.0,-0.2135209154397959,9.42817350733094e-05,-8.22,-54.72,-7.193641662597656,-47.91796112060547
47.81666667,13.71777778,1616.0625,2003.0,0.5947266869607634,0.0003280281962361,-15.83,-114.0,-9.321054458618164,-65.73682403564453
41.78,-87.75,186.0,1970.0,0.2386727660059501,0.0,-18.98,-145.8,-12.752023696899414,-93.2045669555664
-0.743055556,-90.30222222,1.7120972,2013.0,-0.23030567023061196,4.010420070699183e-06,-0.978372053,0.7087754,-1.5002503395080566,5.042503356933594
61.22,-48.12,20.967773,1974.0,0.9760105506323683,5.752095830757753e-07,-16.02,-120.2,-12.102611541748047,-89.03470611572266
-23.8,133.88,544.75,2007.0,0.9510565162951535,0.0,-3.21,-15.3,-5.059408664703369,-28.265846252441406
6.966666667,80.76666667,1882.75,1988.0,0.9562348265919056,0.0,-5.1,-25.1,-3.4508728981018066,-13.212379455566406
-13.8,-171.78,0.0,1974.0,0.741222010848596,9.532019612379372e-05,-1.55,-2.4,-4.568113803863525,-23.668067932128906
49.0392,8.365,112.44141,2001.0,0.741222010848596,8.71886222739704e-05,-6.95,-48.9,-6.866888523101807,-45.181129455566406
42.29055556,-85.58444444,244.73438,1992.0,-0.4787338401157883,1.6207986845984124e-05,-22.9,-151.0,-7.890828609466553,-59.789772033691406
22.31666667,114.1666667,34.056641,2022.0,-0.7236440382959123,0.0,-6.09,-36.0,-4.575392246246338,-23.736183166503906
-1.65,-78.68,2830.5,2018.0,0.2386727660059501,0.0,-13.42,-100.8,-6.560603141784668,-48.317909240722656
-46.88,37.87,0.0,1996.0,0.9562348265919056,4.853357950196369e-06,-3.88,-18.6,-5.052130222320557,-28.197731018066406
3.305997222,-76.07,3488.75,2003.0,-0.9741004551724206,0.0001435892918379,-13.5,-96.1,-8.876676559448242,-73.8549575805664
-21.02823729,55.47161911,1175.3125,2017.0,0.6680638642135335,1.3547837625083048e-05,-2.374,-2.64,-4.700338840484619,-24.905494689941406
47.93333333,106.9833333,1398.4375,1991.0,-0.680773409477016,1.8485141481505707e-05,-1.64,-22.4,-11.023239135742188,-79.99405670166016
46.095,14.597,283.89062,2007.0,0.9760105506323683,0.0001308694481849,-5.54,-36.7,-9.578107833862305,-67.8898696899414
56.97,24.07,4.2321777,1982.0,0.2386727660059501,2.3697653887211345e-05,-14.6,-106.0,-11.990070343017578,-88.09207916259766
-33.94638889,151.1730556,3.6643066,2011.0,0.9510565162951535,0.0,-4.6,-23.3,-4.367956638336182,-21.794898986816406
48.24861111,16.35638889,200.63281,2016.0,0.7295575540864875,0.0,-7.96,-55.4,-8.093971252441406,-55.45897674560547
47.42692898,9.400776879,758.46875,2010.0,0.6994583270516471,1.0321609806851484e-05,-18.79,-140.624503,-12.79576301574707,-94.8404312133789
-17.83,31.02,1473.25,1970.0,-0.9741004551724206,0.0,0.66,15.0,-2.0291504859924316,0.09279632568359375
40.96666667,15.68333333,465.64062,2003.0,-0.2884824328806098,1.825354775064625e-05,-11.1,-65.0,-8.384916305541992,-57.89588165283203
36.55530278,126.635925,59.384766,2020.0,0.2802306751992159,1.2389308494675788e-06,-11.61,-82.8,-8.140314102172852,-59.48040008544922
28.46344137,-16.2553441,36.554688,2014.0,-0.7236440382959123,0.0,-2.22,-8.3,-2.492544651031494,-4.243873596191406
-20.26361111,57.51694444,398.90625,1995.0,-0.2135209154397959,0.0,-1.71,4.5,-2.570181369781494,-4.970436096191406
45.6,13.93333333,486.53125,2000.0,-0.7694148268839381,1.2494219845393673e-05,-7.52,-43.29,-9.560203552246094,-67.73990631103516
32.36666667,35.75,818.96875,2002.0,-0.2884824328806098,0.0,-8.14,-42.35,-5.297171115875244,-30.490943908691406
-13.0,28.65,1260.6875,2006.0,-0.2884824328806098,6.222051888471469e-05,-5.55,-41.01,-4.222387790679932,-20.432594299316406
2.883333333,101.7833306,55.289062,2015.0,-0.680773409477016,0.0,-4.83,-26.4,-5.686567783355713,-34.135108947753906
13.48,22.45,788.75,1974.0,0.741222010848596,8.99635415407829e-05,-0.67,6.8,-1.3061585426330566,6.858909606933594
40.8203002,0.493333172,52.294922,2019.0,-0.7236440382959123,0.0,-8.89,-67.9,-6.034719944000244,-37.393287658691406
52.73333333,41.46666667,125.95703,1983.0,-0.7236440382959123,0.0,-11.5,-76.0,-12.345598220825195,-91.0699234008789
50.7311,13.7514,876.875,2011.0,0.9760105506323683,3.0946266633691266e-05,-9.26,-62.9,-9.851787567138672,-70.18216705322266
49.0975,19.59,572.9375,1996.0,-0.7116566222817751,0.0,-12.35,-90.6,-12.087265014648438,-88.90616607666016
60.78,-161.8,16.938477,1962.0,-0.2135209154397959,2.549908822402358e-05,-9.0,-73.8,-13.404508590698242,-99.9391860961914
-22.71,-46.46583333,1095.0625,1998.0,0.4559066935084588,0.0,-1.56,9.61,-4.589949131011963,-23.872413635253906
0.512102778,25.20643889,414.57812,2021.0,0.9510565162951535,5.980529749649577e-05,-1.36,7.4,-1.7913880348205566,2.3178939819335938
42.025,35.15833333,61.443359,2012.0,-0.7116566222817751,0.0,-7.86,-46.8,-8.634296417236328,-59.984657287597656
49.0975,19.59,572.9375,2000.0,0.2386727660059501,9.016744115797335e-06,-12.61,-94.35,-12.539987564086914,-92.6980972290039
-19.4,-68.95,4213.25,1986.0,0.9510565162951535,0.0,-19.2,-148.0,-9.986776351928711,-89.6928482055664
60.18008889,24.83286111,14.698242,2014.0,0.6994583270516471,0.0,-14.93,-111.7,-14.28437614440918,-107.3088150024414
50.7,5.47,141.75781,1967.0,0.2386727660059501,0.0,-7.18,-48.1,-9.55508804321289,-67.69705963134766
47.12,9.49,459.84375,2021.0,0.2386727660059501,0.0,-15.14,-115.02,-12.805994033813477,-94.9261245727539
23.13,113.32,6.8730469,1986.0,-0.2135209154397959,0.0003951583930756,-8.99,-59.3,-7.1292219161987305,-48.923866271972656
47.98,-55.82,119.36328,2009.0,-0.680773409477016,0.0,-7.27,-47.3,-6.866888523101807,-45.181129455566406
36.88,30.7,0.0,1978.0,-0.9587178169872964,0.0,-2.91,-13.4,-3.472708225250244,-13.416725158691406
47.81666667,13.71777778,1616.0625,2003.0,0.5234156073655503,0.0,-13.2,-99.1,-10.299394607543945,-73.9312515258789
45.8,28.2,40.330078,2009.0,0.9510565162951535,0.0,-12.05,-85.19,-9.382440567016602,-66.25098419189453
0.065481835,18.31282815,311.70312,2020.0,-0.5086709438521042,0.0,-1.082949788,8.717984135,-1.4759888648986816,5.269554138183594
-6.88,39.2,52.724609,1969.0,0.9510565162951535,0.0,-2.34,-10.6,-3.322287082672119,-12.009010314941406
36.15,-5.35,1.5737915,1962.0,0.2386727660059501,0.0,-4.5,-19.2,-4.899282932281494,-26.767311096191406
47.4,28.49166667,94.726562,2010.0,0.741222010848596,4.582389010465704e-05,-6.07849,-28.9296,-7.633575439453125,-51.60277557373047
46.98141401,6.607999655,1046.0625,2008.0,-0.7116566222817751,0.0001185645960504,-8.67,-55.29317425,-12.616720199584961,-93.3407974243164
-16.49888889,-68.12305556,3582.75,1997.0,0.9510565162951535,0.0,-17.88,-128.4,-11.430631637573242,-110.2924575805664
66.49686111,25.75518056,108.88672,2009.0,0.9760105506323683,0.0,-11.34,-86.4,-15.834375381469727,-120.2913589477539
41.15305556,-96.49277778,352.0625,1994.0,0.12874817745258132,0.0,-4.4,-23.0,-6.104471683502197,-38.046058654785156
-27.17,-109.43,140.28906,1995.0,-0.7236440382959123,1.1923107194888871e-05,-0.13,5.8,-2.754568576812744,-6.696022033691406
61.22,-48.12,20.967773,1972.0,-0.7116566222817751,3.798231773544103e-05,-14.95,-110.6,-11.155784606933594,-82.3371353149414
36.88,30.7,0.0,1992.0,-0.970063921851507,0.0,-9.12,-51.2,-4.057409763336182,-18.888648986816406
33.65694444,73.26611111,580.9375,2000.0,0.2802306751992159,0.0,0.5,9.24,-1.5972962379455566,4.134300231933594
51.35,12.43,125.46484,2003.0,-0.9587178169872964,0.0,-7.97,-62.3,-7.284523963928223,-49.75045394897461
-15.83233889,-67.56611944,615.59375,1983.0,0.29671281927349075,5.564019738812931e-05,-1.98,-3.5,-5.595587253570557,-33.283668518066406
32.83888889,36.25694444,580.21875,1990.0,0.9760105506323683,0.0,-7.84,-48.7,-4.691847324371338,-24.826026916503906
69.2666,-53.469,93.789062,2020.0,0.2802306751992159,0.0,-18.44,-139.9,-17.302526473999023,-132.58834838867188
10.00036389,-84.10913333,1157.3125,2013.0,-0.994217906893952,0.0003292089386377,-8.95,-55.692,-7.914017200469971,-62.148109436035156
82.5,-62.33333333,62.875,1989.0,0.29671281927349075,8.43297311803326e-06,-25.26,-189.2,-21.415395736694336,-167.03707885742188
38.03333333,114.4166667,86.800781,1992.0,-0.9634705485641486,0.0,-5.13,-31.4,-7.163232803344727,-49.409095764160156
-1.68218,29.22716,1527.1875,2021.0,0.2386727660059501,0.0,-0.33,14.0,-0.12705087661743164,17.893577575683594
40.008,-105.2682583,1647.3125,2009.0,0.9510565162951535,2.627592948556412e-05,-14.98,-105.82,-15.880414962768555,-120.6769790649414
39.95,32.88,920.125,1985.0,0.2386727660059501,0.0,-13.05,-92.5,-10.97719955444336,-79.60843658447266
38.69,-27.18,341.34375,1998.0,-0.2135209154397959,1.480216633353848e-05,-1.35,-2.8,-2.7230286598205566,-6.400856018066406
-33.95833333,18.46111111,109.49609,2000.0,-0.2967128192734901,0.0,-3.74,-8.0,-3.4848389625549316,-13.530250549316406
48.951944,14.469722,396.5625,2017.0,-0.680773409477016,0.0,-5.29,-31.6,-6.515097141265869,-41.888893127441406
46.095,14.597,283.89062,1995.0,0.741222010848596,0.000254997430602,-8.3,-56.6,-7.3298420906066895,-49.058753967285156
-51.7,-57.87,50.568359,1962.0,-0.680773409477016,4.590858588926494e-05,-9.8,-73.2,-6.875048637390137,-46.598609924316406
-1.43,-48.48,4.737793,1974.0,0.9760105506323683,5.237718141870573e-05,-4.04,-20.4,-3.9458069801330566,-17.844215393066406
-27.43,153.08,5.7802734,2009.0,0.6994583270516471,0.0,-3.51,-11.9,-3.3004517555236816,-11.804664611816406
25.01666667,102.6833333,1907.8125,1996.0,-0.970063921851507,8.941573469201103e-05,-11.2,-83.3,-8.718868255615234,-71.6034927368164
47.47051111,21.49041944,105.30859,2004.0,0.6220467484408675,0.0,-13.84,-103.7,-9.596012115478516,-68.03983306884766
18.29888889,-65.695,59.626953,2006.0,0.1882267098432442,1.6295651221298613e-05,-1.12,5.8,-1.9175477027893066,1.1372299194335938
-17.97472,-67.08,3703.375,2009.0,0.6994583270516471,0.0,-20.05,-143.6,-11.252870559692383,-107.7563247680664
78.91666667,11.93333333,38.650391,2006.0,0.741222010848596,1.275468912353972e-05,-8.63,-60.6,-10.588420867919922,-76.35208892822266
4.05,114.81,27.053711,2009.0,-0.7469720876965551,6.87783322064206e-05,-5.91,-32.18,-7.21651554107666,-50.169288635253906
-24.11,-65.19,1321.5625,1987.0,-0.680773409477016,0.0,-4.3,-22.0,-3.7905335426330566,-16.391090393066406
47.7,27.88333333,177.36719,2021.0,-0.7236440382959123,5.57056000616285e-06,-12.24,-84.9,-10.327529907226562,-74.16690826416016
52.8911,11.7294,21.530273,2008.0,0.9721181966290613,0.0,-9.21,-67.3,-8.661153793334961,-60.20960235595703
-38.47,-62.16,195.67188,1987.0,-0.680773409477016,0.0,-12.4,-96.0,-5.7441887855529785,-34.674354553222656
-6.18,106.83,5.1230469,1992.0,0.9562348265919056,9.894283721223474e-05,-6.12,-35.5,-5.606504917144775,-33.385841369628906
10.25,-67.65,430.0,1973.0,-0.7236440382959123,5.64648762519937e-05,-5.58,-32.0,-5.446559906005859,-31.991111755371094
51.01666667,-114.0166667,1033.25,1995.0,-0.9741004551724206,6.311342440312728e-05,-18.0,-148.6,-19.03156852722168,-147.07052612304688
6.166666667,102.2833333,3.2288818,1980.0,-0.7116566222817751,0.0,-8.41,-54.7,-6.2439751625061035,-39.351600646972656
49.0422,12.1019,370.21875,2001.0,-0.680773409477016,0.0,-4.33,-24.3,-6.466574192047119,-41.434791564941406
5.383333333,103.1,10.330566,2014.0,-0.7236440382959123,7.28866143617779e-05,-7.6,-52.1,-6.564833164215088,-42.354347229003906
35.68,139.77,22.099609,1978.0,0.9510565162951535,0.0,-8.88,-55.1,-5.6519951820373535,-33.811561584472656
43.91281944,4.888775,30.959961,2017.0,0.9510565162951535,0.0,-5.12,-35.5,-5.920691013336182,-36.326148986816406
48.8281,9.2,313.79688,1994.0,-0.680773409477016,0.0,-3.85,-25.6,-6.327677249908447,-40.134925842285156
-6.88,39.2,52.724609,1966.0,-0.680773409477016,0.0,-1.5,-1.3,-2.424612522125244,-3.6081314086914062
78.91666667,11.93333333,38.650391,2004.0,-0.6932812268869771,6.6305001382716e-06,-9.18,-71.5,-11.202281951904297,-81.49369049072266
72.58,-38.4799,3202.0,2012.0,0.9844738167520922,0.0,-39.90373131,-326.1553777,-32.178428649902344,-257.1864929199219
50.06166667,19.84861111,356.8125,1987.0,-0.9587178169872964,2.313926779606845e-05,-7.39,-46.1,-8.092052459716797,-55.442909240722656
-20.9731,-66.33189,4333.0,2012.0,-0.7116566222817751,0.0,-10.67,-65.0,-7.018348217010498,-47.342018127441406
41.67805556,26.55916667,95.183594,2016.0,0.2802306751992159,0.0,-3.82,-24.0,-6.227598667144775,-39.198341369628906
-41.47,-72.93,43.574219,1996.0,-0.970063921851507,0.0,-5.2,-34.0,-6.368921756744385,-40.520912170410156
50.92,5.78,111.17188,2000.0,-0.8543221697498269,0.0,-5.04,-36.4,-6.448585510253906,-42.595314025878906
72.58,-38.4799,3202.0,2012.0,0.9973249731081555,0.0,-31.34176212,-250.3046286,-32.178428649902344,-257.1864929199219
17.25,54.08333333,863.25,1989.0,-0.47115950767386394,2.021523869188968e-05,-0.83,4.7,-1.6118531227111816,3.9980697631835938
-6.18,106.83,5.1230469,1974.0,0.29671281927349075,0.0001104407056118,-5.18,-32.1,-5.545851230621338,-32.818214416503906
47.59583333,7.594444444,248.26562,2008.0,0.6994583270516471,0.0,-8.17,-58.35,-10.706077575683594,-77.33756256103516
51.1622,14.9506,238.80469,2001.0,-0.680773409477016,0.0,-5.16,-31.6,-6.6078972816467285,-42.757362365722656
34.95,32.83,1417.1875,2020.0,0.2386727660059501,0.0002952141803689,-7.97,-40.8,-5.767653465270996,-35.425941467285156
28.50444444,-16.30333333,570.6875,2011.0,0.9611297838723007,3.5200571346649667e-06,-1.21,11.6,-2.8734498023986816,-7.808570861816406
38.72,-27.33,632.4375,1998.0,-0.2884824328806098,0.0,-4.24,-16.4,-4.159307956695557,-19.842262268066406
-31.95,115.78,12.910645,1991.0,-0.680773409477016,2.214271944467328e-06,-3.05,-7.9,-3.1694397926330566,-10.578590393066406
21.03,105.84,12.522461,2021.0,-0.2135209154397959,0.002196320798248,-12.24,-87.5,-6.151175022125244,-38.483131408691406
6.2,100.4,3.8469238,2017.0,-0.7236440382959123,0.0001170169562101,-8.98,-61.9,-6.625941753387451,-42.926231384277344
53.8713,8.7058,4.7202148,1999.0,0.9760105506323683,1.220135800394928e-05,-6.8,-48.3,-7.814269542694092,-53.66089630126953
13.93111111,-89.86,744.46875,1996.0,0.9368813462954315,0.0,-1.22,7.16,-2.3348450660705566,-2.7680435180664062
50.3119,11.8758,564.53125,2008.0,0.2386727660059501,1.2900571164209396e-05,-9.75,-71.3,-11.368535995483398,-82.8862075805664
19.24921667,-99.25580556,2983.5,2013.0,0.16280701293851715,0.0,-10.42,-72.9,-9.828968048095703,-87.4413833618164
46.89,7.49,659.34375,2021.0,0.2386727660059501,0.0,-11.75,-86.68,-13.031076431274414,-96.8113784790039
36.88,30.7,0.0,1980.0,-0.7116566222817751,1.5914603864075616e-05,-2.13,-1.1,-4.964788913726807,-27.380348205566406
40.98333333,15.61666667,602.15625,2002.0,-0.2135209154397959,0.0,-5.0,-24.0,-4.547491550445557,-23.475074768066406
4.05,114.81,27.053711,2007.0,-0.0859647987374467,0.0001796543947421,-12.62,-94.72,-7.387021064758301,-52.601905822753906
-7.315277778,72.42805556,2.3126221,1999.0,0.9510565162951535,0.0001766222121659,-2.99,-15.9,-4.429823398590088,-22.373878479003906
78.91666667,11.93333333,38.650391,2013.0,0.9510565162951535,0.0,-10.45,-53.8,-12.007974624633789,-88.2420425415039
38.75,-27.08,59.087891,1998.0,-0.2135209154397959,1.480216633353848e-05,-1.87,-5.0,-2.7181763648986816,-6.355445861816406
47.7,27.88333333,177.36719,2017.0,0.2386727660059501,0.0,-20.91,-154.6,-12.97480583190918,-96.3400650024414
-0.37,-78.55,3064.0,2019.0,-0.9587178169872964,0.0,-7.9,-48.9,-7.392462730407715,-52.679542541503906
-21.15,55.75,738.875,1986.0,0.5160623910158528,0.0,-3.17,-4.0,-3.501821994781494,-13.689186096191406
36.62,127.46,80.589844,2010.0,-0.9587178169872964,6.965436114114709e-06,-9.66,-67.2,-7.49115514755249,-54.81627655029297
37.77,-25.65,137.14062,2004.0,0.9721181966290613,3.491972529445775e-05,-2.52,-11.7,-3.482412815093994,-13.507545471191406
52.2914,10.4464,80.6875,1999.0,-0.9741004551724206,0.0001014841036521,-6.78,-43.6,-8.04146671295166,-57.08110427856445
-17.97472,-67.08,3703.375,2009.0,-0.2884824328806098,2.174430846935138e-05,-18.98,-134.4,-9.458934783935547,-82.1620864868164
31.62,-97.22,151.59375,1962.0,0.9510565162951535,0.0,-4.2,-24.9,-3.142752170562744,-10.328834533691406
1.35,103.9,20.787109,1974.0,-0.2135209154397959,8.785069803707302e-05,-6.2,-38.1,-6.866888523101807,-45.181129455566406
-65.07944444,-63.9775,286.6875,1990.0,0.6994583270516471,3.5344267719965277e-06,-7.3,-59.3,-9.2086181640625,-78.5907974243164
4.466666667,101.3833333,1451.4375,2020.0,0.9721181966290613,0.0,-6.1,-35.9,-4.580244541168213,-23.781593322753906
36.62,127.46,80.589844,2010.0,-0.680773409477016,0.0,-8.03,-57.7,-7.455041885375977,-53.572364807128906
14.330962,-91.055468,297.67188,2021.0,-0.2135209154397959,0.0,-5.14,-31.9,-4.859251499176025,-26.392677307128906
-9.55,16.37,1154.5,1974.0,-0.9741004551724206,7.467449177056551e-05,-4.58,-24.1,-2.871023654937744,-7.785865783691406
33.65694444,73.26611111,580.9375,1997.0,-0.9587178169872964,1.1197161256859545e-05,-3.33,-16.36,-4.928396701812744,-27.039772033691406
-34.05,115.0249,77.78125,2018.0,0.8406184056344782,0.0,-2.64,-5.4,-3.977346897125244,-18.139381408691406
28.58,77.2,222.79688,1973.0,-0.680773409477016,0.0002106221072608,-3.39,-19.6,-5.980738162994385,-36.888099670410156
-16.00555556,-69.7,3830.0,2002.0,0.9760105506323683,0.0,-21.01,-154.2,-11.79340934753418,-115.4682388305664
28.276976,84.30961,2101.5,2017.0,0.9398560579418954,0.0,1.393801269,27.1762407,-0.04941415786743164,18.620140075683594
13.07176111,-59.48972222,45.302734,1961.0,0.6994583270516471,1.2383536613924662e-06,1.2,5.6,-1.1799988746643066,8.039573669433594
47.42692898,9.400776879,758.46875,2015.0,0.6994583270516471,0.0,-15.87,-119.9,-13.036191940307617,-96.8542251586914
45.06767778,22.79993889,366.15625,2021.0,0.9760105506323683,0.0,-6.95,-40.8,-9.47707748413086,-67.04364776611328
50.62,-96.98,216.5,1976.0,0.7295575540864875,0.0,-10.6,-86.0,-13.45054817199707,-100.3248062133789
41.38333333,12.91666667,0.0,2002.0,-0.9587178169872964,0.0001151584147009,-5.81,-34.25,-4.474707126617432,-22.793922424316406
44.73805556,-0.774722222,59.488281,2015.0,0.6994583270516471,0.0,-4.53,-29.3,-6.1178154945373535,-38.170936584472656
78.91666667,11.93333333,38.650391,2015.0,-0.9741004551724206,7.53761014493648e-06,-14.37,-107.7,-10.237325668334961,-74.02515411376953
38.00194982,-1.170837424,61.660156,2007.0,-0.9741004551724206,0.0,-7.24,-49.54,-5.073965549468994,-28.402076721191406
47.07777778,15.44888889,370.03125,1980.0,-0.9634705485641486,0.0,-7.71,-59.8,-8.110596656799316,-55.598228454589844
52.4672,13.4019,47.5625,2001.0,-0.2135209154397959,7.08407605998218e-05,-4.8,-34.2,-6.591065883636475,-42.59984588623047
43.91281944,4.888775,30.959961,1999.0,-0.9587178169872964,0.0,-4.93,-29.7,-4.865316867828369,-26.449440002441406
-75.58333333,-20.56666667,105.53516,1983.0,-0.680773409477016,1.3155794544282403e-06,-24.73,-198.8,-21.34457778930664,-171.08969116210938
13.03916667,-86.31138889,1116.625,2004.0,0.7295575540864875,0.0007007804815657,-8.2,-57.8,-4.859251499176025,-26.392677307128906
0.05,32.45,1135.4375,1999.0,0.9760105506323683,7.517325866501778e-05,-2.93,-9.3,-2.604147434234619,-5.288307189941406
1.6,103.6666667,43.185547,2020.0,-0.7116566222817751,0.0001191476549138,-9.35,-62.7,-6.741112232208252,-48.126441955566406
25.57,91.88,1515.25,1976.0,0.2386727660059501,0.0,-1.36,-1.3,-4.156881809234619,-19.819557189941406
38.05011111,23.866675,444.85938,2003.0,0.2386727660059501,0.0,-6.86,-36.08,-7.143285751342773,-47.49618911743164
51.57,4.93,17.209961,1985.0,0.29671281927349075,0.0,-6.45,-44.1,-6.5828776359558105,-42.523216247558594
50.3381,7.6,86.441406,2012.0,0.9721181966290613,0.0,-5.33,-42.5,-8.295394897460938,-57.14606475830078
56.9,35.9,136.57812,1984.0,0.9721181966290613,0.0,-8.2,-56.0,-12.882726669311523,-95.5688247680664
43.83758,10.35235,-1.0,2010.0,-0.7236440382959123,2.449146222716081e-06,-7.87,-50.27,-6.255802631378174,-39.46228790283203
-1.43,-48.48,4.737793,1989.0,-0.9587178169872964,2.3679038349655457e-05,-0.75,3.5,-1.9466614723205566,0.8647689819335938
50.3381,7.6,86.441406,2003.0,-0.9587178169872964,0.0,-5.27,-37.1,-6.602903366088867,-43.137168884277344
-15.85,-47.93,1012.8125,1965.0,-0.9741004551724206,0.0,-4.0,-16.8,-2.3736634254455566,-3.1313247680664062
12.13,15.03,294.5,1995.0,-0.680773409477016,0.0,-7.57,-48.3,-5.101866245269775,-28.663185119628906
41.733333,43.516667,0.0,2018.0,-0.7236440382959123,0.0,-12.81,-100.2,-9.040979385375977,-63.390968322753906
43.73238889,7.423583333,8.8959961,2009.0,0.6994583270516471,0.0,-5.83,-36.43,-6.114782810211182,-38.142555236816406
45.80666667,15.97,120.36328,1990.0,-0.680773409477016,1.2655950740736444e-05,-4.4,-27.6,-6.411985874176025,-40.923927307128906
7.17,2.07,154.96875,2017.0,-0.2884824328806098,0.0,-1.03,1.4,-4.467428684234619,-22.725807189941406
33.46555556,126.9333333,5.9509277,1997.0,0.8214765533024142,0.0,-1.3,5.0,-4.896856784820557,-26.744606018066406
51.6,-1.1,55.042969,2017.0,-0.7236440382959123,4.097288910998032e-05,-6.2,-37.4,-7.5984063148498535,-51.308204650878906
51.18,8.4889,841.375,2013.0,0.9510565162951535,0.0001798715384211,-15.14,-111.3,-9.271177291870117,-65.3190689086914
43.68333333,-1.066666667,17.238281,2002.0,0.741222010848596,0.0001112838363042,-3.6,-19.3,-5.519163608551025,-32.568458557128906
14.53,-4.1,268.21875,2016.0,-0.6932812268869771,6.392896466422826e-05,-4.86,-30.3,-4.643324375152588,-24.371925354003906
18.295,-65.79388889,798.625,2006.0,0.9242907221930934,9.550656250212342e-05,-1.9,-0.05,-1.6991944313049316,3.1806869506835938
49.7703,9.9578,265.90625,1981.0,0.9760105506323683,7.457632455043495e-05,-11.34,-87.5,-9.972002029418945,-71.1890640258789
48.8281,9.2,313.79688,2011.0,0.9510565162951535,0.0,-6.42,-47.12,-9.471961975097656,-67.00080108642578
41.13333333,-8.6,59.621094,1998.0,0.6994583270516471,1.966316449397709e-05,-8.04,-54.8,-5.61135721206665,-33.431251525878906
39.46666667,-6.333333333,410.0,2010.0,-0.9587178169872964,0.0,-8.32,-55.03,-5.016951084136963,-27.868507385253906
-22.71,-46.46583333,1095.0625,1998.0,-0.9141279881853337,0.0,-2.5,-6.35,-2.8006653785705566,-7.127418518066406
-41.47,-72.93,43.574219,2004.0,-0.7116566222817751,0.0,-1.2,-15.8,-6.866888523101807,-45.181129455566406
36.846389,-2.356942,16.541016,2000.0,-0.27195815753410524,0.0,-5.6,-35.8,-5.544638156890869,-32.806861877441406
46.98141401,6.607999655,1046.0625,2007.0,0.29671281927349075,0.0,-7.56,-51.24581587,-9.17654037475586,-64.52640533447266
47.47051111,21.49041944,105.30859,2004.0,-0.9510565162951536,0.0,-2.88,-13.66,-7.6270647048950195,-53.024253845214844
46.64833333,14.31833333,448.71875,1982.0,0.6994583270516471,0.0,-12.8,-106.6,-14.908468246459961,-112.5361099243164
24.9,67.13,23.870117,1964.0,0.2386727660059501,0.0,-8.8,-72.6,-1.3546814918518066,6.404808044433594
-34.93,138.58,24.027344,1974.0,0.9510565162951535,4.4665413034827845e-10,-2.59,-16.0,-4.500181674957275,-23.032325744628906
29.4,79.46,2165.5,1995.0,-0.680773409477016,0.0002337343321414,-11.3,-83.2,-6.416759490966797,-42.742652893066406
45.8,28.2,40.330078,2020.0,-0.23030567023061196,0.0,-3.88,-26.4,-6.599557399749756,-42.67931365966797
50.62,-96.98,216.5,1978.0,-0.7236440382959123,0.0,-22.0,-158.0,-18.45863151550293,-142.27169799804688
-11.40438889,-76.32505556,4444.0,2011.0,0.9510565162951535,2.804205905704293e-05,-20.49,-149.64,-12.145303726196289,-120.4887466430664
-1.43,-48.48,4.737793,1965.0,-0.680773409477016,0.0002874165948014,-0.9,7.5,-2.8006653785705566,-7.127418518066406
-4.37,15.25,422.4375,1965.0,0.741222010848596,0.0,-0.3,13.7,-3.317434787750244,-11.963600158691406
28.58,77.2,222.79688,1995.0,0.9510565162951535,0.0,4.51,37.0,-1.9490876197814941,0.8420639038085938
47.8008,11.0108,974.96875,1988.0,0.2386727660059501,1.2407783287926575e-05,-12.41,-88.2,-12.596258163452148,-93.1694107055664
4.377083333,18.56247222,359.875,2011.0,-0.9587178169872964,0.0,-5.311051288,-33.51146071,-4.424971103668213,-22.328468322753906
47.47051111,21.49041944,105.30859,2005.0,0.4171936026123168,0.0,-18.9,-148.1,-8.474437713623047,-58.64569854736328
12.05,8.53,464.20312,1972.0,0.2802306751992159,0.0,-2.27,-11.3,-1.6215577125549316,3.9072494506835938
47.8008,11.0108,974.96875,1981.0,0.29671281927349075,0.0,-8.79,-61.9,-9.795516967773438,-69.71085357666016
42.025,35.15833333,61.443359,2012.0,0.2802306751992159,0.0,-7.91,-50.15,-6.265507221221924,-39.55310821533203
46.60305556,13.67138889,2148.125,2002.0,-0.49377555015997737,2.277846579090692e-05,-17.86,-131.4,-12.724145889282227,-94.2405776977539
51.6,-1.1,55.042969,1982.0,0.29671281927349075,5.530276393983513e-05,-5.1,-44.0,-6.406830310821533,-40.87567901611328
37.97,23.72,100.17578,2019.0,0.2386727660059501,0.0,-8.34,-51.0,-6.087488651275635,-37.887123107910156
33.82931111,35.494275,18.576172,2002.0,-0.23867276600594997,0.0002736730675678,-4.18,-24.9,-3.7274537086486816,-15.800758361816406
34.95,32.83,1417.1875,1966.0,-0.9741004551724206,0.0,-5.69,-33.4,-3.836630344390869,-16.822486877441406
50.4972,9.9428,920.40625,2012.0,-0.6932812268869771,0.0,-6.3,-40.0,-6.866888523101807,-45.181129455566406
47.47051111,21.49041944,105.30859,2007.0,-0.655156357209085,1.944758514582645e-05,-6.23,-40.54,-7.693496227264404,-54.15530776977539
47.4828,11.0622,716.1875,2011.0,-0.9587178169872964,2.1513387764571235e-05,-10.68,-76.43,-8.602325439453125,-59.71686553955078
40.80638889,-104.7547222,1641.75,1995.0,0.26366549272800704,0.0,-8.9,-68.0,-13.67422103881836,-104.9926528930664
32.09194444,35.77694444,820.25,1990.0,0.9510565162951535,0.0,-4.65,-17.9,-4.596014499664307,-23.929176330566406
43.49111613,-3.800555816,50.095703,2010.0,-0.7236440382959123,0.0,-7.14,-38.46,-5.91765832901001,-36.297767639160156
-23.8,133.88,544.75,2011.0,-0.7236440382959123,0.0,0.26,17.5,-3.1015076637268066,-9.942848205566406
-34.38,-58.28,0.0,1997.0,0.9510565162951535,7.78853427618742e-05,-5.9,-30.8,-6.0110650062561035,-37.171913146972656
38.79273611,-9.105733333,36.355469,2002.0,-0.22192151300416674,0.0,-1.78,-3.2,-4.365530490875244,-21.772193908691406
53.7122,7.1519,8.8525391,2007.0,-0.9587178169872964,0.0,-6.28,-40.22,-6.579844951629639,-42.494834899902344
-34.05,115.0249,77.78125,2017.0,-0.9338372288229252,3.9280119381146505e-05,-2.63,-8.6,-2.9607911109924316,-8.625953674316406
18.483,-69.917,48.189453,2018.0,0.741222010848596,0.0,-0.67,6.5,-2.531363010406494,-4.607154846191406
24.91,91.84533333,16.452148,2018.0,0.29671281927349075,0.0003949085075873,-5.55,-31.5,-4.804663181304932,-25.881813049316406
0.966666667,-79.63333333,0.0,1993.0,0.2386727660059501,0.0001425764785381,-1.28,-0.3,-3.1403260231018066,-10.306129455566406
60.72,-135.07,695.0,1962.0,-0.9741004551724206,0.0,-18.9,-139.1,-20.054670333862305,-155.63986206054688
47.98,-55.82,119.36328,2004.0,-0.7116566222817751,0.0,-8.62,-56.4,-8.978315353393555,-62.86609649658203
52.8911,11.7294,21.530273,2013.0,0.29671281927349075,0.0,-5.62,-41.5,-6.952013969421387,-45.894126892089844
51.35,12.43,125.46484,2010.0,-0.2135209154397959,0.0,-4.86,-30.4,-6.551489353179932,-42.229469299316406
10.59,-85.62,95.164062,1990.0,-0.9587178169872964,7.076449401210994e-05,-4.93,-29.1,-7.32053804397583,-52.20231628417969
45.80666667,15.97,120.36328,1989.0,-0.9587178169872964,0.0,-6.38,-38.0,-6.924417972564697,-46.28533172607422
47.74305556,16.84333333,119.03125,2019.0,-0.7236440382959123,1.610237995919306e-05,-9.86,-65.2,-9.91317367553711,-70.69632720947266
32.36666667,-6.4,467.60938,2002.0,0.9398560579418954,0.0,-6.24,-28.45,-3.7662720680236816,-16.164039611816406
43.49111613,-3.800555816,50.095703,2005.0,0.741222010848596,0.0004929740098305,-2.6,-13.41,-5.217108249664307,-29.741676330566406
52.1042,8.7519,134.42188,1981.0,0.741222010848596,0.0,-7.55,-58.6,-6.908771514892578,-45.53193664550781
50.9,14.8,240.94531,2015.0,-0.2135209154397959,3.408731208764948e-05,-3.82,-27.3,-6.6362528800964355,-43.022727966308594
-26.81666667,-65.21666667,453.07812,2001.0,-0.9587178169872964,0.0,-5.3,-27.0,-3.4702820777893066,-13.394020080566406
40.41195035,-3.67806112,671.09375,2016.0,-0.7116566222817751,0.0,-9.6,-62.0,-8.722539901733398,-60.72376251220703
46.96666667,28.9,90.308594,2012.0,-0.23030567023061196,0.0,-4.11,-29.21,-6.781518459320068,-44.38219451904297
43.91281944,4.888775,30.959961,2015.0,0.29671281927349075,0.0,-3.03,-12.6,-4.710043430328369,-24.996315002441406
46.49143367,9.898180888,1767.6875,1998.0,-0.9587178169872964,0.0,-12.91,-93.3,-10.56795883178711,-76.18070220947266
47.81666667,13.71777778,1616.0625,2001.0,0.440518784350495,0.0001667360629653,-10.28,-67.1,-10.616556167602539,-76.5877456665039
-34.38,-58.28,0.0,1981.0,0.29671281927349075,0.0,-11.2,-85.0,-4.957510471343994,-27.312232971191406
64.13,-21.93,12.141602,1997.0,0.741222010848596,5.010787572246045e-05,-7.13,-53.2,-6.866888523101807,-45.181129455566406
55.75,37.57,130.52344,1978.0,-0.7236440382959123,4.969575456925668e-05,-10.4,-101.0,-14.212759017944336,-106.7089614868164
36.846389,-2.356942,16.541016,2017.0,0.9510565162951535,0.0003082767943851,-11.0,-81.6,-4.77676248550415,-25.620704650878906
47.81666667,13.71777778,1616.0625,2001.0,-0.9911140639934546,1.3745379874308128e-05,-12.99,-92.5,-10.179180145263672,-72.92435455322266
50.3119,11.8758,564.53125,1988.0,0.9721181966290613,0.0,-9.42,-68.6,-10.892793655395508,-78.9014663696289
-22.94805556,17.1525,1690.0,1969.0,0.9760105506323683,3.6394354538060725e-05,-2.39,-11.8,-3.919119358062744,-17.594459533691406
54.5275,9.5486,43.292969,1998.0,0.6994583270516471,0.0,-5.43,-32.8,-9.423364639282227,-66.59375762939453
53.23,6.55,7.7121582,1978.0,-0.2884824328806098,6.703513008687878e-06,-10.72,-76.3,-8.493619918823242,-58.806373596191406
32.81333333,130.7291667,25.359375,2019.0,0.2386727660059501,0.0,-5.21,-23.2,-5.2522873878479,-30.070899963378906
4.05,114.81,27.053711,2008.0,0.9275416835791966,0.0001170780014945,-9.99,-67.65,-6.866888523101807,-45.181129455566406
0.065481835,18.31282815,311.70312,2020.0,-0.9510565162951536,0.0,-6.438816958,-33.67087033,-3.4508728981018066,-13.212379455566406
-4.37,15.25,422.4375,1964.0,-0.7116566222817751,0.0004526436678133,-2.7,-13.0,-4.925970554351807,-27.017066955566406
-7.315277778,72.42805556,2.3126221,1969.0,-0.2135209154397959,0.0,-2.52,-8.6,-3.521231174468994,-13.870826721191406
47.07777778,15.44888889,370.03125,1981.0,0.9510565162951535,0.0,-10.12,-75.5,-11.135780334472656,-80.93668365478516
58.75,-94.06,16.645508,1990.0,0.9760105506323683,4.377268396638101e-06,-17.95,-133.4,-20.760610580444336,-161.55270385742188
-23.0,-47.13333333,635.21875,1998.0,0.8840675099433636,0.0003718198277056,-2.9,-11.56,-5.044851779937744,-28.129615783691406
13.55,144.83,113.0,1974.0,0.9510565162951535,1.4642907444795128e-05,-0.9,-8.1,-3.0044617652893066,-9.034645080566406
38.43055556,27.15111111,13.000488,2012.0,0.2386727660059501,2.2181680833455172e-05,-5.68,-29.63,-6.114782810211182,-38.142555236816406
0.065481835,18.31282815,311.70312,2021.0,0.9988797155850336,0.0001076231201295,-2.579631284,-2.995107907,-2.177145481109619,-1.2922134399414062
36.88,30.7,0.0,1987.0,-0.680773409477016,0.0,-6.54,-34.3,-3.6546692848205566,-15.119606018066406
-15.85,-47.93,1012.8125,1990.0,-0.9587178169872964,7.342957542277873e-05,-3.37,-9.5,-2.172293186187744,-1.2468032836914062
41.64083945,-4.754446679,735.625,2010.0,-0.2884824328806098,6.147089607111411e-06,-10.0,-67.67,-8.98598861694336,-62.93036651611328
54.5275,9.5486,43.292969,2004.0,-0.23030567023061196,8.376139703614172e-06,-6.605,-43.4,-6.4623284339904785,-41.395057678222656
49.7478,6.6581,259.26562,2004.0,0.2386727660059501,0.0,-10.2,-75.15,-9.596012115478516,-68.03983306884766
40.80638889,-104.7547222,1641.75,1997.0,-0.9796136916454901,0.0,-9.8,-63.0,-15.189821243286133,-114.8926773071289
-23.57,-46.63333333,780.84375,1990.0,0.6994583270516471,5.388587669585832e-05,-3.62,-13.6,-4.830137729644775,-26.120216369628906
39.95,32.88,920.125,1973.0,-0.680773409477016,0.0,-2.04,-17.7,-5.218321323394775,-29.753028869628906
49.5971,11.0055,285.1875,2015.0,-0.2135209154397959,0.0,-2.62,-23.55,-6.493565082550049,-41.68738555908203
53.23,6.55,7.7121582,1974.0,0.29671281927349075,5.404368494055234e-06,-6.36,-36.6,-6.824620246887207,-44.78556442260742
47.42692898,9.400776879,758.46875,2005.0,0.9760105506323683,0.0,-11.01,-76.23234953,-11.475961685180664,-83.7859878540039
32.65878,-16.92395,156.85938,2015.0,0.741222010848596,0.0,-1.07,3.7,-3.5915894508361816,-14.529273986816406
43.83758,10.35235,-1.0,2012.0,-0.9634705485641486,8.758832700550556e-05,-5.46,-36.3,-4.984198093414307,-27.561988830566406
17.03333333,54.11666667,14.982422,1988.0,-0.09453674981719933,0.0,-0.11,9.5,-1.0053162574768066,9.674339294433594
46.72738634,8.186782163,600.90625,2002.0,-0.680773409477016,0.00016607780708,-13.33,-98.58,-6.523891925811768,-41.97119903564453
-22.399288,-47.543743,626.78125,2020.0,-0.6932812268869771,0.0,-3.21,-11.7,-3.691061496734619,-15.460182189941406
30.67,104.02,504.75,1990.0,0.9760105506323683,1.7542597561259754e-05,-2.79,-8.0,-3.8390564918518066,-16.845191955566406
40.41666667,-7.55,1295.4375,1991.0,0.29671281927349075,0.0,-4.49,-28.3,-4.657881259918213,-24.508155822753906
49.93333333,36.28333333,149.28125,2016.0,-0.27195815753410524,0.0,-11.84,-83.8,-12.56556510925293,-92.9123306274414
3.416666667,12.66666667,675.46875,1994.0,-0.9829265519799822,0.0001143916233559,-6.59,-42.5,-5.230452060699463,-29.866554260253906
41.15305556,-96.49277778,352.0625,1992.0,0.6084768701151261,0.0,-11.5,-86.0,-10.483552932739258,-75.4737319946289
37.77,-25.65,137.14062,1990.0,0.9510565162951535,5.722658534068614e-05,-5.42,-34.9,-3.763845920562744,-16.141334533691406
-1.43,-48.48,4.737793,1975.0,-0.9741004551724206,0.0,-0.99,-0.1,-2.0485596656799316,-0.08884429931640625
46.60305556,13.67138889,2148.125,2018.0,-0.5667017562911184,1.9110464563709684e-05,-22.811,-171.47,-12.754838943481445,-94.4976577758789
33.43005278,43.29637778,50.814453,2022.0,-0.6084768701151264,1.9461447664070874e-05,-1.17,1.56,-4.307302951812744,-21.227272033691406
-29.89805556,-71.2425,14.506836,2009.0,0.29671281927349075,0.0,-8.88,-63.6,-6.363462924957275,-40.469825744628906
4.05,114.81,27.053711,2006.0,-0.5452404385406507,0.0008489701431244,-6.0,-38.93,-7.16618013381958,-49.451148986816406
4.05,114.81,27.053711,2010.0,-0.3697245428906732,0.0001225525193149,-12.893,-93.828,-6.866888523101807,-45.181129455566406
40.40725278,-3.686133333,653.5,2002.0,0.9911140639934547,0.0,-13.45,-99.2,-7.529986381530762,-50.735130310058594
64.13,-21.93,12.141602,2000.0,-0.7116566222817751,0.0,-10.06,-73.6,-9.479635238647461,-67.06507110595703
39.55339029,2.625298143,5.3820801,2013.0,-0.680773409477016,0.0,-3.73,-16.5,-3.817221164703369,-16.640846252441406
-8.77,-63.92,52.0,1975.0,0.2386727660059501,0.0002145916660083,-13.28,-96.6,-4.678503513336182,-24.701148986816406
52.2914,10.4464,80.6875,1982.0,-0.680773409477016,0.0,-7.03,-50.0,-6.866888523101807,-45.181129455566406
32.2361,-110.9439,753.21875,2010.0,-0.2884824328806098,0.0,-9.833227306,-68.32404884,-6.866888523101807,-45.181129455566406
60.18008889,24.83286111,14.698242,2008.0,-0.970063921851507,0.0,-10.47,-71.5,-10.314741134643555,-74.0597915649414
24.91,91.84533333,16.452148,2014.0,-0.2135209154397959,0.0004229074402246,-4.32,-26.3,-5.9334282875061035,-36.445350646972656
38.77,-27.19,280.32812,1999.0,0.9760105506323683,1.873837732091488e-06,-2.295,-8.3,-3.341696262359619,-12.190650939941406
-40.68,144.69,82.167969,1983.0,0.9760105506323683,3.3714350138325244e-05,-4.35,-24.1,-4.89321756362915,-26.710548400878906
36.83,10.23,0.0,1974.0,0.2386727660059501,5.815655185870128e-06,-3.55,-16.2,-5.434248447418213,-31.773780822753906
-65.07944444,-63.9775,286.6875,1967.0,-0.7236440382959123,9.96400120601282e-07,-7.88,-74.0,-9.189440727233887,-90.01165771484375
-2.6,-78.56666667,1992.375,1992.0,-0.27195815753410524,0.0,-4.63,-16.9,-4.7670578956604,-25.529884338378906
36.34064444,43.12988333,231.57812,2023.0,-0.3049212246562894,1.0254897460981738e-05,0.53,12.33,-3.385366916656494,-12.599342346191406
43.933,-60.007,2.6035156,2017.0,-0.970063921851507,0.000125451493659,-3.863,-19.7,-6.439280033111572,-41.179359436035156
-38.47,-62.16,195.67188,2021.0,-0.680773409477016,0.0,-1.72,-8.0,-5.157667636871338,-29.185401916503906
28.58,77.2,222.79688,2000.0,0.2802306751992159,0.0,-2.08,-19.85,-2.856466770172119,-7.649635314941406
4.365694444,18.58725,381.14062,2010.0,0.9760105506323683,0.0001121480236179,-0.596308021,11.92429882,-1.5827393531799316,4.270530700683594
38.93,100.43,1490.125,1988.0,0.6994583270516471,0.0,-19.54,-133.2,-17.195100784301758,-131.68856811523438
-16.49968333,-68.17015556,4086.25,1983.0,-0.680773409477016,0.0,-4.56,-17.4,-6.866888523101807,-45.181129455566406
-13.0,-38.52,39.933594,1973.0,0.2386727660059501,1.1839641956612468e-05,-0.57,3.2,-2.0679688453674316,-0.27048492431640625
49.0422,12.1019,370.21875,2002.0,0.6994583270516471,7.440782610501628e-06,-7.95,-63.4,-12.056571960449219,-88.64908599853516
-12.43,130.87,16.515625,2003.0,-0.7236440382959123,5.338856863090769e-05,-0.46,6.9,-3.458151340484619,-13.280494689941406
43.54983333,13.60116667,546.1875,2014.0,-0.7236440382959123,0.0,-5.39,-31.1,-6.88824987411499,-45.36004638671875
23.64,88.85,18.375977,2018.0,-0.2135209154397959,0.0001183580607175,-5.53,-38.3,-6.866888523101807,-45.181129455566406
54.5275,9.5486,43.292969,2011.0,0.6994583270516471,4.7403944336110726e-05,-5.76,-37.2,-9.66762924194336,-68.63968658447266
63.52,-116.0,238.64844,2000.0,-0.9634705485641486,0.0,-19.52,-152.2,-19.747739791870117,-153.06906127929688
38.28,21.79,113.0625,2019.0,0.9760105506323683,0.0,-6.04,-37.6,-4.993902683258057,-27.652809143066406
-53.0,-70.833333,32.589844,2013.0,0.9760105506323683,4.246388198225759e-05,-8.62,-63.3,-8.017801284790039,-61.601295471191406
52.2914,10.4464,80.6875,1994.0,-0.9741004551724206,2.3307038645725697e-05,-8.81,-63.2,-7.942458152770996,-56.15155792236328
-25.73,28.18,1326.75,1965.0,0.2386727660059501,0.0,-1.9,1.2,-3.603720188140869,-14.642799377441406
52.8,5.05,-4.4990234,2009.0,0.6994583270516471,1.3401368960330728e-05,-8.38,-57.6,-7.517484664916992,-51.114295959472656
52.98,158.65,0.0,1996.0,-0.970063921851507,5.948229954810813e-05,-14.7,-113.6,-12.192132949829102,-89.7845230102539
33.65694444,73.26611111,580.9375,2016.0,-0.970063921851507,0.0005328288534656,-0.38,6.0,-4.207830905914307,-20.296363830566406
46.37222222,6.470833333,387.75,1995.0,-0.2884824328806098,0.0,-13.09,-96.3,-12.115400314331055,-89.1418228149414
39.91055556,41.27555556,1890.5625,2014.0,0.741222010848596,4.325596091803163e-05,-4.98,-25.6,-6.409559726715088,-40.901222229003906
28.46344137,-16.2553441,36.554688,2004.0,0.9562348265919056,0.0,-2.43,-7.28,-2.832205295562744,-7.422584533691406
-53.0,-70.833333,32.589844,1998.0,-0.9587178169872964,8.893319318303838e-05,-10.26,-81.2,-8.840398788452148,-73.3373794555664
14.330962,-91.055468,297.67188,2019.0,0.2386727660059501,0.0,-0.66,-3.0,-1.733541488647461,2.0952072143554688
43.91281944,4.888775,30.959961,2012.0,-0.9634705485641486,3.509107409627177e-05,-5.249280576,-30.84140082,-4.950232028961182,-27.244117736816406
50.11622222,14.39291667,182.82031,2019.0,-0.680773409477016,0.0,-4.69,-32.8,-6.62609338760376,-42.927650451660156
38.00194982,-1.170837424,61.660156,2005.0,-0.9587178169872964,0.0,-4.48,-26.94,-4.397070407867432,-22.067359924316406
53.8713,8.7058,4.7202148,1991.0,0.9510565162951535,1.623361822566949e-05,-6.01,-42.1,-7.947046279907227,-54.77167510986328
38.79273611,-9.105733333,36.355469,2003.0,-0.680773409477016,0.0,-2.92,-16.1,-3.5964417457580566,-14.574684143066406
1.685556,33.616389,1096.9375,2015.0,0.741222010848596,6.0761140048271045e-05,-0.62,13.3,-2.3736634254455566,-3.1313247680664062
46.60305556,13.67138889,2148.125,2002.0,0.9760105506323683,0.0,-6.5,-65.0,-11.309707641601562,-82.39347076416016
44.42,8.85,5.4519043,1988.0,-0.6932812268869771,0.0,-2.0,-13.6,-3.8196473121643066,-16.663551330566406
80.0,-85.56,141.59375,1992.0,-0.23030567023061196,0.0,-19.85,-150.1,-22.25433921813965,-174.06393432617188
-36.62,-64.29,175.35938,2019.0,-0.680773409477016,0.0,-6.95,-39.4,-4.636045932769775,-24.303810119628906
50.3381,7.6,86.441406,2001.0,0.9760105506323683,2.2512020223075524e-05,-6.48,-51.4,-8.235286712646484,-56.642616271972656
-19.23,-66.95972,3702.875,2009.0,-0.2884824328806098,2.3117630917113274e-05,-13.18322321,-89.8,-9.199548721313477,-78.4614028930664
46.22030867,7.33848445,481.70312,2009.0,0.741222010848596,0.0,-12.01,-92.0,-8.20075798034668,-56.35340118408203
-25.73,28.18,1326.75,1965.0,-0.680773409477016,0.0,1.93,9.3,-3.0626893043518066,-9.579566955566406
36.34064444,43.12988333,231.57812,2024.0,0.5808002734538009,0.0001733844110276,-5.51,-21.56,-5.453657627105713,-31.955421447753906
22.32555556,-81.18527778,4.9055176,1983.0,-0.7236440382959123,0.0,-2.98,-10.5,-2.929251194000244,-8.330787658691406
47.81666667,13.71777778,1616.0625,2001.0,-0.5808002734538013,8.837656059768051e-05,-11.53,-83.6,-12.013090133666992,-88.2848892211914
45.80666667,15.97,120.36328,1980.0,0.9721181966290613,9.746610157890244e-05,-10.89,-79.2,-9.841556549072266,-70.09647369384766
46.98141401,6.607999655,1046.0625,2016.0,0.2386727660059501,5.712605343433097e-05,-12.9,-91.07,-12.754838943481445,-94.4976577758789
32.81333333,130.7291667,25.359375,2016.0,-0.7116566222817751,2.36878840951249e-05,-5.86,-26.7,-5.619848728179932,-33.510719299316406
36.62,127.46,80.589844,2016.0,0.6994583270516471,0.0,-5.84,-27.1,-5.6908135414123535,-34.174842834472656
19.72,-155.07,7.4401855,1968.0,-0.6932812268869771,0.0,-2.33,-4.5,-3.099081516265869,-9.920143127441406
41.05916667,-100.7463889,918.34375,1996.0,-0.9979171608653922,0.0,-6.8,-48.0,-9.416969299316406,-66.54019927978516
54.35333333,-6.648333333,61.966797,2014.0,0.6994583270516471,5.9030993725173175e-05,-9.54,-66.2,-7.480348587036133,-52.69969177246094
36.62,127.46,80.589844,2001.0,-0.680773409477016,0.0,-8.45,-58.8,-7.450960636138916,-53.514137268066406
-30.08,-51.18,244.72656,1976.0,0.9562348265919056,5.176197737455368e-05,-5.76,-32.0,-6.061407566070557,-37.643043518066406
19.31396667,-99.3094,2965.0,2012.0,-0.7295575540864876,2.560837128839921e-05,-10.79,-73.4,-8.449506759643555,-67.7604751586914
49.7478,6.6581,259.26562,2012.0,0.2386727660059501,0.0,-7.54,-52.06,-9.562761306762695,-67.7613296508789
50.92,5.78,111.17188,1984.0,-0.6932812268869771,0.0004638220998458,-6.57,-43.4,-7.232967376708984,-48.247344970703125
52.1042,8.7519,134.42188,2000.0,0.9721181966290613,1.205782336910488e-05,-8.27,-57.4,-8.461648941040039,-58.53858184814453
-18.91472222,47.55805556,1278.5,2019.0,0.2386727660059501,0.0003905911289621,-9.43,-62.6,-5.167372226715088,-29.276222229003906
10.88,-74.78,22.039062,1988.0,-0.7116566222817751,0.0,-5.54,-33.5,-5.036360263824463,-28.050148010253906
46.98141401,6.607999655,1046.0625,2000.0,0.2802306751992159,0.0,-5.98,-42.3384728,-9.575550079345703,-67.86844635009766
53.97,-101.1,265.25,1977.0,-0.9741004551724206,0.0,-14.7,-113.0,-17.957311630249023,-138.07272338867188
0.083333333,-76.86666667,295.01562,1995.0,-0.2884824328806098,0.0003058847796637,-3.97,-19.5,-3.5430665016174316,-14.075172424316406
54.5275,9.5486,43.292969,2005.0,0.2386727660059501,0.0,-6.455,-39.75,-9.874807357788086,-70.3749771118164
45.46666667,13.61666667,0.5645752,2002.0,-0.9922222094179324,4.9716431931301486e-06,-5.19,-16.11,-6.065653324127197,-37.682777404785156
51.93,-10.25,33.068359,1961.0,0.6994583270516471,3.2425905374111608e-06,-5.6,-31.6,-6.2876458168029785,-39.760292053222656
36.79444444,34.08333333,1385.8125,1990.0,-0.2135209154397959,0.0,-8.37,-61.0,-3.870596408843994,-17.140357971191406
51.93,-10.25,33.068359,1994.0,0.29671281927349075,1.0828757694980595e-06,-3.69,-23.2,-5.479132175445557,-32.193824768066406
41.13333333,-8.6,59.621094,1993.0,-0.9741004551724206,2.5426748834433965e-05,-6.12,-38.5,-4.85439920425415,-26.347267150878906
50.3381,7.6,86.441406,1992.0,-0.27195815753410524,1.291021271754289e-05,-9.99,-75.0,-9.790401458740234,-69.66800689697266
-26.61361111,118.5372222,517.78125,2007.0,-0.9741004551724206,0.0,2.44,15.6,-2.6259827613830566,-5.492652893066406
4.7,-74.13,2551.125,1999.0,-0.2884824328806098,0.0001398665481247,-5.635,-30.35,-7.809203624725342,-58.625221252441406
46.96666667,28.9,90.308594,2019.0,-0.7236440382959123,5.060441708337748e-06,-7.67,-46.7,-9.757150650024414,-69.3895034790039
-46.42,168.32,-0.90939331,1982.0,-0.7236440382959123,0.0,-5.7,-34.3,-6.866888523101807,-45.181129455566406
76.76666667,-18.66666667,0.0,2004.0,0.9562348265919056,3.392645339772571e-06,-21.88,-168.7,-21.466550827026367,-167.46554565429688
51.01666667,-114.0166667,1033.25,2001.0,-0.680773409477016,2.7270389182376675e-05,-14.3,-98.3,-15.261438369750977,-115.4925308227539
28.276976,84.30961,2101.5,2017.0,-0.4862727071086902,0.0,-13.24342888,-97.47079532,-9.919662475585938,-88.7353286743164
38.98916547,-3.920273851,626.8125,2017.0,0.6994583270516471,0.0,-7.55,-51.1,-6.293407917022705,-39.81421661376953
49.7703,9.9578,265.90625,1995.0,-0.9587178169872964,0.0,-8.32,-58.3,-6.95237922668457,-47.326759338378906
35.68,51.32,1161.1875,1965.0,0.2386727660059501,0.0,-11.2,-74.4,-6.182108402252197,-38.772621154785156
18.23388889,-65.885,70.4375,2007.0,0.9999907397361901,6.413008122763131e-06,-2.16,-6.4,-2.191702365875244,-1.4284439086914062
46.72738634,8.186782163,600.90625,2013.0,-0.9587178169872964,0.0,-7.59,-49.96,-8.019796371459961,-54.83769989013672
52.2914,10.4464,80.6875,2001.0,0.6994583270516471,3.607076359912753e-05,-7.01,-62.75,-9.729015350341797,-69.15384674072266
82.5,-62.33333333,62.875,1992.0,0.9562348265919056,6.298057996900752e-06,-35.23,-275.9,-31.298559188842773,-249.81686401367188
57.9343266,24.9803513,46.894531,2016.0,-0.9634705485641486,0.0,-8.08,-53.5,-9.278850555419922,-65.38333892822266
18.21,-67.14,17.163086,2014.0,-0.9587178169872964,3.79294651793316e-05,-2.28,-8.5,-3.4896912574768066,-13.575660705566406
-41.47,-72.93,43.574219,1989.0,-0.2884824328806098,0.0,-5.6,-32.0,-6.427149295806885,-41.065834045410156
50.92,5.78,111.17188,1989.0,0.29671281927349075,7.755691513011698e-06,-6.79,-42.2,-6.866888523101807,-45.181129455566406
38.98916547,-3.920273851,626.8125,2006.0,0.6994583270516471,9.092149412026627e-05,-10.08,-71.95,-6.737165451049805,-43.96711730957031
53.5483,13.1931,76.890625,1998.0,0.9510565162951535,0.0,-9.03,-64.2,-9.062721252441406,-63.57306671142578
38.43055556,27.15111111,13.000488,2008.0,-0.970063921851507,0.0,-2.31,-9.04,-4.465002536773682,-22.703102111816406
46.60305556,13.67138889,2148.125,1986.0,0.6994583270516471,6.938599835848436e-05,-17.62,-132.6,-11.762430191040039,-86.1854019165039
50.3381,7.6,86.441406,2001.0,-0.2884824328806098,1.171642270492157e-05,-15.12,-114.5,-9.86457633972168,-70.2892837524414
-27.43,153.08,5.7802734,2009.0,0.9760105506323683,0.0,-6.15,-35.6,-3.453299045562744,-13.235084533691406
40.8203002,0.493333172,52.294922,2003.0,0.9510565162951535,0.0,-5.81,-44.65,-5.377233982086182,-31.240211486816406
-5.8,-35.2,40.765625,1966.0,-0.680773409477016,0.0,-1.0,-0.1,-2.109213352203369,-0.6564712524414062
51.01666667,-114.0166667,1033.25,2000.0,-0.23030567023061196,0.0001876004535006,-16.7,-124.6,-17.548070907592773,-134.64498901367188
60.72,-135.07,695.0,1964.0,-0.23030567023061196,0.0,-17.6,-147.7,-22.203184127807617,-173.63546752929688
32.0,35.9,1014.0312,2002.0,0.2386727660059501,8.453504960925784e-06,-7.85,-36.9,-5.120062351226807,-28.833473205566406
13.73,100.5,5.7392578,1981.0,0.9760105506323683,0.0,-4.03,-22.8,-3.856039524078369,-17.004127502441406
6.99,125.24,1928.125,1998.0,-0.680773409477016,0.0,-8.16,-48.2,-7.968814373016357,-63.27973175048828
28.276976,84.30961,2101.5,2017.0,0.8165380514459161,0.0,3.627967936,38.87040737,0.48919057846069336,23.660667419433594
43.91281944,4.888775,30.959961,2020.0,0.2802306751992159,0.0,-2.1,-12.1,-4.830137729644775,-26.120216369628906
52.4672,13.4019,47.5625,2005.0,0.6994583270516471,0.0,-12.63,-105.55,-10.087100982666016,-72.15311431884766
41.91172742,2.763346411,139.71094,2005.0,-0.2135209154397959,0.000126162165543,-3.89,-21.43,-3.851187229156494,-16.958717346191406
11.25,75.78,7.1804199,2006.0,-0.2135209154397959,0.0001698733103694,-1.61,-2.53,-2.8977112770080566,-8.035621643066406
34.72,113.65,108.5625,1986.0,-0.9587178169872964,0.0,-10.72,-66.6,-7.063880920410156,-45.8224983215332
23.64,88.85,18.375977,2014.0,0.29671281927349075,0.0001198452300741,-3.88,-18.7,-4.202978610992432,-20.250953674316406
-46.88,37.87,0.0,1972.0,-0.6932812268869771,1.036047706293175e-05,-3.6,-24.7,-4.8446946144104,-26.256446838378906
58.15,-4.975,69.511719,2003.0,-0.2884824328806098,0.0001172719494206,-10.66,-74.25,-8.611276626586914,-59.791847229003906
53.23,6.55,7.7121582,2004.0,0.2802306751992159,2.5904705580614973e-06,-8.23,-57.68,-6.786294937133789,-44.42689514160156
-12.43,130.87,16.515625,1988.0,-0.9634705485641486,0.0,-2.3,-8.7,-1.7962403297424316,2.2724838256835938
41.02444444,40.52,10.936523,2015.0,0.9760105506323683,8.091878407867625e-05,-7.96,-50.7,-7.862833023071289,-53.461124420166016
31.99730278,34.81616111,44.347656,1966.0,0.6994583270516471,2.100543861160986e-05,-4.69,-25.3,-3.710470676422119,-15.641822814941406
51.93,-10.25,33.068359,1984.0,0.2386727660059501,4.917325350106694e-05,-7.85,-45.6,-6.3361687660217285,-40.214393615722656
-20.901,55.484,83.28125,2004.0,0.9562348265919056,1.366401556879282e-05,-0.6,3.7,-3.2810425758361816,-11.623023986816406
-35.15833333,147.4572222,211.74219,2014.0,0.2386727660059501,0.0,-5.81,-33.6,-4.171438694000244,-19.955787658691406
13.995364,-91.200961,12.702637,2021.0,0.29671281927349075,6.868717900943011e-05,-3.55,-16.4,-5.32708740234375,-33.061378479003906
48.28460556,18.47571111,227.71094,1991.0,-0.7236440382959123,0.0,-8.98,-57.23,-10.736770629882812,-77.59464263916016
38.98916547,-3.920273851,626.8125,2013.0,-0.9741004551724206,0.0,-4.52,-25.9,-6.12145471572876,-38.204994201660156
-0.37,-78.55,3064.0,2020.0,0.2386727660059501,0.0001065727847162,-10.14,-69.9,-7.2545084953308105,-56.154869079589844
39.28333333,-7.416666667,492.75,1991.0,-0.2884824328806098,4.611643817042932e-06,-9.48,-50.9,-6.0401787757873535,-37.444374084472656
36.98,35.3,22.958008,1994.0,0.9760105506323683,2.016266262216959e-05,-1.91,-8.8,-4.589949131011963,-23.872413635253906
39.03,141.81,81.234375,1983.0,-0.2884824328806098,4.768342023453442e-06,-7.82,-36.5,-6.866888523101807,-45.181129455566406
51.83,6.25,9.5,1988.0,-0.27195815753410524,0.0,-5.26,-36.3,-8.395147323608398,-57.98157501220703
47.42692898,9.400776879,758.46875,2020.0,0.7295575540864875,4.069772330694832e-05,-7.83,-52.06,-9.539741516113281,-67.56851959228516
28.63,-106.07,1444.25,1973.0,0.6994583270516471,0.0,-13.65,-96.1,-7.9699201583862305,-54.419944763183594
46.39864119,6.233803787,434.125,2023.0,-0.7236440382959123,0.0,-8.79,-62.46,-10.892793655395508,-78.9014663696289
36.15,-5.35,1.5737915,2003.0,0.6994583270516471,0.0,-3.24,-11.5,-4.570539951324463,-23.690773010253906
62.08,129.75,94.992188,1998.0,0.9760105506323683,0.0,-23.8,-187.0,-24.454008102416992,-192.48800659179688
28.63,-106.07,1444.25,1985.0,-0.9587178169872964,0.0001015100642689,-3.01,-18.8,-6.866888523101807,-45.181129455566406
-40.35,-9.88,37.345703,2010.0,-0.2135209154397959,0.000205308679142,-3.55,-15.9,-4.188421726226807,-20.114723205566406
46.95222563,7.439320571,542.53125,2006.0,-0.2884824328806098,0.0,-12.05,-86.65,-12.938997268676758,-96.0401382446289
12.13,15.03,294.5,1973.0,-0.9741004551724206,0.0,8.43,52.2,-1.9005646705627441,1.2961654663085938
-2.53,140.72,68.566406,1970.0,-0.2884824328806098,7.405447104247287e-05,-7.8,-54.4,-5.897036075592041,-36.104774475097656
13.73,100.5,5.7392578,2010.0,0.29671281927349075,0.0,-6.73,-42.1,-5.479132175445557,-32.193824768066406
64.69083611,-148.3625028,287.34375,2004.0,-0.5307300481619331,0.0,-16.19,-129.7,-16.847246170043945,-128.77499389648438
-7.315277778,72.42805556,2.3126221,1989.0,0.6994583270516471,3.73283946828451e-05,-4.07,-21.4,-4.132620334625244,-19.592506408691406
45.8,28.2,40.330078,2011.0,0.9510565162951535,0.0,-7.828900502,-51.21016502,-9.383718490600586,-66.2616958618164
47.81666667,13.71777778,1616.0625,2001.0,-0.5595892624101763,1.361513750453014e-05,-3.87,-26.8,-11.552694320678711,-84.4286880493164
16.73,-169.52,0.0,1976.0,0.7295575540864875,2.2270822228165343e-05,-0.36,3.0,-3.1791443824768066,-10.669410705566406
-20.901,55.484,83.28125,2018.0,0.6994583270516471,0.0001028805054374,-4.11,-23.9,-3.5770325660705566,-14.393043518066406
46.25,48.03,-22.556641,1989.0,0.6994583270516471,0.0,-10.8,-74.0,-13.199888229370117,-98.2253189086914
47.833185,1.940433,113.78516,2014.0,0.2386727660059501,3.998113243142143e-05,-7.3,-48.1,-8.1770601272583,-57.49201202392578
47.81666667,13.71777778,1616.0625,2022.0,0.1457991969198751,0.0003517390287015,-6.638,-38.46,-10.869773864746094,-78.70865631103516
49.38,-82.12,243.30469,1999.0,-0.680773409477016,0.0,-15.49,-114.6,-9.622970581054688,-72.88468170166016
49.0422,12.1019,370.21875,1989.0,0.6994583270516471,0.0,-9.89,-72.2,-12.867380142211914,-95.4402847290039
47.47051111,21.49041944,105.30859,2009.0,-0.23867276600594997,2.5937861209968105e-05,-16.52,-119.0,-7.404656410217285,-49.685386657714844
41.91172742,2.763346411,139.71094,2010.0,0.29671281927349075,0.0001086755364667,-4.6,-32.27,-4.663946628570557,-24.564918518066406
47.81666667,13.71777778,1616.0625,2018.0,-0.5877852522924734,1.6001406038412824e-05,-1.879,-21.34,-11.184377670288086,-81.3437271118164
-26.41388889,146.2558333,302.09375,2012.0,0.9721181966290613,0.0,7.1,35.3,-5.332350254058838,-30.820167541503906
50.3381,7.6,86.441406,2008.0,0.6994583270516471,2.780835893645417e-05,-10.2,-76.6,-9.3798828125,-66.22956085205078
4.05,114.81,27.053711,2008.0,0.42500033996955416,0.0,-10.55,-72.94,-6.957639694213867,-46.47588348388672
28.58,77.2,222.79688,1980.0,0.2386727660059501,0.0,-2.17,-12.2,-1.5584778785705566,4.497581481933594
51.93,-10.25,33.068359,2015.0,-0.7236440382959123,5.817669807584025e-05,-4.69,-27.3,-7.322985649108887,-48.79540252685547
37.97,23.72,100.17578,2001.0,-0.7236440382959123,3.91585381294135e-05,-7.25,-40.31,-5.405134677886963,-31.501319885253906
71.3,-156.78,0.0,1966.0,0.9760105506323683,1.6258976529570646e-06,-23.6,-188.4,-18.284704208374023,-140.81491088867188
47.07777778,15.44888889,370.03125,1999.0,0.9510565162951535,4.681354766944423e-05,-11.76,-83.1,-10.424724578857422,-74.98099517822266
0.73,32.53,1143.6875,2000.0,0.9721181966290613,0.0,-2.2,2.1,-2.3445496559143066,-2.8588638305664062
46.25,48.03,-22.556641,1998.0,0.29671281927349075,0.0,-3.6,-26.2,-6.866888523101807,-45.181129455566406
28.63,-106.07,1444.25,1976.0,-0.27195815753410524,0.0,-10.96,-78.2,-8.920209884643555,-74.4760513305664
7.789855,-76.650846,30.420898,2017.0,-0.9741004551724206,0.0012245349353179,-8.67,-59.9,-6.03835916519165,-37.427345275878906
47.6772,9.19,442.90625,2008.0,0.9562348265919056,5.256207077763975e-05,-9.39,-68.15,-10.839080810546875,-78.45157623291016
43.73238889,7.423583333,8.8959961,2018.0,-0.2884824328806098,0.0,-5.22,-28.4,-6.404404163360596,-40.85297393798828
-6.18,106.83,5.1230469,1979.0,0.741222010848596,7.652840395167004e-06,-5.99,-36.9,-5.557981967926025,-32.931739807128906
-15.6,-56.1,177.79688,1990.0,0.8406184056344782,0.0,-7.96,-49.7,-5.414839267730713,-31.592140197753906
-18.35361,-67.11556,3693.875,2009.0,0.9760105506323683,0.0,-16.58,-121.0,-11.358076095581055,-109.2573013305664
-2.77,-171.72,2.7612305,1965.0,0.2386727660059501,0.0,-1.1,3.3,-3.307730197906494,-11.872779846191406
48.8281,9.2,313.79688,2001.0,0.9510565162951535,0.0,-10.25,-77.3,-9.367094039916992,-66.12244415283203
-27.43,153.08,5.7802734,2014.0,-0.9587178169872964,0.0,-1.9,1.8,-1.9199738502502441,1.1145248413085938
36.83,10.23,0.0,2001.0,0.9510565162951535,0.0,-2.81,-23.9,-4.879873752593994,-26.585670471191406
12.98861111,80.25777778,12.481445,2003.0,-0.7236440382959123,0.0,-10.81,-75.9,-6.279154300689697,-39.680824279785156
44.0206,10.28423,552.5625,2010.0,0.9510565162951535,0.0,-6.18,-38.8,-6.356791019439697,-40.407386779785156
53.23,6.55,7.7121582,1973.0,0.2386727660059501,4.791637184098363e-05,-8.88,-62.8,-8.482110977172852,-58.70996856689453
10.00036389,-84.10913333,1157.3125,2013.0,-0.9984354211555643,0.0004083479871042,-9.982,-68.712,-7.4908833503723145,-56.888282775878906
28.31,-16.5,2339.5,2011.0,0.5380051715382996,0.0,-7.97,-44.84,-6.3361687660217285,-40.214393615722656
40.8203002,0.493333172,52.294922,2009.0,0.2386727660059501,0.0,-7.01,-43.57,-6.0868821144104,-37.881446838378906
30.87,34.79,468.625,1977.0,-0.3049212246562894,0.0,-7.45,-37.9,-4.130194187164307,-19.569801330566406
-31.95,115.97,20.375,2014.0,-0.9587178169872964,1.0162203579966445e-05,-2.82,-5.7,-3.0578370094299316,-9.534156799316406
36.846389,-2.356942,16.541016,2018.0,-0.7236440382959123,0.0,-6.43,-40.4,-5.482771396636963,-32.227882385253906
46.39864119,6.233803787,434.125,1996.0,0.9721181966290613,4.322827589930967e-05,-9.86,-72.0,-9.951539993286133,-71.0176773071289
22.31666667,114.1666667,34.056641,2013.0,0.29671281927349075,0.0,-9.05,-63.5,-6.542391300201416,-42.144325256347656
35.76472222,-106.3569444,2466.0,1990.0,-0.888057322629493,0.0,-7.67,-50.6,-6.866888523101807,-45.181129455566406
46.89,7.49,659.34375,2011.0,0.29671281927349075,0.0,-5.81,-39.0,-7.85418176651001,-53.450538635253906
36.00805556,-106.0647222,1709.9375,1993.0,-0.5452404385406507,2.081369166262448e-05,-7.35,-54.7,-7.670894622802734,-56.651954650878906
53.32,-60.42,46.541016,2010.0,0.6994583270516471,0.0,-14.79,-106.8,-17.496915817260742,-134.21652221679688
28.276976,84.30961,2101.5,2017.0,0.6680638642135335,0.0,0.443305108,10.71612795,0.46007680892944336,23.388206481933594
49.0975,19.59,572.9375,2002.0,0.741222010848596,0.0,-4.51,-28.4,-8.799272537231445,-61.36646270751953
37.05,29.65,1426.5,1987.0,0.2386727660059501,0.0001150216849055,-4.21,-21.5,-8.056243896484375,-55.142982482910156
37.77,-25.65,137.14062,2010.0,-0.9741004551724206,1.1361742508597672e-05,-4.2,-24.5,-3.642538547515869,-15.006080627441406
-2.6,-78.56666667,1992.375,1993.0,0.2386727660059501,0.0,-4.26,-13.2,-4.779188632965088,-25.643409729003906
41.91172742,2.763346411,139.71094,2013.0,0.741222010848596,0.0,-4.61,-24.1,-5.103079319000244,-28.674537658691406
4.7,-74.13,2551.125,2020.0,-0.9634705485641486,8.885067654773593e-05,-7.94,-51.1,-8.556063652038574,-70.8251953125
45.32,-75.67,112.08594,1996.0,0.9721181966290613,0.0,-10.4,-71.0,-10.867216110229492,-78.6872329711914
10.00036389,-84.10913333,1157.3125,2015.0,-0.9721181966290612,0.0001149370800703,-4.60656692,-23.113094,-8.465797424316406,-68.99027252197266
-3.12,-60.02,49.394531,1968.0,0.7295575540864875,0.0001385713694617,-5.62,-25.8,-5.885511875152588,-35.996925354003906
47.81666667,13.71777778,1616.0625,2003.0,0.9966589017541702,9.168813267024234e-05,-17.45,-124.1,-11.887760162353516,-87.23514556884766
46.37222222,6.470833333,387.75,1997.0,0.9760105506323683,4.591187826008536e-05,-9.29,-69.4,-9.53718376159668,-67.5470962524414
36.62,127.46,80.589844,2001.0,-0.9587178169872964,5.615585905616172e-05,-9.61,-70.0,-7.501504898071289,-54.97100830078125
38.03333333,114.4166667,86.800781,1990.0,-0.2135209154397959,0.0,-11.92,-95.1,-7.8663411140441895,-59.440406799316406
45.32,-75.67,112.08594,1984.0,-0.27195815753410524,4.176502625341527e-05,-15.9,-117.3,-10.833484649658203,-104.72187042236328
-0.166666667,-78.48333333,2781.625,2005.0,-0.9741004551724206,0.0,-9.46,-62.89,-8.410507202148438,-67.2040786743164
39.91055556,41.27555556,1890.5625,2022.0,-0.2884824328806098,0.0,-11.55,-77.3,-12.233057022094727,-90.1272964477539
46.095,14.597,283.89062,2005.0,-0.680773409477016,9.205168316839264e-05,-7.82,-52.04,-6.172403812408447,-38.681800842285156
9.040136111,76.62491944,0.0,2002.0,0.741222010848596,0.0001684422604739,-1.73,-4.78,-3.8050904273986816,-16.527320861816406
5.383333333,103.1,10.330566,2018.0,-0.9741004551724206,7.362981705227867e-05,-6.51,-36.8,-6.337119102478027,-42.401344299316406
-22.94805556,17.1525,1690.0,1968.0,0.2386727660059501,0.0,-4.85,-20.1,-3.686209201812744,-15.414772033691406
41.13333333,-8.6,59.621094,1999.0,-0.9587178169872964,0.0,-3.95,-21.8,-4.409201145172119,-22.180885314941406
26.27,50.62,2.3325195,1979.0,0.6994583270516471,0.0,-0.52,-8.7,-1.2721924781799316,7.176780700683594
50.06166667,19.84861111,356.8125,1996.0,0.2386727660059501,0.0,-17.01,-126.7,-12.268865585327148,-90.4272232055664
38.05011111,23.8675,438.375,2001.0,-0.38566340624360745,0.0,-11.49,-68.5,-5.016951084136963,-27.868507385253906
37.162,-8.485,6.5202637,2016.0,0.2386727660059501,0.0,-3.33,-14.0,-4.97085428237915,-27.437110900878906
4.036666667,9.734166667,39.230469,2011.0,-0.2135209154397959,0.0004086693516001,-0.62,1.21,-2.662374973297119,-5.833229064941406
52.2914,10.4464,80.6875,1990.0,-0.2135209154397959,5.972750841465313e-06,-5.48,-36.2,-6.36831521987915,-40.515235900878906
40.8203002,0.493333172,52.294922,2004.0,0.2802306751992159,0.0,-0.57,-6.93,-4.244223117828369,-20.636940002441406
-29.89805556,-71.2425,14.506836,2017.0,0.741222010848596,0.0,-5.38,-29.4,-6.3780198097229,-40.606056213378906
46.49143367,9.898180888,1767.6875,2011.0,0.2386727660059501,9.159011096926406e-05,-13.04,-96.0,-15.056818008422852,-113.7786636352539
4.05,114.81,27.053711,2009.0,0.7694148268839378,0.0,-4.91,-28.19,-6.242762088775635,-39.340248107910156
31.99730278,34.81616111,44.347656,1997.0,0.2386727660059501,2.6556044758763164e-06,-5.0,-25.8,-3.7226014137268066,-15.755348205566406
-65.07944444,-63.9775,286.6875,1975.0,-0.9741004551724206,4.448272563792824e-06,-7.45,-70.3,-7.630352020263672,-92.98199462890625
39.95,32.88,920.125,2022.0,-0.9741004551724206,0.0,-5.01,-27.6,-6.1808953285217285,-38.761268615722656
28.58,77.2,222.79688,1964.0,0.2802306751992159,0.0,3.6,26.1,-0.7335877418518066,12.217308044433594
52.4672,13.4019,47.5625,1978.0,0.9510565162951535,0.0,-9.18,-66.0,-10.112678527832031,-72.36734771728516
35.68,139.77,22.099609,1974.0,-0.2135209154397959,1.824363039304444e-06,-7.53,-52.5,-7.12967586517334,-48.930335998535156
45.32,-75.67,112.08594,1977.0,-0.9741004551724206,1.0926917639153544e-05,-13.65,-95.6,-12.325136184692383,-90.8985366821289
37.9,23.73,18.334961,1960.0,-0.7116566222817751,0.0,-5.0,-24.0,-5.372381687164307,-31.194801330566406
53.8713,8.7058,4.7202148,1993.0,-0.2135209154397959,0.0,-6.25,-43.7,-6.438370227813721,-41.17084503173828
40.7930564,-4.010553289,1892.5,2017.0,0.2386727660059501,2.5120012651314028e-05,-11.96,-82.1,-11.450384140014648,-83.5717544555664
24.9,67.13,23.870117,1961.0,-0.9587178169872964,0.0,-7.3,-57.6,-2.361532688140869,-3.0177993774414062
-35.15833333,147.4572222,211.74219,2012.0,-0.970063921851507,1.3874696378479712e-05,-6.45,-38.4,-3.516378879547119,-13.825416564941406
-33.97,18.6,41.798828,1966.0,0.2386727660059501,0.0,-0.9,3.4,-3.298025608062744,-11.781959533691406
46.095,14.597,283.89062,1985.0,0.9760105506323683,1.0059826308861377e-05,-9.03,-63.0,-10.616556167602539,-76.5877456665039
43.70555556,-72.28833333,168.71094,1999.0,0.8498170915275278,0.0,-11.4,-76.0,-10.099889755249023,-72.2602310180664
-0.37,-78.55,3064.0,2019.0,0.9510565162951535,0.0004217476234771,-11.67,-81.5,-10.117376327514648,-91.5561294555664
-27.43,153.08,5.7802734,1983.0,0.9760105506323683,0.0,-5.89,-35.2,-3.433889865875244,-13.053443908691406
2.883333333,101.7833306,55.289062,2015.0,0.9510565162951535,0.0,-2.92,-11.0,-5.1164231300354,-28.799415588378906
12.69325,-7.995494444,382.5625,1997.0,0.29671281927349075,5.541042992263101e-05,-3.32,-16.9,-4.319433689117432,-21.340797424316406
-3.12,-60.02,49.394531,1990.0,0.9760105506323683,6.408370973076671e-05,-5.92,-30.9,-6.549366474151611,-42.20960235595703
60.72,-135.07,695.0,1988.0,-0.23030567023061196,0.0001317620335612,-19.1,-150.0,-21.067541122436523,-164.12350463867188
51.35,12.43,125.46484,2001.0,0.741222010848596,1.5989575331332162e-05,-6.63,-47.0,-7.0483293533325195,-46.70084762573242
-54.78,-68.28,104.83984,2000.0,-0.9634705485641486,0.0,-10.8,-74.0,-8.569223403930664,-69.4684829711914
52.405,9.823,59.224609,2021.0,0.6994583270516471,0.0,-10.49,-76.0,-9.544857025146484,-67.61136627197266
-40.35,-9.88,37.345703,1998.0,-0.680773409477016,0.0,-2.89,-15.1,-4.280615329742432,-20.977516174316406
19.31396667,-99.3094,2965.0,2012.0,0.9911140639934547,0.0,-3.13,-14.9,-3.467442512512207,-15.550773620605469
-34.23583333,142.0866667,49.828125,2013.0,0.9760105506323683,0.0,-3.88,-26.4,-4.239370822906494,-20.591529846191406
49.7478,6.6581,259.26562,1994.0,-0.680773409477016,0.0,-5.2,-34.6,-6.2342705726623535,-39.260780334472656
43.78,87.62,900.71875,1987.0,-0.9587178169872964,0.0,-7.23,-44.9,-8.436071395874023,-58.32434844970703
46.22030867,7.33848445,481.70312,1997.0,-0.9741004551724206,0.0,-7.69,-59.6,-9.501375198364258,-67.2471694946289
-33.95833333,18.46111111,109.49609,1998.0,0.29671281927349075,0.000185404845979,-2.11,-5.0,-3.390219211578369,-12.644752502441406
47.47051111,21.49041944,105.30859,2004.0,0.705583610107178,0.0,-7.74,-47.86,-11.41969108581543,-83.3146743774414
31.2025,29.87666667,-7.1420898,2002.0,-0.0859647987374467,0.0,-3.71,-14.4,-3.2034058570861816,-10.896461486816406
52.1,5.18,1.7967529,2001.0,-0.8115390590073611,1.3208637938078027e-05,-8.26,-45.03,-6.0286545753479,-37.336524963378906
-0.92,-75.4,176.47656,2018.0,-0.7236440382959123,0.0001156994694611,-4.52,-27.3,-3.618277072906494,-14.779029846191406
-0.166666667,-78.48333333,2781.625,2012.0,-0.23030567023061196,0.0,-6.54,-42.87,-8.07221794128418,-62.377662658691406
-35.07,173.28,71.449219,1985.0,-0.680773409477016,0.0,-6.09,-32.0,-3.6061463356018066,-14.665504455566406
46.95222563,7.439320571,542.53125,2009.0,0.741222010848596,0.0,-4.89,-30.12820539,-8.39130973815918,-57.949440002441406
-38.73263889,-72.58922222,110.76172,1990.0,-0.2135209154397959,0.0003719748056028,-5.8,-50.0,-5.8460869789123535,-35.627967834472656
53.8713,8.7058,4.7202148,2005.0,0.9510565162951535,2.523334842408076e-05,-6.73,-46.15,-7.991827964782715,-55.10167694091797
32.97,35.5,816.46875,1979.0,0.9510565162951535,0.0,-6.77,-30.9,-4.654242038726807,-24.474098205566406
31.18333333,29.95,-4.0114746,1993.0,-0.2884824328806098,6.431533620343544e-06,-1.31,-0.05,-4.634832859039307,-24.292457580566406
10.5,-85.53,16.674805,1990.0,0.29671281927349075,6.104554631747305e-05,-7.06,-50.4,-6.904947280883789,-49.314674377441406
-7.315277778,72.42805556,2.3126221,1985.0,0.9760105506323683,9.23962943488732e-05,-3.49,-14.1,-3.8924317359924316,-17.344703674316406
35.230556,129.080278,54.740234,2019.0,-0.9587178169872964,0.0,-9.09,-60.1,-7.555622577667236,-55.61992645263672
-30.58,-64.58,730.9375,1987.0,0.6994583270516471,0.0,-4.1,-24.0,-6.359520435333252,-40.43292999267578
-33.95833333,18.46111111,109.49609,2001.0,-0.6680638642135333,0.0,-3.55,-8.0,-3.0190186500549316,-9.170875549316406
28.58,77.2,222.79688,1994.0,-0.2135209154397959,0.0,-4.86,-32.0,-5.094587802886963,-28.595069885253906
45.80666667,15.97,120.36328,2002.0,-0.9338372288229252,0.0,-4.8,-23.6,-6.672691345214844,-43.94080352783203
0.05,32.45,1135.4375,1966.0,-0.9741004551724206,5.720162153011188e-05,-3.61,-18.0,-3.6401124000549316,-14.983375549316406
41.02444444,40.52,10.936523,2017.0,0.29671281927349075,0.0,-5.77,-35.2,-5.570112705230713,-33.045265197753906
16.73,-169.52,0.0,1964.0,0.6994583270516471,3.3185112897626823e-06,-0.6,3.1,-3.1742920875549316,-10.624000549316406
47.12,9.49,459.84375,2020.0,0.7295575540864875,4.069772330694832e-05,-8.7,-60.57,-9.172704696655273,-64.49427032470703
2.916666667,11.15833333,573.625,1994.0,-0.9483615800121716,8.525698649464175e-05,-4.12,-28.2,-4.861677646636963,-26.415382385253906
46.49143367,9.898180888,1767.6875,2006.0,0.29671281927349075,5.139629138284363e-05,-6.33,-40.12695216,-11.706159591674805,-85.7140884399414
-46.42,168.32,-0.90939331,1980.0,0.7295575540864875,0.0,-7.17,-46.9,-6.866888523101807,-45.181129455566406
49.7703,9.9578,265.90625,1994.0,-0.680773409477016,0.0,-4.69,-30.6,-6.29613733291626,-39.839759826660156
38.05011111,23.8675,438.375,2003.0,0.8013610881746766,2.4704295356059447e-05,-9.15,-51.9,-5.830923557281494,-35.486061096191406
16.76666667,-3.016666667,261.375,2000.0,-0.9634705485641486,0.0,-0.96,-4.6,-2.8783020973205566,-7.853981018066406
48.24861111,16.35638889,200.63281,1971.0,-0.7236440382959123,5.1964041631435975e-05,-15.93,-109.7,-11.276456832885742,-82.1149673461914
38.28,21.79,113.0625,2007.0,0.6994583270516471,0.0,-7.13,-44.81,-5.525228977203369,-32.625221252441406
-65.07944444,-63.9775,286.6875,1992.0,-0.7116566222817751,9.278501912140049e-06,-6.77,-55.6,-7.981408596038818,-93.86444854736328
-2.53,140.72,68.566406,1975.0,-0.2135209154397959,8.465028804494068e-05,-2.42,-11.8,-5.870954990386963,-35.860694885253906
18.21,-67.14,17.163086,2013.0,-0.9741004551724206,3.227321940357797e-05,-2.61,-11.8,-3.496969699859619,-13.643775939941406
22.31666667,114.1666667,34.056641,1961.0,-0.2135209154397959,0.0001871027488959,-7.4,-45.2,-6.866888523101807,-45.181129455566406
47.81666667,13.71777778,1616.0625,2001.0,-0.8115390590073611,2.915226832556073e-05,-13.78,-101.8,-11.685697555541992,-85.5427017211914
46.60305556,13.67138889,2148.125,2017.0,-0.6420547132365636,0.0001210040281875,-4.795,-22.95,-11.440153121948242,-83.4860610961914
64.58,40.5,0.0,1983.0,0.9510565162951535,3.266984322181088e-06,-17.0,-141.0,-14.93916130065918,-112.7931900024414
31.62,-97.22,151.59375,1975.0,0.6994583270516471,0.0003430971701163,-7.12,-47.1,-4.536573886871338,-23.372901916503906
51.6,-1.1,55.042969,2012.0,-0.23030567023061196,0.0,-6.28,-46.1,-6.066259860992432,-37.688453674316406
47.42692898,9.400776879,758.46875,2008.0,0.2802306751992159,0.0,-7.54,-49.89336523,-8.832523345947266,-61.64496612548828
66.49686111,25.75518056,108.88672,2019.0,-0.7236440382959123,4.0098625504469965e-06,-18.2,-131.0,-15.077280044555664,-113.9500503540039
32.53,35.85,648.125,2000.0,-0.7116566222817751,9.187404793919995e-05,-7.32,-43.9,-4.181143283843994,-20.046607971191406
38.73,-27.22,557.78125,1999.0,0.9760105506323683,1.873837732091488e-06,-2.59,-5.9,-3.3295655250549316,-12.077125549316406
-33.97,18.6,41.798828,2010.0,-0.2884824328806098,0.0001368667144561,-3.420364771,-11.87518124,-3.4896912574768066,-13.575660705566406
51.01666667,-114.0166667,1033.25,1996.0,-0.6932812268869771,2.824450893967878e-05,-15.9,-122.0,-15.384210586547852,-116.5208511352539
9.28,123.15,1077.8125,1997.0,-0.9741004551724206,0.0,-7.2,-42.4,-6.866888523101807,-45.181129455566406
50.62,-96.98,216.5,1981.0,0.6994583270516471,0.0,-14.2,-109.0,-21.59955406188965,-168.57955932617188
47.4,28.49166667,94.726562,2014.0,0.6994583270516471,0.0,-10.29,-65.0,-12.187017440795898,-89.7416763305664
53.5483,13.1931,76.890625,2002.0,0.2386727660059501,7.533414463978261e-05,-9.83,-69.9,-9.5704345703125,-67.82559967041016
58.01,56.18,103.00391,1982.0,0.29671281927349075,0.0,-10.9,-70.0,-9.459173202514648,-66.89368438720703
-5.8,-35.2,40.765625,1982.0,-0.9741004551724206,0.0,-1.72,-3.2,-1.5584778785705566,4.497581481933594
48.24861111,16.35638889,200.63281,1992.0,-0.27195815753410524,0.0,-15.46,-116.1,-11.990070343017578,-88.09207916259766
9.49,138.09,7.6940918,1969.0,0.29671281927349075,0.0001312442618655,-6.33,-39.5,-5.6859612464904785,-34.129432678222656
40.18333333,41.48333333,2123.375,1991.0,-0.9741004551724206,0.0,-9.25,-51.0,-6.788424968719482,-44.285972595214844
64.13,-21.93,12.141602,1962.0,0.6994583270516471,2.420098462607712e-05,-7.9,-49.0,-8.040897369384766,-55.014442443847656
-34.05,115.0249,77.78125,2018.0,-0.9721181966290612,2.3647728539799573e-06,-3.69,-13.2,-2.9607911109924316,-8.625953674316406
47.47051111,21.49041944,105.30859,2008.0,0.8840675099433636,6.176295573823154e-05,-4.7,-25.78,-10.030830383300781,-71.68180084228516
49.1823,-119.559,334.40625,2008.0,-0.970063921851507,0.0,-5.17,-48.65,-11.907798767089844,-88.44019317626953
47.833185,1.940433,113.78516,2012.0,0.9721181966290613,0.0,-6.3,-42.4,-7.659152984619141,-51.81700897216797
35.27,-75.55,0.0,1965.0,-0.7236440382959123,0.0,-4.5,-24.2,-4.079245090484619,-19.092994689941406
41.93333333,45.48333333,0.0,2018.0,0.741222010848596,0.0001593090273672,-5.57,-35.3,-5.651388645172119,-33.805885314941406
-30.58,-64.58,730.9375,1985.0,-0.680773409477016,0.0,-6.3,-31.0,-5.6598801612854,-33.885353088378906
-34.05,115.0249,77.78125,2009.0,-0.3294084822245302,3.084531272179447e-05,-7.19,-40.1,-3.327139377593994,-12.054420471191406
51.6,-1.1,55.042969,2009.0,-0.9741004551724206,0.0,-5.0,-29.475,-6.875421524047852,-45.01404571533203
39.95,32.88,920.125,2003.0,0.9979171608653922,0.0,-4.52,-25.7,-8.154078483581543,-55.962425231933594
78.91666667,11.93333333,38.650391,2014.0,-0.9587178169872964,0.0,-11.54,-87.2,-10.253355026245117,-73.5456314086914
54.18,158.02,302.84375,1998.0,0.29671281927349075,1.703824455034919e-05,-12.23,-100.7,-15.573484420776367,-118.1061782836914
43.97455,10.27266,661.0,2017.0,0.9760105506323683,1.3607824257633185e-05,-2.37,-10.15,-6.477188587188721,-41.53412628173828
72.4,-78.0,469.17188,1991.0,-0.680773409477016,8.02009308245033e-05,-23.04,-168.7,-20.596914291381836,-160.18161010742188
43.49111613,-3.800555816,50.095703,2007.0,-0.7236440382959123,3.292569817858748e-05,-5.45,-24.97,-5.9121994972229,-36.246681213378906
-33.94638889,151.1730556,3.6643066,2013.0,-0.9587178169872964,0.0,-4.02,-10.5,-3.351400852203369,-12.281471252441406
47.833185,1.940433,113.78516,1997.0,0.6994583270516471,0.0,-0.43,-25.8,-8.49874496459961,-60.48426055908203
51.77,-104.2,553.34375,1981.0,-0.2135209154397959,0.0,-11.1,-85.0,-13.416611671447754,-100.2022705078125
-65.07944444,-63.9775,286.6875,2010.0,0.6994583270516471,1.0807940550758184e-08,-7.04,-53.6,-9.041740417480469,-76.2099380493164
-2.716666667,-78.33333333,755.28125,1992.0,-0.970063921851507,8.148506458383054e-05,-3.64,-19.3,-3.152456760406494,-10.419654846191406
-12.43,130.87,16.515625,1997.0,-0.9741004551724206,1.0291430044162553e-05,-0.52,5.0,-1.7768311500549316,2.4541244506835938
9.49,138.09,7.6940918,1976.0,0.6994583270516471,7.936482143122703e-05,-6.75,-33.5,-4.149603366851807,-19.751441955566406
44.42,8.85,5.4519043,1963.0,-0.9587178169872964,0.0,-4.9,-29.8,-4.6506028175354,-24.440040588378906
45.32,-75.67,112.08594,2016.0,0.7295575540864875,0.0001077067427104,-9.19,-62.8,-10.250797271728516,-73.52420806884766
-34.58,-58.48,21.585938,1962.0,0.9510565162951535,0.0,-5.0,-32.9,-5.644716739654541,-33.743446350097656
36.88,30.7,0.0,1980.0,0.2386727660059501,0.0,-5.18,-18.5,-5.403921604156494,-31.489967346191406
4.05,114.81,27.053711,2007.0,0.717676913675962,0.0,-12.28,-86.37,-6.112356662750244,-38.119850158691406
46.96666667,28.9,90.308594,2014.0,0.2386727660059501,0.0,-15.13,-110.2,-13.701208114624023,-102.4242935180664
37.77,-25.65,137.14062,2004.0,0.7295575540864875,7.622410521435086e-06,0.76,10.6,-3.414480686187744,-12.871803283691406
37.97,23.72,100.17578,2005.0,-0.2135209154397959,0.0,-7.65,-49.78,-3.2616333961486816,-11.441383361816406
49.0422,12.1019,370.21875,2006.0,0.29671281927349075,4.62409843748901e-05,-4.25,-28.15,-6.952733039855957,-45.900150299072266
23.05,-82.21666667,123.02734,2022.0,0.2386727660059501,0.0,1.94,16.8,-1.9005646705627441,1.2961654663085938
-6.18,106.83,5.1230469,1975.0,0.9760105506323683,4.364421693026088e-05,-5.53,-32.2,-5.76238489151001,-34.844642639160156
23.64,88.85,18.375977,2019.0,-0.7236440382959123,0.0,-8.81,-61.2,-6.747628211975098,-44.065032958984375
46.64833333,14.31833333,448.71875,1987.0,0.9510565162951535,0.0,-15.59,-118.1,-12.046340942382812,-88.56339263916016
-2.53,140.72,68.566406,1976.0,-0.970063921851507,3.799469413934276e-05,-2.92,-15.8,-5.185568332672119,-29.446510314941406
9.0,38.73,2329.125,2000.0,-0.7116566222817751,0.0,-0.47,13.35,-2.3494019508361816,-2.9042739868164062
10.30944444,-84.8075,1486.125,2004.0,-0.09453674981719933,3.736016515176743e-05,-11.0,-82.0,-6.422032356262207,-44.497047424316406
33.65694444,73.26611111,580.9375,2017.0,0.9510565162951535,0.0002360898070037,2.94,35.6,-2.6793580055236816,-5.992164611816406
7.17,2.07,154.96875,2017.0,-0.9741004551724206,0.0,-1.14,0.9,-4.130194187164307,-19.569801330566406
28.58,77.2,222.79688,1968.0,0.2802306751992159,0.0,1.56,18.7,-0.7093262672424316,12.444358825683594
31.2025,29.87666667,-7.1420898,2002.0,0.9999907397361901,0.0,-6.5,-35.45,-3.0675415992736816,-9.624977111816406
32.2361,-110.9439,753.21875,1985.0,-0.680773409477016,0.0,-1.990598291,-16.52991453,-4.948139190673828,-28.357521057128906
34.3,108.93,399.84375,1990.0,-0.2884824328806098,0.0,-8.51,-76.6,-6.390509605407715,-44.175331115722656
46.64833333,14.31833333,448.71875,1985.0,0.9760105506323683,2.0456373022170737e-05,-10.44,-73.7,-11.805912017822266,-86.54959869384766
47.07777778,15.44888889,370.03125,1986.0,-0.9741004551724206,0.0,-11.4,-85.3,-9.114566802978516,-64.47850799560547
-0.694444444,-90.325,182.40625,2003.0,-0.7236440382959123,4.395329142425908e-06,-2.03,-4.7,-2.036428928375244,0.02468109130859375
54.0967,13.4056,1.5458374,2007.0,-0.680773409477016,6.256514461711049e-05,-6.08,-41.1,-7.499529838562012,-51.606224060058594
47.07777778,15.44888889,370.03125,2001.0,0.9510565162951535,0.0,-10.58,-79.3,-10.450302124023438,-75.19522857666016
38.98916547,-3.920273851,626.8125,2015.0,-0.2884824328806098,0.0001109427539631,-2.36,-5.0,-7.391867637634277,-49.578269958496094
-22.71,-46.46583333,1095.0625,1997.0,-0.6870527672236675,0.0001568739680806,-6.69,-42.8,-3.511526584625244,-13.780006408691406
47.47051111,21.49041944,105.30859,2001.0,0.989932495087353,0.0,-7.78,-56.59,-9.526952743530273,-67.4614028930664
12.98861111,80.25777778,12.481445,2004.0,0.2386727660059501,0.0,-2.0,-2.0,-2.919546604156494,-8.239967346191406
54.0967,13.4056,1.5458374,2013.0,-0.7236440382959123,0.0,-11.75,-81.1,-9.202117919921875,-64.74063873291016
8.92,-79.6,11.163086,1979.0,-0.9741004551724206,0.0,-5.75,-36.5,-5.881872653961182,-35.962867736816406
-40.68,144.69,82.167969,1986.0,0.6994583270516471,2.266164119646419e-05,-2.35,-9.7,-4.697912693023682,-24.882789611816406
49.7478,6.6581,259.26562,2003.0,-0.2884824328806098,2.784034950309433e-05,-7.74,-55.3,-10.112678527832031,-72.36734771728516
36.38,28.1,62.691406,1965.0,0.2386727660059501,0.0002287158858962,-6.25,-33.6,-6.0789971351623535,-37.807655334472656
25.07,110.08,385.5,1986.0,0.6994583270516471,0.0,-1.51,4.4,-3.0869507789611816,-9.806617736816406
48.8281,9.2,313.79688,1986.0,0.2386727660059501,9.532159310765564e-06,-7.43,-53.8,-10.657480239868164,-76.9305191040039
10.30513889,-84.81,1395.625,2004.0,-0.9141279881853337,7.849436951801181e-05,-4.1,-19.0,-6.495408058166504,-43.909400939941406
1.685556,33.616389,1096.9375,2021.0,0.2386727660059501,0.0,1.0,20.1,-1.9223999977111816,1.0918197631835938
45.8,28.2,40.330078,2007.0,-0.7236440382959123,0.0,-11.77,-80.95,-8.794157028198242,-61.32361602783203
34.3,108.93,399.84375,1989.0,-0.2135209154397959,0.0,-12.08,-85.2,-6.670763969421387,-46.744667053222656
47.07777778,15.44888889,370.03125,1992.0,-0.7116566222817751,0.0,-13.86,-101.4,-11.135780334472656,-80.93668365478516
49.0975,19.59,572.9375,1993.0,0.741222010848596,1.638535650272388e-05,-5.13,-36.3,-9.466846466064453,-66.95795440673828
36.98,35.3,22.958008,2005.0,-0.9587178169872964,0.0,-0.52,-16.02,-3.6401124000549316,-14.983375549316406
47.59583333,7.594444444,248.26562,2007.0,-0.2135209154397959,0.0,-6.25,-44.4,-6.275818347930908,-39.64960479736328
68.78666667,-81.25,7.5170898,1990.0,-0.9587178169872964,0.0,-18.01,-140.6,-18.468862533569336,-142.35739135742188
22.31666667,114.1666667,34.056641,1965.0,0.741222010848596,0.0003352652129251,-3.8,-16.8,-6.274728298187256,-42.279335021972656
8.92,-79.6,11.163086,1990.0,0.9510565162951535,0.0,-2.66,-11.1,-3.3344178199768066,-12.122535705566406
50.06166667,19.84861111,356.8125,1996.0,-0.23030567023061196,1.6374695405829698e-05,-7.77,-55.5,-7.3788161277771,-49.46366882324219
47.4828,11.0622,716.1875,1994.0,0.29671281927349075,0.0002315890596946,-6.31,-43.2,-8.766021728515625,-61.08795928955078
41.64083945,-4.754446679,735.625,2017.0,0.9510565162951535,0.0,-6.11,-44.5,-8.406656265258789,-58.077980041503906
34.9,-120.45,72.417969,1963.0,0.29671281927349075,0.0,-0.4,-3.8,-4.787680149078369,-25.722877502441406
48.24861111,16.35638889,200.63281,1974.0,0.29671281927349075,3.019025371031603e-06,-7.02,-53.5,-8.110596656799316,-55.598228454589844
6.166666667,102.2833333,3.2288818,2017.0,0.9760105506323683,0.0,-10.28,-71.4,-4.742796421051025,-25.302833557128906
47.47051111,21.49041944,105.30859,2008.0,-0.39359027665646645,0.0,-7.03,-40.79,-10.823734283447266,-78.32303619384766
45.6,13.93333333,486.53125,2002.0,-0.7354170229639858,0.0001737005659379,-4.2,-17.89,-11.325054168701172,-82.52201080322266
45.8,28.2,40.330078,2009.0,-0.9741004551724206,7.253714284161106e-05,-6.96,-40.71,-8.876005172729492,-62.00916290283203
55.677,12.56,17.620117,2018.0,-0.9741004551724206,1.326250367128523e-05,-5.95,-34.8,-8.301068305969238,-57.950294494628906
35.68,139.77,22.099609,1978.0,-0.7236440382959123,0.0,-5.8,-26.8,-6.822118759155273,-44.762149810791016
-46.42,168.32,-0.90939331,2014.0,-0.680773409477016,0.0,-7.3,-41.7,-6.866888523101807,-45.181129455566406
50.3381,7.6,86.441406,1990.0,0.9760105506323683,0.0,-7.21,-50.3,-8.171342849731445,-56.107032775878906
43.78,87.62,900.71875,1996.0,-0.6932812268869771,0.0,-3.93,-25.3,-4.604506015777588,-24.008644104003906
50.3119,11.8758,564.53125,2007.0,0.2386727660059501,0.0,-7.54,-53.9,-11.450384140014648,-83.5717544555664
46.64833333,14.31833333,448.71875,1998.0,0.741222010848596,0.0,-10.6,-76.4,-8.480831146240234,-58.699256896972656
27.7,106.88,860.71875,1988.0,-0.6932812268869771,0.0,-13.36,-96.8,-8.316184997558594,-65.8583755493164
34.3,108.93,399.84375,1989.0,-0.9741004551724206,4.806090146303177e-06,-6.74,-48.2,-7.743903636932373,-57.693580627441406
49.0422,12.1019,370.21875,1995.0,0.6994583270516471,5.473996679938864e-06,-9.73,-78.9,-12.064245223999023,-88.7133560180664
50.9,14.8,240.94531,2015.0,0.6994583270516471,6.28123598289676e-05,-10.89,-84.8,-10.772579193115234,-77.89456939697266
41.64083945,-4.754446679,735.625,2013.0,0.2386727660059501,1.920376416819636e-05,-8.34,-54.5,-9.688091278076172,-68.81107330322266
40.7930564,-4.010553289,1892.5,2017.0,0.9760105506323683,0.0,-6.33,-34.4,-10.081985473632812,-72.11026763916016
46.095,14.597,283.89062,1983.0,-0.2884824328806098,1.1386143341951538e-05,-10.0,-71.7,-12.698568344116211,-94.0263442993164
62.89179444,27.62542222,94.585938,2017.0,0.6994583270516471,3.456072590779513e-05,-17.31,-129.7,-17.2616024017334,-132.24557495117188
47.6772,9.19,442.90625,2011.0,-0.9587178169872964,1.2345161849225406e-05,-4.8,-30.82,-7.627181053161621,-51.549217224121094
47.47051111,21.49041944,105.30859,2008.0,-0.23030567023061196,4.5448799937730655e-05,-7.9,-49.34,-6.642773151397705,-43.08374786376953
36.55530278,126.635925,59.384766,2018.0,0.741222010848596,0.0,-3.65,-14.3,-5.696878910064697,-34.231605529785156
-1.43,-48.48,4.737793,1979.0,0.741222010848596,4.200761395622976e-05,-2.39,-12.3,-3.3635315895080566,-12.394996643066406
35.53333056,106.7,1342.3125,2003.0,-0.7236440382959123,0.0,-7.7,-57.0,-6.964271545410156,-46.57050323486328
46.20239,7.84117,1546.1875,2016.0,-0.7116566222817751,2.6676234483602457e-05,-18.43,-135.1,-14.18718147277832,-106.4947280883789
39.25,9.066666667,4.7116699,2002.0,0.6994583270516471,0.0,-4.93,-26.87,-5.480345249176025,-32.205177307128906
-16.49888889,-68.12305556,3582.75,1998.0,-0.9741004551724206,0.0,-9.09,-58.1,-6.866888523101807,-45.181129455566406
-0.37,-78.55,3064.0,1984.0,0.9562348265919056,0.000190742968698,-7.69,-50.6,-10.478340148925781,-96.7060317993164
72.58,-38.4799,3202.0,2011.0,-0.3294084822245302,4.728421117761172e-06,-23.68112025,-174.7144324,-26.408132553100586,-208.85543823242188
27.7,106.88,860.71875,1990.0,0.29671281927349075,2.1176118025323376e-05,-6.95,-42.6,-4.164160251617432,-19.887672424316406
43.78,87.62,900.71875,1991.0,-0.7236440382959123,5.7846827985486016e-05,-12.61,-86.7,-13.977445602416992,-104.7380142211914
0.31524,9.44157,0.0,2016.0,0.9721181966290613,6.39917270746082e-05,-4.36,-20.8,-2.696341037750244,-6.151100158691406
-1.43,-48.48,4.737793,1972.0,-0.7116566222817751,4.850549430557294e-06,-0.94,2.0,-2.1650147438049316,-1.1786880493164062
7.334444444,80.62638889,475.8125,2018.0,-0.2135209154397959,0.0,-1.36,-0.3,-4.108358860015869,-19.365455627441406
6.98,125.26,2387.875,1998.0,0.741222010848596,0.0,-7.89,-52.6,-6.658088207244873,-43.227073669433594
37.77,-25.65,137.14062,2015.0,-0.7236440382959123,9.33087503653951e-05,-4.49,-20.3,-3.5479187965393066,-14.120582580566406
40.008,-105.2682583,1647.3125,2010.0,-0.680773409477016,2.3971651899046265e-05,-6.18,-48.08,-7.542108535766602,-54.814552307128906
-33.95833333,18.46111111,109.49609,1997.0,0.6994583270516471,2.586040181995486e-06,-0.43,-1.0,-3.322287082672119,-12.009010314941406
13.17,100.8,23.824219,1985.0,-0.7236440382959123,0.0,-5.14,-28.4,-5.691420078277588,-34.180519104003906
37.1644591,-5.611393166,86.394531,2012.0,0.9721181966290613,0.0003176033787894,-5.37,-30.1,-4.780401706695557,-25.654762268066406
39.95,32.88,920.125,2002.0,-0.0859647987374467,0.0,-8.69,-55.1,-7.731558322906494,-51.92847442626953
22.31666667,114.1666667,34.056641,2007.0,0.9510565162951535,0.0001613025378901,-1.91,-0.27,-3.7856812477111816,-16.345680236816406
38.05011111,23.866675,444.85938,2006.0,0.6994583270516471,0.0,-5.92,-33.98,-6.297653675079346,-39.85395050048828
-75.58333333,-20.56666667,105.53516,1979.0,-0.9587178169872964,1.770662813079845e-07,-26.22,-201.5,-21.15848731994629,-168.79635620117188
37.53,121.4,27.091797,1990.0,-0.2884824328806098,3.245260813855566e-05,-15.48,-98.9,-7.9271063804626465,-60.307350158691406
41.05916667,-100.7463889,918.34375,1997.0,-0.14579919691987442,0.0,-5.6,-30.0,-6.866888523101807,-45.181129455566406
47.8008,11.0108,974.96875,1982.0,-0.9587178169872964,0.0,-9.16,-62.8,-8.629180908203125,-59.941810607910156
-34.38,-58.28,0.0,1984.0,0.9562348265919056,0.0,-5.7,-46.8,-5.900675296783447,-36.138832092285156
44.13333333,6.333333333,881.625,2017.0,0.6994583270516471,0.0,-10.59,-76.7,-8.49106216430664,-58.784950256347656
62.89179444,27.62542222,94.585938,2010.0,-0.9587178169872964,0.0,-10.7,-74.0,-10.800714492797852,-78.1302261352539
35.13,-111.67,2151.0,1974.0,0.6994583270516471,8.811297789179662e-07,-12.45,-96.9,-8.702543258666992,-71.3705825805664
55.67,12.3,26.070312,1966.0,0.2386727660059501,0.0,-13.7,-105.2,-10.941390991210938,-79.30850982666016
-27.43,153.08,5.7802734,1996.0,0.2802306751992159,0.0,-4.0,-9.8,-2.4561524391174316,-3.9032974243164062
47.81666667,13.71777778,1616.0625,2001.0,-0.9175836260593934,0.0,-11.78,-83.1,-9.746919631958008,-69.3038101196289
34.91313571,33.40214238,333.67188,2019.0,-0.9741004551724206,0.0,-4.48,-13.6,-3.6546692848205566,-15.119606018066406
-23.0,-47.13333333,635.21875,1997.0,-0.8674563547295971,0.0,-0.84,1.15,-2.9656434059143066,-8.671363830566406
58.1,6.57,0.0,1963.0,0.9510565162951535,1.2038868590025231e-05,-7.2,-56.4,-7.6917643547058105,-52.09015655517578
4.05,114.81,27.053711,2010.0,0.6807734094770161,0.0002834429906215,-8.53,-55.51,-6.564378261566162,-42.35009002685547
-20.3625,57.48555556,565.40625,1995.0,0.9510565162951535,1.627178062335588e-05,-3.84,-18.5,-3.390219211578369,-12.644752502441406
6.417169444,2.329255556,12.735352,2017.0,0.29671281927349075,0.0001473750598961,-4.31,-23.8,-2.9947571754455566,-8.943824768066406
46.17378583,8.788556051,407.5,2004.0,0.9721181966290613,4.539246947388165e-05,-12.18,-89.83,-9.81597900390625,-69.88224029541016
47.81666667,13.71777778,1616.0625,2019.0,-0.3697245428906732,0.0002440786774968,-14.831,-106.62,-10.337760925292969,-74.25260162353516
-33.62,-78.83,0.0,1970.0,-0.7236440382959123,0.0,-0.98,-10.0,-4.278189182281494,-20.954811096191406
46.05,-74.28,363.76562,1981.0,-0.9587178169872964,0.0,-8.2,-52.0,-8.984708786010742,-62.919654846191406
0.05,32.45,1135.4375,2001.0,-0.9741004551724206,8.312067075166851e-05,-5.87,-32.15,-2.929251194000244,-8.330787658691406
12.13,15.03,294.5,1970.0,0.29671281927349075,0.0,2.48,17.4,-0.6122803688049316,13.352561950683594
44.73805556,-0.774722222,59.488281,2022.0,0.2386727660059501,0.0,-2.49,-8.1,-6.737165451049805,-43.96711730957031
40.41195035,-3.67806112,671.09375,2021.0,-0.7236440382959123,0.0,-7.22,-40.7,-8.755790710449219,-61.00226593017578
-23.8,133.88,544.75,1969.0,-0.7236440382959123,0.0,4.28,34.3,-2.2377991676330566,-1.8598403930664062
47.6772,9.19,442.90625,1986.0,-0.2884824328806098,2.210191451013088e-05,-10.8,-77.7,-12.437677383422852,-91.8411636352539
-23.0,-47.13333333,635.21875,1997.0,-0.594726686960764,0.0,-7.24,-41.44,-3.977346897125244,-18.139381408691406
43.91281944,4.888775,30.959961,2006.0,-0.7236440382959123,0.0,-6.11,-36.93,-6.352545261383057,-40.367652893066406
-14.67,17.7,1367.125,1970.0,0.9510565162951535,0.0,-1.33,1.5,-5.538572788238525,-32.750099182128906
-34.58,-58.48,21.585938,1964.0,0.9721181966290613,5.3102874517207965e-05,-6.3,-37.9,-5.644110202789307,-33.737770080566406
51.93,-10.25,33.068359,2020.0,-0.6932812268869771,4.472897489904426e-05,-6.51,-45.3,-5.327497959136963,-30.774757385253906
-0.13,-67.08,58.835938,1976.0,-0.6932812268869771,0.0002007632574532,-4.74,-28.8,-3.933676242828369,-17.730690002441406
3.783333333,103.3333333,8.0805664,2019.0,0.2386727660059501,0.0001426670787623,-2.56,-10.0,-6.797060966491699,-44.52764892578125
45.06767778,22.79993889,366.15625,2020.0,0.2386727660059501,2.843299444066361e-05,-8.27,-49.0,-12.110284805297852,-89.0989761352539
39.03,141.81,81.234375,2004.0,-0.6932812268869771,6.386400491464883e-05,-6.58,-40.0,-7.438716888427734,-53.339454650878906
50.7,5.47,141.75781,1967.0,-0.9741004551724206,0.0,-6.24,-46.2,-6.866888523101807,-45.181129455566406
13.07176111,-59.48972222,45.302734,1962.0,0.2386727660059501,1.747888745740056e-05,0.5,5.0,-1.4420228004455566,5.587425231933594
13.17,100.8,23.824219,1991.0,0.741222010848596,0.0001422528148395,-7.14,-44.6,-4.536573886871338,-23.372901916503906
-36.62,-64.29,175.35938,2015.0,0.9760105506323683,0.0,-7.93,-48.4,-6.0935540199279785,-37.943885803222656
-65.07944444,-63.9775,286.6875,1981.0,0.9760105506323683,9.32242427451355e-07,-10.82,-85.3,-8.86397933959961,-73.6738052368164
4.7,-74.13,2551.125,1977.0,0.9760105506323683,2.8542726795421917e-05,-5.78,-34.7,-1.881481647491455,-17.521888732910156
-13.0,28.65,1260.6875,1985.0,0.6994583270516471,0.0,-6.99,-43.2,-5.74297571182251,-34.663002014160156
4.7,-74.13,2551.125,2019.0,0.6994583270516471,0.0001428770192433,-5.15,-28.6,-10.267929077148438,-93.7040786743164
-40.35,-9.88,37.345703,1997.0,0.2386727660059501,3.0802352739556227e-06,-5.32,-31.9,-4.606932163238525,-24.031349182128906
51.35,12.43,125.46484,1999.0,0.9997685019798909,0.0,-10.3,-76.4,-8.726375579833984,-60.755897521972656
46.39864119,6.233803787,434.125,2013.0,0.6994583270516471,6.241379742277786e-05,-11.8,-86.58,-12.043783187866211,-88.5419692993164
-37.82,144.97,6.1674805,1976.0,-0.27195815753410524,4.1759343730518594e-05,-5.3,-29.4,-4.917479038238525,-26.937599182128906
-40.35,-9.88,37.345703,1974.0,-0.680773409477016,4.777998401550576e-05,-4.92,-22.3,-4.346121311187744,-21.590553283691406
35.68,51.32,1161.1875,1963.0,0.741222010848596,7.457490482920548e-06,-2.2,-6.9,-3.312582492828369,-11.918190002441406
10.00036389,-84.10913333,1157.3125,2016.0,0.5307300481619334,5.077687092125416e-05,-8.98614965,-60.5192292,-7.791971683502197,-58.379371643066406
25.7325,-80.16323611,3.5220947,2005.0,0.9951053111006976,0.0,-2.15,-11.3,-2.3105835914611816,-2.5409927368164062
39.48056611,-0.366386255,14.827637,2021.0,-0.9587178169872964,0.0,-5.49,-31.0,-4.507460117340088,-23.100440979003906
51.01666667,-114.0166667,1033.25,1992.0,-0.27195815753410524,0.0,-25.1,-192.6,-21.482297897338867,-192.94479370117188
38.00194982,-1.170837424,61.660156,2020.0,0.6994583270516471,5.1589563554443885e-06,-2.12,-11.3,-4.768270969390869,-25.541236877441406
46.72738634,8.186782163,600.90625,1984.0,-0.7116566222817751,4.065667963004671e-05,-13.25,-98.1,-13.20500373840332,-98.2681655883789
38.05011111,23.866675,444.85938,2008.0,-0.27195815753410524,0.0,-8.12,-44.93,-7.161350250244141,-47.647491455078125
4.05,114.81,27.053711,2009.0,-0.8958392907349089,0.0001082564485841,-5.07,-26.62,-8.06859016418457,-62.325904846191406
48.8281,9.2,313.79688,1997.0,0.9760105506323683,6.088927329983562e-05,-5.36,-43.6,-9.193166732788086,-64.66565704345703
57.4368,56.9593,120.01172,2017.0,-0.9587178169872964,4.371481918497011e-05,-12.38978236,-88.12939129,-11.24064826965332,-81.8150405883789
-27.43,153.08,5.7802734,1973.0,0.2386727660059501,3.896263660863042e-05,-3.05,-12.9,-3.7662720680236816,-16.164039611816406
43.365884,-8.421399,56.794922,2003.0,0.2386727660059501,5.6147014220186975e-06,-6.6,-44.39,-5.711435794830322,-34.367835998535156
-3.72,-38.55,19.124023,1984.0,-0.970063921851507,0.0,-0.7,6.0,-1.6361145973205566,3.7710189819335938
32.36666667,-6.4,467.60938,2002.0,-0.35367612217637207,0.0002100856509059,-5.75,-25.49,-4.962362766265869,-27.357643127441406
32.18,118.18,39.578125,1990.0,0.9510565162951535,2.9952465411042795e-05,-4.25,-16.6,-4.678503513336182,-24.701148986816406
-0.166666667,-78.48333333,2781.625,2019.0,-0.9587178169872964,0.0,-10.66,-74.3,-7.169581413269043,-49.499671936035156
48.24861111,16.35638889,200.63281,1982.0,-0.9741004551724206,0.0,-7.75,-64.0,-8.808053970336914,-62.41846466064453
38.77,-27.19,280.32812,1998.0,-0.9587178169872964,9.621020581107588e-06,-2.65,-12.8,-3.2810425758361816,-11.623023986816406
28.22,-177.37,0.0,1988.0,0.2386727660059501,0.0,-1.77,-0.5,-3.2713379859924316,-11.532203674316406
58.26388889,26.46138889,70.085938,2019.0,-0.9741004551724206,0.0,-10.68,-75.6,-10.214988708496094,-73.22428131103516
-45.35,-72.07,583.1875,1990.0,-0.680773409477016,0.0,-13.0,-99.0,-9.629440307617188,-84.5947036743164
45.6,13.93333333,486.53125,2002.0,-0.4787338401157883,3.736726284842007e-05,-17.5,-134.27,-8.340154647827148,-57.520973205566406
4.377083333,18.56247222,359.875,2011.0,0.6994583270516471,0.0,-0.109611986,14.50305792,-1.1994080543518066,7.857933044433594
64.13,-21.93,12.141602,2000.0,0.2386727660059501,0.0,-8.14,-50.6,-10.140813827514648,-72.6030044555664
49.5971,11.0055,285.1875,2012.0,0.6994583270516471,1.805089777917601e-05,-10.52,-76.08,-10.5526123046875,-76.05216217041016
51.93,-10.25,33.068359,1964.0,-0.7116566222817751,6.115210999269038e-05,-3.64,-21.7,-5.883692264556885,-35.979896545410156
41.7787,2.5047,614.3125,2012.0,-0.7116566222817751,0.0,-10.21,-72.29,-8.350385665893555,-57.606666564941406
0.05,32.45,1135.4375,1963.0,-0.9741004551724206,3.582167482818477e-05,-2.7,-11.8,-3.6401124000549316,-14.983375549316406
46.095,14.597,283.89062,1985.0,-0.7236440382959123,3.5231467336416245e-05,-10.29,-70.0,-10.859542846679688,-78.62296295166016
-0.8968,-89.609,13.19873,2022.0,0.741222010848596,1.5128614904824644e-05,-0.64,4.1,-3.404776096343994,-12.780982971191406
7.144722222,-73.125,834.75,2005.0,0.9510565162951535,2.7178757591173053e-05,-1.34,4.88,-4.326712131500244,-21.408912658691406
5.005255556,-74.138175,2765.0,1999.0,-0.2135209154397959,0.0,-8.74,-57.45,-8.011451721191406,-61.510719299316406
33.21722222,-87.54305556,64.535156,2007.0,-0.9999166586547379,0.0,-3.4,-20.4,-5.189207553863525,-29.480567932128906
28.50444444,-16.30333333,570.6875,2008.0,-0.8587639582758031,0.0,-2.35,2.0,-3.1403260231018066,-10.306129455566406
33.21722222,-87.54305556,64.535156,2008.0,0.9562348265919056,0.0,-3.6,-15.5,-3.3974976539611816,-12.712867736816406
22.31666667,114.1666667,34.056641,2003.0,-0.2135209154397959,0.0,-6.56,-43.7,-7.608768939971924,-55.765602111816406
46.60305556,13.67138889,2148.125,2002.0,-0.9307239310379793,4.315315163694322e-05,-10.19,-63.0,-8.481971740722656,-62.92713165283203
51.93,-10.25,33.068359,2018.0,-0.2135209154397959,5.854165465279948e-06,-2.7,-13.6,-5.561621189117432,-32.965797424316406
-20.9731,-66.33189,4333.0,2012.0,0.9562348265919056,0.0,-13.54,-88.7,-11.205709457397461,-107.0834732055664
47.47051111,21.49041944,105.30859,2003.0,0.5160623910158528,0.0,5.28,1.0,-8.21866226196289,-56.50336456298828
-0.166666667,-78.48333333,2781.625,2016.0,0.6994583270516471,7.98670735093765e-05,-5.4,-35.4,-11.115015029907227,-105.7895278930664
39.95,32.88,920.125,1998.0,0.2386727660059501,1.76518369698897e-05,-10.36,-74.5,-10.882562637329102,-78.8157730102539
0.05,32.45,1135.4375,2018.0,-0.680773409477016,2.1153417037567124e-05,-2.96,-7.3,-1.5342164039611816,4.724632263183594
35.13,-111.67,2151.0,1963.0,-0.9741004551724206,0.0,-7.3,-45.2,-7.844590187072754,-53.370201110839844
-33.62,-78.83,0.0,1991.0,-0.9741004551724206,9.270617738366129e-06,-3.1,-16.0,-4.176290988922119,-20.001197814941406
48.24861111,16.35638889,200.63281,1988.0,0.2386727660059501,0.0,-13.49,-103.1,-11.40434455871582,-83.1861343383789
41.64083945,-4.754446679,735.625,2012.0,0.9562348265919056,0.0,-5.98,-39.4,-8.410493850708008,-58.11011505126953
22.71666667,89.08333333,11.063965,2016.0,0.9562348265919056,0.0,-0.21,9.5,-2.002462863922119,0.34255218505859375
48.545,13.3528,478.40625,2001.0,0.9510565162951535,0.0,-11.58,-85.8,-10.734212875366211,-77.5732192993164
54.35333333,-6.648333333,61.966797,2014.0,-0.680773409477016,0.0,-10.29,-73.4,-6.087488651275635,-37.887123107910156
46.37222222,6.470833333,387.75,2015.0,-0.2135209154397959,9.650188439991324e-05,-5.54,-36.6,-6.2794575691223145,-39.68366241455078
-2.53,140.72,68.566406,1986.0,0.9760105506323683,0.0001013092623907,-4.79,-39.0,-5.913412570953369,-36.258033752441406
19.32622222,-99.17605556,2276.625,2012.0,-0.9829265519799822,0.0,-8.92,-69.1,-7.7239508628845215,-57.408912658691406
-3.12,-60.02,49.394531,1966.0,-0.9741004551724206,9.553745621815324e-05,-1.4,-1.7,-2.676931858062744,-5.969459533691406
40.41195035,-3.67806112,671.09375,2018.0,-0.2884824328806098,0.0001150084062828,-7.42,-48.9,-8.675220489501953,-60.327430725097656
-0.743055556,-90.30222222,1.7120972,2014.0,-0.3617137307297674,3.3886919936776394e-06,-0.40605325,1.800397522,-1.6603760719299316,3.5439682006835938
49.7703,9.9578,265.90625,1994.0,0.2386727660059501,2.4812155970721506e-05,-9.33,-67.3,-10.018041610717773,-71.5746841430664
47.12,9.49,459.84375,2015.0,-0.9741004551724206,0.0001072355298674,-13.88,-102.3,-9.494911193847656,-67.28302001953125
19.2,-96.13,0.0,1985.0,0.9760105506323683,0.0,-0.26,6.5,-1.6894898414611816,3.2715072631835938
-41.15,-71.33,951.28125,1997.0,0.6994583270516471,0.0,-12.2,-90.0,-8.65266227722168,-70.6589126586914
0.31524,9.44157,0.0,2017.0,0.741222010848596,2.719752956181765e-05,-2.0,-3.5,-2.560476779937744,-4.879615783691406
39.03,141.81,81.234375,1983.0,-0.9587178169872964,9.190499986289068e-05,-9.57,-62.7,-7.586095333099365,-55.442115783691406
48.24861111,16.35638889,200.63281,1970.0,0.2386727660059501,0.0,-18.14,-124.7,-11.933799743652344,-87.62076568603516
22.31666667,114.1666667,34.056641,2013.0,0.6994583270516471,4.255007297615521e-06,-0.58,4.1,-4.105932712554932,-19.342750549316406
35.13,-111.67,2151.0,1970.0,-0.9587178169872964,0.0,-8.69,-69.1,-8.646312713623047,-60.40470886230469
13.55,144.83,113.0,1966.0,-0.680773409477016,0.0001102671376429,-8.89,-56.7,-4.831350803375244,-26.131568908691406
46.60305556,13.67138889,2148.125,2002.0,0.39359027665646673,0.0,-11.85,-87.3,-8.662454605102539,-61.395973205566406
45.46666667,13.61666667,0.5645752,2000.0,-0.8498170915275277,9.104131095227784e-06,-3.11,-18.41,-6.163912296295166,-38.602333068847656
6.906666667,79.87,14.911133,1992.0,-0.7116566222817751,0.0,-3.2,-15.0,-6.866888523101807,-45.181129455566406
39.95,32.88,920.125,2005.0,-0.7236440382959123,0.0,-14.96,-105.55,-8.778810501098633,-61.19507598876953
9.966666667,-84.83333333,0.0,1993.0,-0.7236440382959123,3.876332630170509e-05,-6.67,-41.5,-5.469427585601807,-32.103004455566406
-65.07944444,-63.9775,286.6875,2019.0,-0.680773409477016,7.720549614599536e-06,-10.15,-83.9,-9.326520919799805,-80.2729263305664
52.8911,11.7294,21.530273,2009.0,0.741222010848596,0.0,-4.4,-30.4,-6.866888523101807,-45.181129455566406
47.81666667,13.71777778,1616.0625,2022.0,0.6220467484408675,2.378983663220424e-05,-10.914,-71.86,-8.60360336303711,-59.727577209472656
49.0392,8.365,112.44141,2012.0,-0.9634705485641486,6.123073399066925e-05,-5.11,-32.04,-6.909783363342285,-47.14403533935547
39.95,32.88,920.125,1981.0,0.9760105506323683,3.0916573450667784e-05,-6.87,-42.9,-8.305625915527344,-57.23175811767578
46.17378583,8.788556051,407.5,2018.0,0.29671281927349075,0.0,-4.06,-26.8,-7.239041805267334,-48.29822540283203
50.12,-104.42,580.5,2004.0,0.7295575540864875,0.0,-14.47,-110.2,-15.619524002075195,-118.4917984008789
-13.0,28.65,1260.6875,2009.0,0.2386727660059501,0.0001195120057673,-5.31,-27.91,-4.87380838394165,-26.528907775878906
-19.87086111,-43.96733333,844.875,2011.0,-0.9741004551724206,3.97941330447793e-05,-4.03,-20.6,-3.021444797515869,-9.193580627441406
4.05,114.81,27.053711,2007.0,0.8214765533024142,0.0,-3.37,-32.94,-6.226992130279541,-39.192665100097656
40.41666667,-7.55,1295.4375,2001.0,-0.9587178169872964,1.3234238394943532e-05,-7.65,-46.4,-6.045637607574463,-37.495460510253906
45.32,-75.67,112.08594,2011.0,-0.2135209154397959,7.82860879553482e-05,-7.79776004,-53.30511887,-7.435825824737549,-52.85039520263672
44.95,5.78,906.125,1998.0,-0.9587178169872964,0.0,-4.875,-32.4,-7.061768054962158,-47.96149444580078
41.8,-6.733333333,678.8125,1990.0,0.2386727660059501,0.0002313025761395,-10.03,-71.1,-6.841404914855957,-44.90227127075195
46.60305556,13.67138889,2148.125,2018.0,0.9510565162951535,0.000266319635557,-13.252,-99.38,-10.208602905273438,-75.6646499633789
24.83736944,-80.80080278,0.0,2001.0,-0.455906693508459,0.0001021207062876,-2.63,-6.2,-2.778830051422119,-6.923072814941406
-11.40438889,-76.32505556,4444.0,2007.0,-0.7236440382959123,0.0,-15.11,-107.19,-8.827701568603516,-73.1562271118164
50.7311,13.7514,876.875,2009.0,-0.7236440382959123,9.3791531980969e-06,-12.93,-78.3,-10.741886138916016,-77.63748931884766
41.66056063,-1.004162565,244.98438,2002.0,-0.2135209154397959,0.0,-5.97,-41.13,-4.069540500640869,-19.002174377441406
60.18008889,24.83286111,14.698242,2013.0,-0.2884824328806098,1.0257122085022274e-05,-10.07,-69.7,-13.169195175170898,-97.9682388305664
25.51900833,-80.491375,5.5644531,1998.0,-0.6994583270516471,0.0,-2.96,-11.4,-2.866171360015869,-7.740455627441406
-34.90416667,-56.16666667,34.734375,2012.0,-0.23030567023061196,0.0,-4.38,-21.08,-3.802664279937744,-16.504615783691406
60.18008889,24.83286111,14.698242,2019.0,-0.2135209154397959,3.946729702875018e-05,-12.78,-93.3,-8.290279388427734,-57.10321807861328
0.083333333,-76.86666667,295.01562,1996.0,0.6994583270516471,0.0006949890521354,-6.02,-37.7,-7.397450923919678,-52.750709533691406
-38.006017,-57.5714306,22.926758,2009.0,-0.9741004551724206,0.0,-2.48,-6.0,-4.018591403961182,-18.525367736816406
-36.8,-59.83,137.54688,2002.0,-0.680773409477016,0.0,-2.4,-6.0,-3.957937717437744,-17.957740783691406
41.13333333,-8.6,59.621094,1991.0,-0.680773409477016,0.0,-3.97,-23.8,-3.666800022125244,-15.233131408691406
47.59583333,7.594444444,248.26562,1991.0,-0.9587178169872964,0.0,-8.43,-56.6,-6.987302303314209,-47.4767951965332
76.76666667,-18.66666667,0.0,1997.0,-0.7236440382959123,0.0,-26.43,-202.9,-18.50978660583496,-142.70016479492188
1.685556,33.616389,1096.9375,2021.0,0.6994583270516471,6.414766176021658e-06,2.96,26.4,-2.1067872047424316,-0.6337661743164062
47.8008,11.0108,974.96875,1990.0,0.6994583270516471,0.000155680172611,-12.24,-85.9,-12.836687088012695,-95.1832046508789
52.1,5.18,1.7967529,1987.0,0.9760105506323683,6.95497146807611e-05,-7.9,-54.0,-7.6203813552856445,-53.05509948730469
38.05011111,23.866675,444.85938,2010.0,-0.2135209154397959,0.0,-6.477291041,-39.91986735,-4.120489597320557,-19.478981018066406
34.71666667,10.68333333,23.232422,2004.0,-0.9634705485641486,0.0,-2.65,-7.55,-3.6012940406799316,-14.620094299316406
47.833185,1.940433,113.78516,2000.0,-0.970063921851507,0.0,-8.6,-56.1,-6.381485462188721,-40.731422424316406
51.116535,17.029468,118.94141,2007.0,0.7469720876965552,0.0,-11.72100343,-88.1513436,-7.261102676391602,-48.483001708984375
40.65,-4.7,1071.375,2002.0,-0.9741004551724206,0.0001200564729515,-7.37,-48.0,-8.11890983581543,-55.66785430908203
39.03,141.81,81.234375,1985.0,0.9760105506323683,1.1707304111041594e-05,-6.22,-41.7,-6.8690972328186035,-45.212642669677734
4.7,-74.13,2551.125,1989.0,0.9510565162951535,0.0,-6.19,-37.0,-1.5225892066955566,-15.530738830566406
51.83,6.25,9.5,1983.0,0.9510565162951535,0.0,-6.02,-42.4,-7.737295150756836,-53.139060974121094
22.79777778,88.37166667,9.2573242,2004.0,-0.23030567023061196,0.0001391212863381,-9.0,-67.9,-6.325857639312744,-40.117897033691406
50.3381,7.6,86.441406,1999.0,0.9510565162951535,0.0,-8.63,-65.75,-8.369569778442383,-57.76734161376953
52.8,5.05,-4.4990234,1990.0,0.29671281927349075,0.0002853151527233,-5.98,-39.5,-6.852757930755615,-45.04888916015625
51.3,3.75,9.4589844,1989.0,-0.680773409477016,0.0001001652490231,-5.51,-32.0,-6.529957294464111,-42.02796173095703
36.88,30.7,0.0,1966.0,-0.9741004551724206,0.0,-3.41,-27.1,-4.477133274078369,-22.816627502441406
-75.58333333,-20.56666667,105.53516,2001.0,0.6994583270516471,0.0,-17.53,-138.5,-19.02580451965332,-153.07589721679688
-23.8,133.88,544.75,1976.0,0.6994583270516471,0.0001947963610291,-12.31,-87.2,-4.810728549957275,-25.938575744628906
46.095,14.597,283.89062,2005.0,0.741222010848596,0.0,-6.86,-46.88,-7.303625106811523,-48.83916473388672
-16.49888889,-68.12305556,3582.75,2004.0,0.9562348265919056,0.0,-17.87,-131.9,-11.543092727661133,-111.8969497680664
13.07176111,-59.48972222,45.302734,1978.0,0.741222010848596,0.0,-1.54,1.4,-1.0878052711486816,8.902366638183594
38.93,100.43,1490.125,2003.0,0.29671281927349075,6.957593723200262e-05,-0.6,-24.0,-5.5626959800720215,-33.36817169189453
44.42,8.85,5.4519043,1979.0,0.29671281927349075,0.0,-2.98,-19.5,-4.759779453277588,-25.461769104003906
52.1042,8.7519,134.42188,1994.0,0.741222010848596,0.0,-7.27,-53.0,-6.866888523101807,-45.181129455566406
42.025,35.15833333,61.443359,2009.0,0.6994583270516471,3.220535654691048e-05,-8.91,-60.09,-9.429758071899414,-66.6473159790039
49.04,37.577,66.21875,2020.0,0.9721181966290613,0.0001047507175826,-9.76,-66.2,-9.42208480834961,-66.58304595947266
48.18427778,16.389575,201.11719,2001.0,0.5160623910158528,0.0,-8.66,-70.7,-8.044734954833984,-55.04657745361328
-0.166666667,-78.48333333,2781.625,2011.0,-0.2884824328806098,2.0809651687159203e-05,-9.070796263,-60.03095354,-8.023242950439453,-61.678932189941406
46.095,14.597,283.89062,1988.0,0.9721181966290613,0.0,-7.23,-45.0,-10.47076416015625,-75.36661529541016
-16.49888889,-68.12305556,3582.75,1996.0,0.6994583270516471,4.145737329963595e-05,-16.52,-122.6,-11.365331649780273,-109.3608169555664
54.5283,11.0603,1.9006348,2013.0,-0.2135209154397959,6.461738666985184e-05,-5.22,-36.6,-6.535416126251221,-42.07904815673828
38.05011111,23.8675,438.375,2008.0,0.9988797155850336,0.0,-5.69,-41.61,-5.839415073394775,-35.565528869628906
11.17694444,-4.304111111,435.625,2012.0,-0.970063921851507,0.0,-0.42,4.37,-3.191275119781494,-10.782936096191406
-34.05,115.0249,77.78125,2006.0,-0.8717063187093217,8.296345913549885e-05,-1.56,0.3,-2.972921848297119,-8.739479064941406
41.8,-6.733333333,678.8125,1990.0,-0.680773409477016,1.330948816757882e-05,-4.16,-30.7,-4.725813388824463,-25.143898010253906
9.966666667,-85.66666667,13.122559,1991.0,-0.680773409477016,9.586590022081508e-05,-5.58,-36.9,-6.300686359405518,-39.88233184814453
46.095,14.597,283.89062,1993.0,-0.2135209154397959,0.0,-5.8,-37.7,-6.561193943023682,-42.320289611816406
33.27722222,44.38765833,39.535156,2019.0,0.7469720876965552,0.0,-5.3,-22.84,-0.49582529067993164,14.442405700683594
-34.35,-56.71,37.4375,2004.0,0.7295575540864875,0.0,-5.67,-31.09,-6.021982669830322,-37.274085998535156
48.75,-91.62,405.375,1979.0,-0.9741004551724206,0.0,-12.6,-90.0,-15.00566291809082,-113.3501968383789
48.24861111,16.35638889,200.63281,2007.0,0.6994583270516471,0.0,-13.8,-106.2,-11.069278717041016,-80.37967681884766
13.52,2.09,210.4375,2011.0,0.29671281927349075,0.0,-1.708864529,-1.026597588,-2.6745057106018066,-5.946754455566406
-34.05,115.0249,77.78125,2006.0,0.5307300481619334,0.0,-4.13,-17.3,-3.9021363258361816,-17.435523986816406
-33.95833333,18.46111111,109.49609,2001.0,-0.14579919691987442,0.0,-1.94,-4.0,-3.433889865875244,-13.053443908691406
58.26388889,26.46138889,70.085938,2022.0,0.9510565162951535,1.602039992576465e-05,-13.11,-106.9,-11.588502883911133,-84.7286148071289
46.06666667,14.51666667,298.53125,2002.0,-0.661634618242279,6.066806963644922e-05,-4.44,-18.05,-6.866888523101807,-45.181129455566406
53.23,6.55,7.7121582,1978.0,0.9760105506323683,0.0,-8.04,-49.2,-7.638218879699707,-52.475181579589844
-34.05,115.0249,77.78125,2005.0,-0.33752289959411347,0.0,-4.08,-20.4,-3.307730197906494,-11.872779846191406
14.97219444,-87.97477778,926.03125,2010.0,0.9510565162951535,0.0004588630399666,-4.783725985,-22.21958977,-2.0242981910705566,0.13820648193359375
9.583055556,41.86666667,1230.6875,2003.0,-0.680773409477016,0.0,-2.85,-10.6,-2.215963840484619,-1.6554946899414062
48.24861111,16.35638889,200.63281,1986.0,0.9760105506323683,0.0,-10.96,-84.5,-10.342876434326172,-74.29544830322266
4.036666667,9.734166667,39.230469,2018.0,0.9510565162951535,3.3386862924089655e-05,-0.79,-0.2,-2.5434937477111816,-4.720680236816406
48.75,-91.62,405.375,1976.0,0.6994583270516471,0.0,-22.1,-167.0,-20.06490135192871,-155.72555541992188
4.978761111,-73.96563056,2551.5,1999.0,0.29671281927349075,0.0,-13.88,-100.75,-9.121551513671875,-77.3486099243164
45.8,28.2,40.330078,2015.0,-0.2135209154397959,0.0,-5.46,-38.3,-6.509335041046143,-41.83496856689453
22.31666667,114.1666667,34.056641,2017.0,-0.680773409477016,0.0,-6.87,-47.7,-8.0413818359375,-61.937721252441406
39.03,141.81,81.234375,1981.0,-0.2135209154397959,0.0001888873666757,-6.95,-48.9,-7.535759925842285,-54.723976135253906
49.7703,9.9578,265.90625,2011.0,-0.9741004551724206,1.3879914149583785e-05,-6.68,-42.06,-8.229419708251953,-58.55168914794922
28.2,113.0666667,44.691406,1989.0,-0.680773409477016,0.0,-9.16,-67.0,-8.19465446472168,-64.1244888305664
-33.62,-78.83,0.0,1975.0,-0.680773409477016,4.722195626527537e-06,-1.29,-0.8,-4.287893772125244,-21.045631408691406
-0.331666667,31.76111111,1281.8125,2013.0,-0.680773409477016,0.0,-0.34,9.57,-1.3934998512268066,6.041526794433594
45.46666667,13.61666667,0.5645752,2004.0,-0.6932812268869771,0.0,-3.81,-21.79,-4.950232028961182,-27.244117736816406
54.61666667,39.71666667,135.66406,1982.0,-0.9741004551724206,0.0,-15.3,-104.0,-11.793123245239258,-86.4424819946289
32.63333333,-16.9,0.0,1990.0,0.9510565162951535,0.0,-1.59,-6.5,-3.472708225250244,-13.416725158691406
50.92,5.78,111.17188,2008.0,-0.9813064702716093,5.776424222858623e-05,-6.75,-44.76,-7.1686482429504395,-49.67457580566406
47.4,28.49166667,94.726562,2021.0,-0.2884824328806098,2.1081301383674145e-05,-11.16,-76.5,-12.816225051879883,-95.0118179321289
-46.42,168.32,-0.90939331,1980.0,-0.27195815753410524,0.0001349144004052,-3.6,-23.0,-6.866888523101807,-45.181129455566406
9.0,38.73,2329.125,1990.0,0.9510565162951535,7.167492731241509e-05,-0.31,14.2,0.02822256088256836,19.346702575683594
-0.377777778,-78.14166667,3127.375,1993.0,0.29671281927349075,2.5176834242301996e-05,-7.97,-41.7,-9.210432052612305,-78.6166763305664
39.03,141.81,81.234375,1979.0,0.741222010848596,0.0,-6.85,-43.6,-6.866888523101807,-45.181129455566406
52.8,5.05,-4.4990234,2005.0,-0.7638886127905429,7.194372301455587e-05,-4.96,-29.96,-6.210615634918213,-39.039405822753906
48.24861111,16.35638889,200.63281,1985.0,0.6994583270516471,0.0,-11.47,-86.0,-12.529756546020508,-92.6124038696289
37.90111111,40.20361111,674.46875,2021.0,0.2386727660059501,2.0855482944170944e-05,-4.91,-23.4,-6.511789798736572,-41.747352600097656
-24.78,-65.4,1227.625,2000.0,-0.27195815753410524,0.0,-5.2,-27.0,-3.4217591285705566,-12.939918518066406
-33.45,-70.7,507.65625,2015.0,-0.7236440382959123,0.0,-2.95,-11.4,-5.366316318511963,-31.138038635253906
46.37222222,6.470833333,387.75,1996.0,-0.23030567023061196,0.0,-11.595,-84.4,-6.3555779457092285,-40.396034240722656
-13.8,-171.78,0.0,1976.0,-0.27195815753410524,0.0001998667139559,-10.28,-67.4,-3.7420105934143066,-15.936988830566406
49.7478,6.6581,259.26562,1979.0,0.6994583270516471,1.447194972570287e-05,-12.21,-89.6,-10.463090896606445,-75.3023452758789
31.62,25.95,0.0,2002.0,-0.20510449986861926,4.441585042513907e-05,-2.7,-9.35,-3.312582492828369,-11.918190002441406
48.8281,9.2,313.79688,2013.0,-0.2135209154397959,0.0,-8.26,-61.38,-6.392879962921143,-40.74512481689453
46.60305556,13.67138889,2148.125,2017.0,-0.05161966722325418,0.0001910607970785,-19.283,-142.58,-6.901976108551025,-45.681724548339844
68.78666667,-81.25,7.5170898,1989.0,-0.2135209154397959,0.0,-13.93,-103.5,-14.258172988891602,-114.3184585571289
-34.05,115.0249,77.78125,2016.0,0.8064799463209448,0.0,-5.39,-30.5,-3.9943299293518066,-18.298316955566406
41.91172742,2.763346411,139.71094,2017.0,-0.9741004551724206,0.0,-6.95,-43.0,-5.774515628814697,-34.958168029785156
35.68,139.77,22.099609,1961.0,0.9760105506323683,4.112884198548272e-06,-5.7,-37.9,-6.934172630310059,-46.141075134277344
46.49722222,28.3,150.79688,2014.0,0.741222010848596,0.0,-4.38,-27.6,-7.6834516525268555,-52.020530700683594
67.15,32.35,0.0,1999.0,0.9510565162951535,0.0,-16.9,-127.5,-16.095266342163086,-122.4765396118164
47.8008,11.0108,974.96875,2001.0,-0.2884824328806098,0.0,-10.81,-74.51,-12.473485946655273,-92.1410903930664
38.66038889,-27.22009444,77.109375,1999.0,-0.8958392907349089,1.2492854693846311e-05,-2.25,-2.05,-3.4314637184143066,-13.030738830566406
26.27,50.62,2.3325195,1983.0,0.9510565162951535,0.0,-2.04,2.6,-0.6705079078674316,12.807640075683594
38.05011111,23.866675,444.85938,2006.0,-0.2135209154397959,0.0,0.88,4.6,-4.067114353179932,-18.979469299316406
45.32,-75.67,112.08594,1976.0,-0.6932812268869771,0.0,-5.1,-27.7,-7.116751670837402,-48.745948791503906
46.64833333,14.31833333,448.71875,1989.0,0.6994583270516471,0.0,-14.59,-111.3,-14.77546501159668,-111.4220962524414
46.60305556,13.67138889,2148.125,2002.0,-0.4327755925504317,1.37596261993167e-05,-14.47,-102.8,-12.621835708618164,-93.3836441040039
24.91,91.84533333,16.452148,2018.0,0.9510565162951535,0.0,-1.37,-5.2,-2.2377991676330566,-1.8598403930664062
47.81666667,13.71777778,1616.0625,2001.0,0.3294084822245304,0.0,-8.57,-48.7,-11.629426956176758,-85.0713882446289
41.38,2.12,59.777344,1989.0,-0.9587178169872964,0.0,-4.75,-20.8,-4.394644260406494,-22.044654846191406
62.89179444,27.62542222,94.585938,2007.0,0.2386727660059501,2.197496178268921e-05,-16.4,-121.5,-17.02117347717285,-130.23178100585938
-6.18,106.83,5.1230469,1964.0,0.9721181966290613,6.0353671869961545e-05,-5.8,-34.8,-5.684141635894775,-34.112403869628906
60.72,-135.07,695.0,1987.0,0.9510565162951535,0.0,-26.2,-202.0,-23.4820613861084,-184.34713745117188
44.42,8.85,5.4519043,1975.0,0.9760105506323683,0.0003050837840419,-3.93,-18.4,-5.681715488433838,-34.089698791503906
10.76666667,-85.32,862.78125,1990.0,-0.9587178169872964,9.500501619186252e-05,-7.05,-46.0,-7.2656707763671875,-56.01445007324219
53.8713,8.7058,4.7202148,2002.0,0.9760105506323683,6.081980700400891e-06,-7.23,-48.9,-7.799139976501465,-53.403602600097656
-17.83,31.02,1473.25,1973.0,-0.7236440382959123,0.0,-6.95,-34.9,-2.157736301422119,-1.1105728149414062
46.28916667,-63.11916667,35.291016,2019.0,0.2386727660059501,1.1343318874423858e-05,-9.53,-60.1,-12.268842697143555,-89.92935943603516
-33.94638889,151.1730556,3.6643066,2010.0,-0.2884824328806098,0.000118202806334,-3.62,-16.3,-3.399923801422119,-12.735572814941406
48.8281,9.2,313.79688,1994.0,0.29671281927349075,0.0,-5.17,-34.7,-7.54405403137207,-50.85295867919922
48.8281,9.2,313.79688,1988.0,0.2802306751992159,0.0,-7.94,-55.5,-8.680335998535156,-60.370277404785156
1.6,103.6666667,43.185547,2017.0,-0.9741004551724206,8.073225762927905e-05,-7.69,-50.2,-6.297009468078613,-41.912452697753906
-46.42,168.32,-0.90939331,1977.0,-0.680773409477016,0.0,-8.38,-51.3,-6.866888523101807,-45.181129455566406
-33.45,-70.7,507.65625,2015.0,-0.2135209154397959,0.0,-9.14,-64.0,-6.1469292640686035,-38.443397521972656
50.3381,7.6,86.441406,2010.0,-0.2135209154397959,0.0,0.9,-14.78,-6.191206455230713,-38.857765197753906
-27.43,153.08,5.7802734,1976.0,0.6994583270516471,0.0,-6.11,-38.0,-3.870596408843994,-17.140357971191406
21.04534722,105.7986111,12.334473,2003.0,-0.7856498550787144,0.0002173900575144,-13.9,-101.69,-5.422117710113525,-31.660255432128906
32.64368642,35.8349964,543.28125,1968.0,-0.7116566222817751,0.0,-3.28,-11.2,-3.312582492828369,-11.918190002441406
14.330962,-91.055468,297.67188,2020.0,-0.27195815753410524,0.0,-1.63,-2.9,-4.268484592437744,-20.863990783691406
53.23,6.55,7.7121582,1995.0,0.9510565162951535,0.0,-9.34,-60.8,-7.762040138244629,-53.36402130126953
-1.43,-48.48,4.737793,1969.0,0.9510565162951535,0.000136603906867,-2.37,-14.4,-5.32021951675415,-30.706642150878906
-41.15,-71.33,951.28125,2002.0,0.741222010848596,5.011337270843797e-05,-12.6,-91.0,-8.42320442199707,-67.3852310180664
-22.9,-43.17,0.0,1968.0,-0.7116566222817751,1.3957491319160908e-05,-4.49,-35.8,-2.919546604156494,-8.239967346191406
37.1644591,-5.611393166,86.394531,2006.0,-0.7236440382959123,0.0,-6.27,-41.01,-5.124914646148682,-28.878883361816406
-33.95833333,18.46111111,109.49609,2008.0,0.2802306751992159,0.0,-3.27,-13.0,-3.4169068336486816,-12.894508361816406
-30.08,-51.18,244.72656,1982.0,0.9510565162951535,0.0001348676159977,-7.6,-50.3,-6.17968225479126,-38.749916076660156
49.7703,9.9578,265.90625,2008.0,0.9721181966290613,6.40303505861084e-06,-9.38,-66.95,-9.079345703125,-63.712318420410156
46.49722222,28.3,150.79688,2011.0,-0.680773409477016,0.0,-6.52,-45.4,-6.396822452545166,-40.782020568847656
41.66056063,-1.004162565,244.98438,2008.0,0.9562348265919056,0.0,-5.9,-40.55,-6.497204303741455,-41.72144317626953
24.91,91.84533333,16.452148,2021.0,0.9760105506323683,0.0,-1.52,0.6,-2.3105835914611816,-2.5409927368164062
38.00194982,-1.170837424,61.660156,2015.0,0.9760105506323683,0.0,-3.5,-23.7,-4.962362766265869,-27.357643127441406
76.76666667,-18.66666667,0.0,2014.0,0.741222010848596,1.7969077816815116e-06,-17.43,-126.0,-16.24873161315918,-123.7619400024414
47.81666667,13.71777778,1616.0625,2020.0,0.8674563547295968,7.648359314771369e-05,-21.637,-167.67,-10.296836853027344,-73.90982818603516
46.095,14.597,283.89062,2010.0,-0.7236440382959123,0.0,-12.71,-84.1,-9.81597900390625,-69.88224029541016
47.47051111,21.49041944,105.30859,2009.0,0.3456123126707335,0.0,-6.34,-43.68,-8.569074630737305,-59.43836212158203
13.07176111,-59.48972222,45.302734,1986.0,0.29671281927349075,1.9021563275600784e-05,-1.48,-8.8,-2.3202881813049316,-2.6318130493164062
46.64833333,14.31833333,448.71875,1984.0,-0.7116566222817751,0.0001805570645956,-16.1,-118.6,-13.721670150756836,-102.5956802368164
46.39864119,6.233803787,434.125,2007.0,-0.9741004551724206,0.0,-6.21,-38.14241934,-8.638172149658203,-61.40363311767578
46.22030867,7.33848445,481.70312,2008.0,-0.6932812268869771,7.550346344942227e-05,-4.15,-28.59658584,-6.230631351470947,-39.226722717285156
53.57,-113.52,665.5,1965.0,0.9510565162951535,0.0,-27.0,-213.7,-19.76820182800293,-153.24044799804688
-18.9,47.53,1259.9375,1973.0,0.741222010848596,0.0,-0.79,7.1,-5.340841770172119,-30.899635314941406
56.21666667,43.81666667,76.433594,1982.0,-0.2135209154397959,0.0,-6.8,-56.0,-8.297952651977539,-57.16748809814453
46.60305556,13.67138889,2148.125,2000.0,0.2802306751992159,0.0,-8.13,-47.4,-9.518697738647461,-69.13675689697266
47.8008,11.0108,974.96875,2006.0,-0.680773409477016,5.192383468966e-05,-10.89,-76.14,-6.83042049407959,-44.83984375
50.9,14.8,240.94531,2015.0,0.2386727660059501,3.26803456118796e-05,-9.74,-67.8,-10.445186614990234,-75.15238189697266
36.83,10.23,0.0,1985.0,0.9510565162951535,0.0,-4.48,-31.1,-4.816793918609619,-25.995338439941406
13.7,-89.12,612.5,1976.0,-0.970063921851507,0.0002642302133608,-4.66,-24.4,-6.917630195617676,-48.57416534423828
34.60376944,43.68120556,114.01953,2023.0,-0.7354170229639858,0.0,-4.13,-18.18,-3.1015076637268066,-9.942848205566406
50.11622222,14.39291667,182.82031,2019.0,0.29671281927349075,0.0,-5.3,-37.5,-7.745477199554443,-52.54004669189453
11.17694444,-4.304111111,435.625,2010.0,-0.2135209154397959,0.0,-1.85722959,-11.08341945,-5.00967264175415,-27.800392150878906
36.98,35.3,22.958008,2021.0,0.2386727660059501,6.557823508046567e-05,-6.99,-40.1,-5.986196994781494,-36.939186096191406
57.4368,56.9593,120.01172,2017.0,0.9510565162951535,0.0,-15.60173521,-121.9853833,-14.294607162475586,-107.3945083618164
51.93,-10.25,33.068359,1980.0,-0.7116566222817751,1.731479278532788e-05,-8.16,-60.0,-5.993475437164307,-37.007301330566406
-1.43,-48.48,4.737793,1982.0,-0.9587178169872964,8.303226059069857e-05,0.73,10.8,-1.8787293434143066,1.5005111694335938
-15.85,-47.93,1012.8125,1968.0,0.7295575540864875,0.0,-1.52,2.1,-4.656668186187744,-24.496803283691406
30.72916667,78.44666667,1121.375,2006.0,-0.680773409477016,0.0,-11.9,-81.3,-8.093076705932617,-62.675270080566406
62.28,-114.27,159.84375,1991.0,-0.7236440382959123,0.0,-25.94,-194.4,-23.72760581970215,-186.40377807617188
47.37233597,8.083138245,397.48438,2017.0,0.29671281927349075,0.000242480498855,-6.03,-39.7,-6.866888523101807,-45.181129455566406
47.47051111,21.49041944,105.30859,2006.0,0.36171373072976765,0.0001303061872022,-8.07,-63.03,-8.31585693359375,-57.31745147705078
4.377083333,18.56247222,359.875,2018.0,-0.7236440382959123,9.384728036820889e-05,0.8,-0.1,-1.2285218238830566,7.585472106933594
54.0967,13.4056,1.5458374,2007.0,0.9510565162951535,0.0,-8.88,-61.7,-8.979593276977539,-62.876808166503906
52.2914,10.4464,80.6875,1991.0,-0.680773409477016,3.5292334359837696e-05,-4.25,-30.6,-6.899439811706543,-45.453773498535156
58.38277778,21.81416667,5.9343262,2018.0,-0.7236440382959123,5.686566873919219e-05,-7.93,-50.7,-10.539823532104492,-75.9450454711914
50.7311,13.7514,876.875,2005.0,-0.7236440382959123,5.2729854360222816e-05,-10.27,-65.1,-10.757232666015625,-77.76602935791016
49.38,-82.12,243.30469,2007.0,0.6994583270516471,0.0,-26.92,-202.8,-19.021337509155273,-146.98483276367188
-34.93,138.58,24.027344,1964.0,-0.27195815753410524,0.0,0.2,15.0,-3.482412815093994,-13.507545471191406
36.15,-5.35,1.5737915,1964.0,-0.9634705485641486,0.0,-1.6,-9.4,-4.326712131500244,-21.408912658691406
48.8281,9.2,313.79688,1981.0,-0.2135209154397959,0.0,-5.13,-40.2,-6.4168381690979,-40.969337463378906
4.466666667,101.3833333,1451.4375,2017.0,0.9510565162951535,0.0,-7.52,-44.9,-4.594801425933838,-23.917823791503906
36.88,30.7,0.0,1980.0,0.6994583270516471,0.0,-7.21,-38.0,-5.570112705230713,-33.045265197753906
46.72738634,8.186782163,600.90625,2005.0,-0.9587178169872964,4.11015898862388e-05,-7.58,-50.54,-8.737886428833008,-60.85230255126953
62.08,129.75,94.992188,1997.0,-0.7236440382959123,1.18088282761164e-05,-29.5,-225.8,-32.198890686035156,-257.3578796386719
-33.95833333,18.46111111,109.49609,1998.0,-0.9741004551724206,1.4353614687934169e-06,-2.26,-8.0,-3.0723938941955566,-9.670387268066406
37.1644591,-5.611393166,86.394531,2003.0,0.29671281927349075,0.0,4.8,2.77,-3.715322971343994,-15.687232971191406
46.95222563,7.439320571,542.53125,2004.0,0.7295575540864875,5.871229586773552e-05,-8.68,-59.08,-9.17654037475586,-64.52640533447266
-0.37,-78.55,3064.0,1990.0,-0.7236440382959123,0.0,-7.98,-46.5,-8.44406509399414,-67.6828384399414
32.2361,-110.9439,753.21875,1995.0,-0.680773409477016,2.1061463485239077e-05,-4.901651652,-36.32282282,-5.301677703857422,-31.48413848876953
-12.43,130.87,16.515625,2007.0,0.29671281927349075,0.0,1.35,10.5,-4.519590854644775,-23.213966369628906
33.96666667,-4.983333333,500.04688,2018.0,0.741222010848596,4.379008532851003e-05,-3.69,-20.1,-3.9603638648986816,-17.980445861816406
42.58834633,-5.651107617,911.78125,2016.0,-0.7116566222817751,0.0,-9.21,-62.3,-9.381160736083984,-66.24027252197266
56.93604,24.09549,1.7421875,2019.0,0.29671281927349075,3.778711470658891e-05,-3.59,-24.8,-7.481069564819336,-50.325408935546875
53.23,6.55,7.7121582,2007.0,0.401487989205973,5.1275608711875975e-05,-5.8,-40.97,-6.866888523101807,-45.181129455566406
49.0422,12.1019,370.21875,2012.0,-0.6932812268869771,0.0,-3.01,-20.4,-6.3943963050842285,-40.759315490722656
64.58,40.5,0.0,1984.0,0.9721181966290613,8.191900633391924e-06,-13.3,-89.0,-15.010778427124023,-113.3930435180664
44.42,8.85,5.4519043,2001.0,0.29671281927349075,0.0,0.45,8.0,-4.924757480621338,-27.005714416503906
12.69325,-7.995494444,382.5625,1962.0,-0.9741004551724206,0.0,-5.5,-37.2,-4.6894211769104,-24.803321838378906
45.46666667,13.61666667,0.5645752,2002.0,-0.9338372288229252,3.6392605125001865e-06,-5.91,-35.77,-5.334776401519775,-30.842872619628906
47.67,-124.48,0.0,1965.0,0.9760105506323683,0.0,-10.0,-72.6,-7.97414493560791,-56.96588897705078
41.05916667,-100.7463889,918.34375,1998.0,0.9911140639934547,0.0,-11.7,-86.0,-10.555170059204102,-76.0735855102539
11.13,2.93,286.40625,2014.0,-0.9741004551724206,0.0,-4.35,-23.6,-2.832205295562744,-7.422584533691406
1.685556,33.616389,1096.9375,2020.0,-0.27195815753410524,1.0577280590950975e-05,-2.53,-16.6,-3.0675415992736816,-9.624977111816406
51.05,13.73,119.02734,2000.0,-0.7116566222817751,9.328246233053504e-05,-13.5,-97.15,-10.020599365234375,-71.59610748291016
39.28333333,-7.416666667,492.75,2003.0,0.741222010848596,1.2671059266722295e-05,-4.11,-39.4,-4.878660678863525,-26.574317932128906
44.13333333,6.333333333,881.625,2019.0,0.29671281927349075,0.0,-5.12,-26.2,-5.933011054992676,-36.972328186035156
40.96666667,13.05,44.912109,2001.0,0.2386727660059501,3.705270864884369e-05,-5.57,-29.26,-6.3022027015686035,-39.896522521972656
-34.05,115.0249,77.78125,2014.0,-0.9984354211555643,0.0003729853779077,-0.99,3.4,-2.968069553375244,-8.694068908691406
33.65694444,73.26611111,580.9375,2020.0,-0.23030567023061196,0.0,-0.75,2.1,-3.0190186500549316,-9.170875549316406
33.465,35.575,1032.9375,2004.0,0.2386727660059501,0.0,-8.03,-39.03,-5.207403659820557,-29.650856018066406
21.04534722,105.7986667,12.334473,2005.0,0.9760105506323683,0.0,-2.03,-7.47,-2.5240845680236816,-4.539039611816406
-34.05,115.0249,77.78125,2006.0,-0.455906693508459,2.744328958215192e-05,-3.46,-12.0,-3.2713379859924316,-11.532203674316406
9.31,123.2,400.01562,1998.0,0.741222010848596,0.0,-6.45,-41.5,-4.517164707183838,-23.191261291503906
0.05,32.45,1135.4375,1964.0,0.2802306751992159,1.1870156413351651e-05,-1.3,4.4,-1.8690247535705566,1.5913314819335938
-46.88,37.87,0.0,2009.0,-0.9587178169872964,1.3344676517590416e-05,-3.66,-24.82,-4.799810886383057,-25.836402893066406
36.38,28.1,62.691406,1972.0,0.6994583270516471,0.0,-4.98,-20.0,-4.947805881500244,-27.221412658691406
53.7122,7.1519,8.8525391,2008.0,0.9562348265919056,0.0001345882628811,-7.54,-49.52,-7.897972583770752,-55.356117248535156
48.24861111,16.35638889,200.63281,1991.0,0.9510565162951535,0.0,-11.41,-84.8,-9.81597900390625,-69.88224029541016
9.0,38.73,2329.125,2013.0,0.9760105506323683,0.0003667989512905,-0.22,10.3,-0.21439218521118164,17.076194763183594
36.83,10.23,0.0,1978.0,0.6994583270516471,0.0,-3.35,-23.9,-5.386938571929932,-31.331031799316406
12.13,15.03,294.5,1977.0,-0.2135209154397959,0.0,-1.5,-4.0,-2.400351047515869,-3.3810806274414062
53.32,-60.42,46.541016,2006.0,-0.680773409477016,0.0,-14.04,-106.8,-11.221973419189453,-85.6471939086914
51.93,-10.25,33.068359,1988.0,-0.23030567023061196,1.9294664070912404e-06,-4.23,-31.8,-4.8058762550354,-25.893165588378906
-1.040555556,-80.465,36.576172,2016.0,0.9562348265919056,0.0,-1.35,-0.4,-4.139898777008057,-19.660621643066406
39.03,141.81,81.234375,2002.0,0.9760105506323683,0.0,-3.29,-22.25,-6.866888523101807,-45.181129455566406
13.48,22.45,788.75,1970.0,-0.9587178169872964,0.0,-0.12,3.5,-2.5095276832580566,-4.402809143066406
4.377083333,18.56247222,359.875,2010.0,-0.2135209154397959,9.841188148129731e-05,-2.323439662,-9.579346668,-2.099508762359619,-0.5656509399414062
4.05,114.81,27.053711,2007.0,-0.06880242680232064,0.0003409627825021,-9.65,-70.65,-7.4074273109436035,-52.893043518066406
47.6772,9.19,442.90625,2010.0,-0.680773409477016,3.5044206015300006e-05,-7.72,-54.58,-6.3392014503479,-40.242774963378906
13.52,2.09,210.4375,2012.0,0.7295575540864875,0.0,-0.51,0.73,-2.0485596656799316,-0.08884429931640625
51.77,-104.2,553.34375,1976.0,0.2802306751992159,0.0,-11.8,-84.0,-13.148733139038086,-97.7968521118164
47.81666667,13.71777778,1616.0625,2018.0,-0.7856498550787144,0.0,-8.248,-51.57,-12.488832473754883,-92.2696304321289
48.545,13.3528,478.40625,2013.0,-0.2884824328806098,3.93066366086714e-05,-9.6,-65.1,-12.056571960449219,-88.64908599853516
48.8281,9.2,313.79688,1988.0,-0.7116566222817751,1.3567509995482396e-05,-11.22,-82.9,-10.432397842407227,-75.0452651977539
42.58834633,-5.651107617,911.78125,2000.0,0.6994583270516471,0.0,-6.54,-49.3,-9.419527053833008,-66.5616226196289
26.27,50.62,2.3325195,1977.0,0.9760105506323683,0.0,-2.16,-8.4,-0.5394959449768066,14.033714294433594
-65.07944444,-63.9775,286.6875,1989.0,-0.2884824328806098,5.976561270573358e-07,-8.28,-81.5,-9.572083473205566,-86.214111328125
33.46555556,126.9333333,5.9509277,1995.0,-0.6084768701151264,4.683782754000276e-05,-9.3,-43.0,-5.160093784332275,-29.208106994628906
2.933333333,11.98333333,676.84375,1994.0,-0.7638886127905429,4.373998308437877e-05,-0.74,-4.0,-2.599295139312744,-5.242897033691406
52.1042,8.7519,134.42188,2008.0,0.7295575540864875,0.0,-6.44,-40.85,-7.172060489654541,-47.73720169067383
28.63,-106.07,1444.25,1973.0,-0.680773409477016,0.0,-10.69,-75.3,-6.324038028717041,-40.100868225097656
28.46344137,-16.2553441,36.554688,2001.0,0.9760105506323683,0.0,-2.05,-6.9,-2.875875949859619,-7.831275939941406
48.75,-91.62,405.375,1977.0,0.29671281927349075,8.512166823493317e-05,-10.2,-78.0,-9.708553314208984,-68.98246002197266
43.71,10.4,9.4057617,1994.0,-0.9587178169872964,2.770071841950994e-05,-5.15,-28.3,-4.890791416168213,-26.687843322753906
10.3,1.38,439.10938,2017.0,0.741222010848596,0.0,-2.97,-12.7,-2.6696534156799316,-5.901344299316406
22.7,90.36,5.9089355,2013.0,-0.9741004551724206,0.0,-13.28,-97.8,-7.70399808883667,-57.124244689941406
3.783333333,103.3333333,8.0805664,2017.0,0.9510565162951535,0.0,-4.11,-24.9,-5.101866245269775,-28.663185119628906
39.95,32.88,920.125,2002.0,0.3536761221763716,0.0,-18.56,-137.5,-5.825464725494385,-35.434974670410156
34.71666667,10.68333333,23.232422,1993.0,-0.7236440382959123,0.0,-5.66,-44.1,-4.66030740737915,-24.530860900878906
-75.58333333,-20.56666667,105.53516,2012.0,0.2386727660059501,3.4493431979011874e-09,-17.01,-130.8,-20.55504608154297,-166.27462768554688
58.26388889,26.46138889,70.085938,2020.0,-0.9634705485641486,6.736649811500683e-05,-8.46,-55.6,-9.361978530883789,-66.07959747314453
3.305997222,-76.10000278,3396.25,2003.0,0.29671281927349075,0.0,-13.7,-105.3,-9.516979217529297,-82.9902114868164
22.31666667,114.1666667,34.056641,1985.0,0.9760105506323683,4.076298864674754e-06,-3.39,-15.2,-3.6449646949768066,-15.028785705566406
39.46666667,-6.333333333,410.0,2013.0,-0.680773409477016,7.655446097487584e-06,-0.14,-6.6,-4.164160251617432,-19.887672424316406
46.49722222,28.3,150.79688,2008.0,-0.6932812268869771,0.0,-8.71,-55.32,-5.913412570953369,-36.258033752441406
46.37222222,6.470833333,387.75,2017.0,0.2386727660059501,4.618944512913004e-05,-9.69,-71.6,-10.5526123046875,-76.05216217041016
47.81666667,13.71777778,1616.0625,2022.0,-0.9859481499638303,1.0249184924759902e-05,-9.264,-52.35,-9.711111068725586,-69.0038833618164
22.77156389,-83.14106667,311.42188,1984.0,0.7295575540864875,0.0,-1.03,4.3,-3.1839966773986816,-10.714820861816406
47.37233597,8.083138245,397.48438,1994.0,-0.9741004551724206,0.0,-10.96,-82.8,-8.766624450683594,-62.24176788330078
44.78333333,15.31666667,892.09375,2008.0,0.9721181966290613,0.0,-6.92,-46.97,-6.942182540893555,-45.8117790222168
4.036666667,9.734166667,39.230469,2015.0,-0.9587178169872964,0.0003212261945009,-2.58,-14.1,-4.616636753082275,-24.122169494628906
9.357072,-75.289167,200.4375,2006.0,0.741222010848596,0.0001586786966072,-4.25,-25.31,-6.0071120262146,-37.44599151611328
43.97455,10.27266,661.0,2020.0,-0.9634705485641486,0.0,-7.09,-42.26,-5.994688510894775,-37.018653869628906
-11.40438889,-76.32505556,4444.0,2008.0,0.7295575540864875,0.0,-19.98,-144.86,-12.014703750610352,-118.6254653930664
7.789855,-76.650846,30.420898,2013.0,-0.9741004551724206,2.87109287455678e-05,-8.96,-63.33,-6.526014804840088,-41.991065979003906
17.03333333,54.11666667,14.982422,1988.0,-0.5595892624101763,0.0,0.3,4.5,-1.0101685523986816,9.628929138183594
51.93,-10.25,33.068359,1965.0,0.9760105506323683,3.014276990143117e-05,-2.9,-21.7,-6.481992721557617,-43.423255920410156
43.91281944,4.888775,30.959961,2013.0,-0.2884824328806098,3.6647350498242304e-05,-9.74,-70.9,-6.250647068023682,-39.414039611816406
4.7,-74.13,2551.125,2001.0,0.9760105506323683,6.8794543039985e-05,-2.12,-11.8,-7.554805755615234,-54.995704650878906
48.18427778,16.389575,201.11719,2001.0,-0.5380051715382992,4.927153349854052e-05,-11.01,-75.2,-8.906698226928711,-62.26624298095703
28.46344137,-16.2553441,36.554688,2017.0,0.6994583270516471,0.0,-2.01,-2.5,-2.4270386695861816,-3.6308364868164062
23.07083333,57.6375,1907.5,1988.0,-0.680773409477016,0.0,1.12,16.6,-2.715750217437744,-6.332740783691406
47.4,28.49166667,94.726562,2013.0,-0.9587178169872964,0.0,-10.38,-69.91,-7.642340660095215,-52.967201232910156
50.3119,11.8758,564.53125,1986.0,-0.9587178169872964,1.7077458323910832e-05,-10.14,-70.9,-7.991021633148193,-54.59668731689453
39.03,141.81,81.234375,1982.0,0.29671281927349075,6.25964412392932e-06,-9.0,-60.0,-7.383846759796143,-52.556617736816406
-22.71,-46.46583333,1095.0625,1998.0,0.6744436188329455,0.0002237637818325,-4.97,-25.57,-5.086096286773682,-28.515602111816406
28.22,-177.37,0.0,1990.0,-0.7236440382959123,9.913703252095727e-06,-6.43,-38.1,-3.390219211578369,-12.644752502441406
39.28333333,-7.416666667,492.75,1993.0,-0.7236440382959123,0.0,-7.66,-41.9,-5.705976963043213,-34.316749572753906
50.4972,9.9428,920.40625,2002.0,0.2386727660059501,2.7801297619589604e-05,-9.78,-69.85,-10.092216491699219,-72.19596099853516
1.685556,33.616389,1096.9375,2017.0,-0.9587178169872964,0.0001201310078613,-2.41,-3.0,-1.8884339332580566,1.4096908569335938
39.03,141.81,81.234375,2002.0,-0.680773409477016,0.0,-7.13,-48.2,-7.43690299987793,-53.313575744628906
52.1042,8.7519,134.42188,1989.0,-0.7236440382959123,0.0,-6.09,-35.2,-9.06783676147461,-63.61591339111328
-0.37,-78.55,3064.0,1997.0,0.29671281927349075,0.0,-11.46,-64.1,-9.359170913696289,-80.7387466430664
-27.45,-58.95,51.755859,2002.0,-0.680773409477016,0.0,-1.4,4.0,-5.492475986480713,-32.318702697753906
-0.331666667,31.76111111,1281.8125,2018.0,-0.7236440382959123,0.0001124586415244,-1.78,-1.5,-2.633261203765869,-5.560768127441406
0.453055556,33.195,1174.25,2015.0,-0.2884824328806098,0.0,-0.98,6.5,-3.099081516265869,-9.920143127441406
-37.82,144.97,6.1674805,1983.0,-0.9741004551724206,0.0,-4.21,-22.2,-4.355825901031494,-21.681373596191406
46.49722222,28.3,150.79688,2016.0,-0.6932812268869771,0.0,-6.55,-44.6,-5.683535099029541,-34.106727600097656
52.1,5.18,1.7967529,2002.0,0.8311706263658079,0.0,-8.348,-54.84,-7.246395111083984,-48.35981750488281
21.44,91.99,9.9770508,2015.0,0.9760105506323683,0.0,-3.82,-27.2,-2.337271213531494,-2.7907485961914062
36.03,129.38,4.7189941,1972.0,-0.27195815753410524,0.0,-9.1,-55.6,-6.866888523101807,-45.181129455566406
42.66,18.08333333,0.0,2002.0,-0.9741004551724206,0.0,-7.7,-37.6,-5.031507968902588,-28.004737854003906
41.91172742,2.763346411,139.71094,2008.0,-0.7116566222817751,1.8933749743155204e-05,-6.8,-40.67,-6.415018558502197,-40.952308654785156
54.46666667,113.5833333,1040.0,1999.0,-0.9587178169872964,0.0,-14.6,-113.6,-17.11836814880371,-131.04586791992188
37.77,-25.65,137.14062,2010.0,0.6994583270516471,1.5248629097186497e-06,-4.46,-24.1,-3.176718235015869,-10.646705627441406
25.07,110.08,385.5,1986.0,0.9760105506323683,0.0001770733942976,-2.24,-3.9,-3.574606418609619,-14.370338439941406
-0.694444444,-90.325,182.40625,2003.0,0.6994583270516471,0.0,-1.37,-0.9,-2.6599488258361816,-5.810523986816406
10.88,-74.78,22.039062,1986.0,-0.9587178169872964,0.000152809501742,-4.23,-26.6,-5.838201999664307,-35.554176330566406
52.4672,13.4019,47.5625,2001.0,0.2386727660059501,0.0,-9.39,-78.1,-10.058965682983398,-71.9174575805664
4.05,114.81,27.053711,2006.0,-0.7176769136759615,0.0,-4.12,-18.64,-6.66597318649292,-43.300865173339844
6.2,100.4,3.8469238,2018.0,0.741222010848596,0.0001407232048222,-7.5,-45.3,-5.101866245269775,-28.663185119628906
2.916666667,11.15833333,573.625,1994.0,-0.9427611433904206,4.831160549656488e-05,-1.58,-11.0,-4.870169162750244,-26.494850158691406
-51.7012,-57.7858,5.8200684,2015.0,-0.7236440382959123,5.3809733799425885e-05,-10.6160066,-76.8124072,-7.458141803741455,-54.08662414550781
13.73,100.5,5.7392578,2005.0,-0.2884824328806098,0.0,-5.34,-30.34,-4.779188632965088,-25.643409729003906
50.11622222,14.39291667,182.82031,2013.0,0.9760105506323683,8.094186341622844e-06,-8.05,-61.1,-9.314659118652344,-65.68326568603516
-2.433333333,-54.71666667,57.433594,1990.0,0.8758917051442429,4.2867941374424845e-05,-3.53,-14.01,-6.189993381500244,-38.846412658691406
49.82,-74.97,386.4375,1999.0,0.9510565162951535,0.0,-18.73,-137.8,-15.067049026489258,-113.8643569946289
4.05,114.81,27.053711,2009.0,-0.7412220108485957,0.0,-7.29,-42.74,-7.125141143798828,-48.865638732910156
51.18,8.4889,841.375,2004.0,-0.9634705485641486,7.623204146511853e-05,-6.26,-36.0,-8.196920394897461,-56.321266174316406
47.6772,9.19,442.90625,1980.0,-0.970063921851507,0.0,-14.79,-111.7,-9.634378433227539,-68.3611831665039
-33.94638889,151.1730556,3.6643066,2013.0,0.2386727660059501,0.0,-8.04,-54.8,-3.8924317359924316,-17.344703674316406
-16.18825833,-67.72678333,1737.1875,1983.0,0.2386727660059501,0.0,-6.28,-35.0,-6.328283786773682,-40.140602111816406
51.05,13.73,119.02734,2000.0,-0.970063921851507,0.0,-8.665,-57.65,-8.365945816040039,-58.962547302246094
-6.88,39.2,52.724609,1966.0,0.9510565162951535,0.0,-3.8,-23.6,-3.268911838531494,-11.509498596191406
49.0975,19.59,572.9375,2011.0,0.6994583270516471,1.503012936154846e-05,-12.41513815,-92.62124799,-12.765069961547852,-94.5833511352539
39.95,32.88,920.125,1988.0,-0.970063921851507,0.0,-8.37,-52.3,-6.576054096221924,-42.45935821533203
-2.716666667,-78.33333333,755.28125,1993.0,-0.2884824328806098,4.562728281598538e-05,-1.99,-5.4,-3.234945774078369,-11.191627502441406
36.88,30.7,0.0,2016.0,0.2802306751992159,3.606193422456272e-05,-4.18,-30.8,-4.418905735015869,-22.271705627441406
45.32,-75.67,112.08594,2003.0,0.6994583270516471,0.0,-15.79,-115.3,-14.084871292114258,-105.6377944946289
41.64083945,-4.754446679,735.625,2019.0,-0.7236440382959123,0.0,-7.77,-55.4,-9.062721252441406,-63.57306671142578
49.0422,12.1019,370.21875,1978.0,0.29671281927349075,0.0,-9.41,-69.0,-8.82229232788086,-61.55927276611328
22.31666667,114.1666667,34.056641,2009.0,0.9760105506323683,0.0,-4.14,-20.3,-3.3974976539611816,-12.712867736816406
6.417169444,2.329255556,12.735352,2021.0,0.741222010848596,0.000121044111438,-3.37,-17.3,-2.706045627593994,-6.241920471191406
10.10808333,-84.12208333,2250.25,2004.0,0.2386727660059501,0.0,-2.09,-1.25,-2.1217360496520996,-31.076034545898438
-23.8,133.88,544.75,2010.0,-0.9587178169872964,4.7696389628981706e-06,-3.58,-17.5,-1.9709229469299316,0.6377182006835938
38.48333333,106.2166667,1111.5,1990.0,0.9510565162951535,0.0,-6.55,-39.0,-9.392671585083008,-66.33667755126953
8.92,-79.6,11.163086,1989.0,-0.9587178169872964,0.0,-8.44,-58.1,-6.375593662261963,-40.583351135253906
41.31666667,-7.733333333,470.85938,1990.0,0.2386727660059501,0.000470120285172,-8.06,-54.9,-6.07293176651001,-37.750892639160156
10.00036389,-84.10913333,1157.3125,2018.0,0.06021327736579302,0.0002372409508097,-3.925740498,-23.87716013,-6.904516696929932,-51.160377502441406
46.06666667,14.51666667,298.53125,2002.0,-0.9398560579418953,1.534455077489838e-05,-6.34,-33.14,-6.88847541809082,-45.97283935546875
51.387367,-0.325697,10.34082,2021.0,0.6016240632249226,5.873498594155535e-05,-6.57,-43.59,-7.332719802856445,-49.082855224609375
46.22030867,7.33848445,481.70312,2001.0,0.9510565162951535,0.0,-15.06,-116.3,-11.286687850952148,-82.2006607055664
48.24861111,16.35638889,200.63281,1969.0,-0.9587178169872964,0.0,-9.3,-50.5,-7.718620777130127,-52.315101623535156
-37.82,144.97,6.1674805,1973.0,0.9760105506323683,0.0,-6.29,-40.7,-5.070326328277588,-28.368019104003906
36.88,30.7,0.0,2016.0,-0.7116566222817751,0.0,-3.11,-20.7,-5.075178623199463,-28.413429260253906
43.83758,10.35235,-1.0,2013.0,0.2386727660059501,7.871544221416116e-05,-9.05,-59.4,-6.785689353942871,-44.426815032958984
50.3381,7.6,86.441406,1983.0,0.29671281927349075,0.0,-6.78,-48.5,-7.31385612487793,-48.92485809326172
28.50444444,-16.30333333,570.6875,2009.0,-0.7116566222817751,0.0,-3.19,-8.15,-2.628408908843994,-5.515357971191406
33.46555556,126.9333333,5.9509277,1995.0,-0.8674563547295971,0.0,-2.8,4.0,-6.108717441558838,-38.085792541503906
47.07777778,15.44888889,370.03125,1995.0,-0.7236440382959123,2.14800766116241e-05,-10.41,-74.7,-10.99510383605957,-79.7583999633789
58.38277778,21.81416667,5.9343262,2016.0,0.9562348265919056,6.444849987019552e-06,-11.21,-77.4,-10.43751335144043,-75.0881118774414
68.68333333,21.53,459.29688,1991.0,-0.7236440382959123,0.0,-22.58,-172.4,-16.760282516479492,-128.04660034179688
49.7703,9.9578,265.90625,1998.0,-0.2135209154397959,0.0,-4.83,-34.7,-6.380445957183838,-40.628761291503906
-54.78,-68.28,104.83984,1983.0,0.6994583270516471,0.0,-11.3,-91.0,-8.516620635986328,-68.7179946899414
-14.67,17.7,1367.125,1969.0,-0.9741004551724206,0.0,-2.67,-13.8,-2.8103699684143066,-7.218238830566406
-27.17,-109.43,140.28906,2003.0,-0.680773409477016,5.97103598920512e-06,-6.06,-36.0,-2.783682346343994,-6.968482971191406
41.75,44.766667,0.0,2014.0,-0.9587178169872964,0.0,-3.98,-21.3,-5.832136631011963,-35.497413635253906
53.32,-60.42,46.541016,1964.0,0.7295575540864875,0.0,-14.4,-101.6,-14.627115249633789,-110.1795425415039
47.81666667,13.71777778,1616.0625,2021.0,0.854322169749827,7.695997919654474e-05,-11.989,-81.54,-9.998770713806152,-71.4956283569336
36.88,30.7,0.0,2019.0,-0.9741004551724206,0.0,-3.28,-4.0,-4.224813938140869,-20.455299377441406
-34.90416667,-56.16666667,34.734375,2018.0,-0.7236440382959123,0.0002392106107436,-3.97,-22.0,-3.865744113922119,-17.094947814941406
58.15,-4.975,69.511719,2004.0,0.9562348265919056,1.6612244507996365e-05,-6.4,-46.67,-7.712337970733643,-53.81329345703125
32.6925,74.84611111,295.85938,2004.0,-0.27195815753410524,0.0,-0.6,-1.7,-4.326712131500244,-21.408912658691406
60.18008889,24.83286111,14.698242,2016.0,0.2802306751992159,0.0,-8.0,-54.6,-10.263586044311523,-73.6313247680664
53.23,6.55,7.7121582,2006.0,0.9760105506323683,0.0,-6.58,-46.06,-7.587091445922852,-51.986839294433594
10.00036389,-84.10913333,1157.3125,2014.0,-0.9033558023246842,0.0001903266529552,-9.788032975,-68.35439515,-6.491757392883301,-43.893043518066406
10.30666667,-84.80472222,1457.5,2004.0,0.2386727660059501,0.0,-1.7,5.0,2.3498167991638184,4.179695129394531
-40.35,-9.88,37.345703,2011.0,0.741222010848596,0.0002987971820402,-3.79352636,-20.1775456,-4.668798923492432,-24.610328674316406
-31.48388889,145.8294444,259.60938,2007.0,0.9760105506323683,0.0,-5.29,-31.5,-3.7274537086486816,-15.800758361816406
50.12,-104.42,580.5,2005.0,0.741222010848596,1.8051263396046124e-05,-13.91,-100.7,-13.62959098815918,-101.8244400024414
13.52,2.09,210.4375,1997.0,-0.2135209154397959,0.0,-3.4,-18.0,-4.5147385597229,-23.168556213378906
-18.9,47.53,1259.9375,1974.0,-0.2884824328806098,0.0001139130545197,-6.72,-36.8,-4.484411716461182,-22.884742736816406
49.03146667,-119.4651694,282.5,2010.0,0.9951053111006976,9.812435564526822e-06,-8.2,-92.0,-15.26655387878418,-115.5353775024414
47.37233597,8.083138245,397.48438,2005.0,-0.9741004551724206,0.0,-8.21,-53.93779934,-8.735095977783203,-62.06317901611328
-40.68,144.69,82.167969,2011.0,-0.680773409477016,1.8042390365735628e-05,-4.74,-22.9,-3.9894776344299316,-18.252906799316406
39.55339029,2.625298143,5.3820801,2018.0,0.741222010848596,5.204835542826913e-05,-3.61,-17.3,-4.760992527008057,-25.473121643066406
13.07176111,-59.48972222,45.302734,1985.0,-0.2884824328806098,0.0,-0.4,6.8,-2.041281223297119,-0.02072906494140625
-30.92,-62.67,73.972656,2001.0,-0.7236440382959123,0.0003034803958144,-2.3,-6.0,-4.710043430328369,-24.996315002441406
46.95222563,7.439320571,542.53125,2011.0,0.6994583270516471,6.584481161553413e-05,-14.64,-109.51,-13.245927810668945,-98.6109390258789
46.57248471,8.332719621,1924.0,2008.0,0.2386727660059501,0.0,-16.02,-121.08,-15.74229621887207,-119.5201187133789
66.49686111,25.75518056,108.88672,2005.0,-0.2135209154397959,3.941922477679327e-05,-9.66,-68.9,-9.006450653076172,-63.10175323486328
11.12,124.62,231.36719,1998.0,0.9510565162951535,0.0004446232633199,-0.82,3.7,-2.934103488922119,-8.376197814941406
43.78,87.62,900.71875,1996.0,0.2802306751992159,0.0,-4.32,-25.3,-8.965526580810547,-62.75897979736328
-35.15833333,147.4572222,211.74219,2010.0,-0.9587178169872964,0.0001052374427672,-5.77,-30.5,-3.5042481422424316,-13.711891174316406
32.55,35.85,570.125,1992.0,0.6994583270516471,0.0,-9.53,-46.5,-4.159307956695557,-19.842262268066406
36.88,30.7,0.0,2000.0,0.7295575540864875,0.0,-4.74,-25.85,-3.739584445953369,-15.914283752441406
48.24861111,16.35638889,200.63281,2003.0,-0.9587178169872964,0.0,-7.49,-53.2,-7.818706512451172,-55.34404754638672
41.818399,46.266606,0.0,2017.0,-0.9741004551724206,4.544280091067776e-05,-8.76,-46.9,-6.764459609985352,-44.22254943847656
53.97,-101.1,265.25,1980.0,0.6994583270516471,0.0,-24.9,-198.0,-23.25697898864746,-182.46188354492188
42.58834633,-5.651107617,911.78125,2015.0,-0.9741004551724206,2.2859201635583304e-05,-7.94,-52.6,-8.68545150756836,-60.413124084472656
1.6,103.6666667,43.185547,2014.0,0.741222010848596,0.000167576043168,-7.3,-47.4,-6.186960697174072,-38.818031311035156
76.23333333,-119.2833333,6.2902832,1990.0,0.9510565162951535,0.0,-28.93,-224.0,-28.781728744506836,-228.73629760742188
33.21722222,-87.54305556,64.535156,2007.0,0.741222010848596,0.0002653720148373,-2.7,-9.2,-3.948233127593994,-17.866920471191406
50.7311,13.7514,876.875,2005.0,-0.2884824328806098,3.8575486541958526e-05,-11.14,-73.0,-10.754674911499023,-77.7446060180664
78.91666667,11.93333333,38.650391,2005.0,0.6994583270516471,0.0,-11.47,-83.7,-12.499063491821289,-92.3553237915039
41.67805556,26.55916667,95.183594,2014.0,0.741222010848596,0.0,-6.88,-45.8,-6.084455966949463,-37.858741760253906
55.75,37.57,130.52344,1970.0,-0.2884824328806098,0.0,-14.2,-123.0,-14.872659683227539,-112.2361831665039
34.72,113.65,108.5625,1988.0,0.9562348265919056,0.0,-5.25,-32.1,-5.219534397125244,-29.764381408691406
64.13,-21.93,12.141602,1994.0,-0.9741004551724206,0.0,-10.08,-79.4,-9.509048461914062,-67.31143951416016
48.8281,9.2,313.79688,1964.0,-0.6932812268869771,1.4362275578605477e-05,-7.7,-53.3,-6.455353260040283,-41.32978057861328
46.39864119,6.233803787,434.125,2009.0,0.741222010848596,0.0,-3.45,-23.03848842,-7.516238212585449,-50.61997985839844
-31.48388889,145.8294444,259.60938,2011.0,0.29671281927349075,0.0,-4.27,-20.0,-3.0481324195861816,-9.443336486816406
33.725,36.13027778,1575.9375,1990.0,0.2386727660059501,8.228870137827471e-05,-7.77,-40.2,-5.5822434425354,-33.158790588378906
-40.68,144.69,82.167969,2010.0,0.9760105506323683,0.0,-3.01,-13.0,-4.700338840484619,-24.905494689941406
23.95277778,90.27916667,23.626953,2011.0,-0.2135209154397959,9.712488827062772e-05,-5.593978847,-37.90093345,-6.866888523101807,-45.181129455566406
41.15305556,-96.49277778,352.0625,1992.0,0.42500033996955416,0.0,-6.6,-55.0,-8.002531051635742,-54.693092346191406
-34.58,-58.48,21.585938,1962.0,-0.7236440382959123,2.136083458026405e-05,-2.2,-3.1,-3.2179627418518066,-11.032691955566406
51.93,-10.25,33.068359,2004.0,-0.7116566222817751,9.798309474717826e-05,-3.93,-24.2,-6.501501083374023,-41.71868896484375
72.58,-38.4799,3202.0,2012.0,0.24702218048093552,0.0,-14.02641393,-95.12044685,-31.19624900817871,-248.95993041992188
-34.05,115.0249,77.78125,2007.0,-0.2967128192734901,0.0,-6.16,-41.4,-3.3538269996643066,-12.304176330566406
52.8911,11.7294,21.530273,2007.0,0.6994583270516471,0.0,-12.71,-94.8,-9.821094512939453,-69.92508697509766
47.81666667,13.71777778,1616.0625,2021.0,-0.8631421280499115,0.0001152122713392,-21.066,-156.63,-9.746919631958008,-69.3038101196289
-16.346,-68.12,5119.5,1983.0,0.741222010848596,0.0,-11.73,-74.5,-10.62889289855957,-98.8539810180664
-27.17,-109.43,140.28906,1995.0,-0.2884824328806098,1.678291846474167e-05,-3.02,-11.0,-3.1839966773986816,-10.714820861816406
48.24861111,16.35638889,200.63281,1986.0,-0.2884824328806098,0.0,-14.75,-108.7,-11.954261779785156,-87.79215240478516
2.883333333,101.7833306,55.289062,2021.0,0.6994583270516471,0.0,-3.15,-12.1,-5.624701023101807,-33.556129455566406
39.95,32.88,920.125,1993.0,0.2386727660059501,0.0,-11.89,-84.4,-11.11020278930664,-80.72245025634766
-3.72,-38.55,19.124023,1990.0,0.6994583270516471,0.0,-0.63,6.4,-2.6405396461486816,-5.628883361816406
40.67,109.85,1068.9375,1992.0,-0.9634705485641486,0.0,-6.74,-42.4,-5.790285587310791,-35.105751037597656
38.98916547,-3.920273851,626.8125,2003.0,-0.680773409477016,0.0,-3.56,-34.92,-4.803450107574463,-25.870460510253906
32.36666667,-6.4,467.60938,2002.0,-0.33752289959411347,3.769122486119159e-05,-6.34,-35.69,-4.881086826324463,-26.597023010253906
45.32,-75.67,112.08594,1990.0,0.9760105506323683,0.0,-15.1,-122.0,-10.918371200561523,-79.1156997680664
48.18427778,16.389575,201.11719,2003.0,0.15430882066428117,0.0,-12.91,-104.7,-6.866888523101807,-45.181129455566406
9.0,38.73,2329.125,1982.0,-0.7236440382959123,0.0,-5.87,-33.8,-1.5487732887268066,4.588401794433594
42.5859,10.07945,19.258789,2019.0,-0.2135209154397959,0.0,-5.78,-30.4,-3.603720188140869,-14.642799377441406
41.38,2.12,59.777344,1990.0,0.741222010848596,0.0,-4.09,-22.3,-4.700338840484619,-24.905494689941406
46.57248471,8.332719621,1924.0,2012.0,0.7295575540864875,0.0001827016531024,-10.86,-73.76,-9.86457633972168,-70.2892837524414
51.93,-10.25,33.068359,1978.0,-0.9741004551724206,0.000134561836603,-3.68,-26.7,-5.761171817779541,-34.833290100097656
32.2361,-110.9439,753.21875,2000.0,-0.6932812268869771,0.0001015388988889,-1.68121547,-14.51381215,-6.384819030761719,-43.066993713378906
42.85,-80.27,228.9375,1979.0,-0.7236440382959123,0.0,-8.3,-50.0,-11.565483093261719,-84.53580474853516
52.2914,10.4464,80.6875,1984.0,0.2386727660059501,0.0,-8.27,-58.1,-10.081985473632812,-72.11026763916016
38.98916547,-3.920273851,626.8125,2009.0,0.2386727660059501,0.0,-9.08,-61.37,-7.164387226104736,-47.67293167114258
32.81333333,130.7291667,25.359375,2020.0,0.2386727660059501,5.480393156176433e-05,-5.78,-30.9,-6.18938684463501,-38.840736389160156
-12.43,130.87,16.515625,1986.0,0.9510565162951535,0.0002021191467065,-4.68,-32.8,-5.021803379058838,-27.913917541503906
33.21722222,-87.54305556,64.535156,2007.0,-0.11165900712169444,0.0001766079367371,-5.2,-31.0,-3.8964192867279053,-17.901771545410156
0.453055556,33.195,1174.25,2019.0,0.9510565162951535,0.0,1.86,24.9,-2.623556613922119,-5.469947814941406
46.60305556,13.67138889,2148.125,2003.0,0.9932568492674143,6.249098078114912e-05,-8.07,-46.5,-10.394031524658203,-74.72391510009766
35.13,-111.67,2151.0,1965.0,0.9760105506323683,0.0,-9.0,-71.9,-8.671707153320312,-70.9306411743164
46.37222222,6.470833333,387.75,1999.0,-0.7236440382959123,1.1547143913048783e-05,-10.15,-69.8,-10.452859878540039,-75.2166519165039
4.321666667,117.8705556,53.099609,2007.0,-0.9741004551724206,0.000162795477081,-10.24,-68.72,-6.840723037719727,-47.19110870361328
12.69325,-7.995494444,382.5625,1964.0,-0.27195815753410524,0.0,-0.3,6.8,-5.987410068511963,-36.950538635253906
-20.47,-54.67,554.875,1990.0,-0.8758917051442433,3.177064354531467e-05,-5.14,-24.9,-1.9660706520080566,0.6831283569335938
-35.07,173.28,71.449219,1978.0,0.29671281927349075,1.6197003787965514e-05,-5.18,-30.3,-4.877447605133057,-26.562965393066406
47.6772,9.19,442.90625,1982.0,-0.680773409477016,6.63281898596324e-05,-6.38,-41.0,-6.659149646759033,-43.23700714111328
52.2914,10.4464,80.6875,1997.0,0.741222010848596,1.0422818377264775e-05,-5.71,-40.5,-6.866888523101807,-45.181129455566406
36.15,-5.35,1.5737915,2016.0,-0.27195815753410524,3.3939086279133335e-05,-6.92,-39.6,-5.137045383453369,-28.992408752441406
10.00036389,-84.10913333,1157.3125,2016.0,0.16280701293851715,8.685742795933038e-05,-10.0066545,-66.51660475,-6.082198619842529,-43.709571838378906
41.64083945,-4.754446679,735.625,2008.0,-0.6932812268869771,0.0,-5.53,-34.87,-5.314154148101807,-30.649879455566406
31.99034444,44.92469167,22.352539,2011.0,6.432490598706546e-16,0.0,-2.98,-10.2,-2.832205295562744,-7.422584533691406
-22.9,-43.17,0.0,1984.0,-0.7116566222817751,0.0,-2.7,-6.0,-2.968069553375244,-8.694068908691406
9.357072,-75.289167,200.4375,2006.0,-0.9741004551724206,0.0,-7.02,-45.83,-5.663519382476807,-33.919410705566406
37.77,-25.65,137.14062,1963.0,-0.2135209154397959,2.2187487047631294e-06,-4.2,-18.0,-4.098654270172119,-19.274635314941406
52.1,5.18,1.7967529,2000.0,-0.5160623910158526,0.0,-6.44,-43.0,-6.866888523101807,-45.181129455566406
7.789855,-76.650846,30.420898,2015.0,0.9510565162951535,0.0,-3.29,-17.3,-3.3780884742736816,-12.531227111816406
33.43005278,43.29637778,50.814453,2012.0,0.8996308696522433,6.930599738552701e-06,-3.62,-13.8,-2.9607911109924316,-8.625953674316406
36.846389,-2.356942,16.541016,2002.0,-0.9587178169872964,0.0,-1.53,-12.3,-4.317007541656494,-21.318092346191406
51.35,12.43,125.46484,2009.0,0.9760105506323683,0.0,-5.61,-39.0,-8.954015731811523,-62.662574768066406
78.91666667,11.93333333,38.650391,2020.0,0.2802306751992159,0.0,-12.37,-91.6,-12.504179000854492,-92.3981704711914
8.35,81.01666667,41.537109,1986.0,-0.680773409477016,0.0,-1.93,-4.1,-2.647818088531494,-5.696998596191406
66.49686111,25.75518056,108.88672,2011.0,-0.2135209154397959,1.049061211233493e-05,-8.71,-61.7,-9.016681671142578,-63.18744659423828
30.35277778,78.48333333,690.15625,2005.0,-0.2135209154397959,0.0002540364221204,-10.6,-78.0,-6.866888523101807,-45.181129455566406
35.27,-75.55,0.0,1963.0,-0.2135209154397959,0.0,-3.2,-14.9,-4.439527988433838,-22.464698791503906
46.60305556,13.67138889,2148.125,2001.0,0.07738647923346301,0.0002905601286329,-7.08,-40.3,-8.21226692199707,-56.449806213378906
24.35,109.4,101.74609,1990.0,0.9760105506323683,0.000233826067415,-3.15,-15.1,-3.4896912574768066,-13.575660705566406
-25.73,28.18,1326.75,1970.0,-0.9587178169872964,0.0,-0.48,9.0,-2.4076294898986816,-3.4491958618164062
-40.68,144.69,82.167969,2011.0,0.6994583270516471,0.0,-3.78,-18.6,-4.662733554840088,-24.553565979003906
50.3119,11.8758,564.53125,1983.0,-0.9587178169872964,1.938139394042082e-05,-5.46,-34.5,-7.9814300537109375,-54.51634979248047
56.93604,24.09549,1.7421875,2016.0,0.9721181966290613,0.0,-10.73,-75.8,-9.951539993286133,-71.0176773071289
51.73333333,36.26666667,193.03906,1999.0,-0.2884824328806098,5.572865848080255e-05,-11.0,-92.0,-12.882726669311523,-95.5688247680664
32.36666667,-6.4,467.60938,2003.0,0.08596479873744647,0.0,-0.39,6.07,-4.343695163726807,-21.567848205566406
49.0392,8.365,112.44141,1982.0,0.2386727660059501,5.010905078961514e-05,-10.67,-75.1,-10.133140563964844,-72.53873443603516
44.051,10.164,170.76562,2020.0,0.7469720876965552,0.0,-2.34,-7.79,-5.2328782081604,-29.889259338378906
-27.17,-109.43,140.28906,2007.0,0.6994583270516471,0.0,-1.99,-4.5,-3.443594455718994,-13.144264221191406
-13.0,28.65,1260.6875,1975.0,0.9760105506323683,0.0,-3.93,-24.9,-6.178956508636475,-39.69525909423828
-27.43,153.08,5.7802734,1997.0,-0.7236440382959123,0.0,-3.39,-14.0,-2.075247287750244,-0.33860015869140625
-12.43,130.87,16.515625,1981.0,-0.9741004551724206,6.416274118237197e-05,0.47,10.4,-1.9078431129455566,1.2280502319335938
-34.23583333,142.0866667,49.828125,2006.0,-0.7236440382959123,0.0,1.05,17.1,-3.341696262359619,-12.190650939941406
38.79273611,-9.105733333,36.355469,2003.0,0.2386727660059501,0.0,-3.61,-14.5,-5.149176120758057,-29.105934143066406
46.60305556,13.67138889,2148.125,1976.0,0.9562348265919056,0.0,-19.02,-144.1,-11.524559020996094,-84.19303131103516
47.6772,9.19,442.90625,2003.0,-0.2884824328806098,2.6851896109292284e-05,-11.97,-87.7,-12.273981094360352,-90.4700698852539
51.93,-10.25,33.068359,2005.0,0.9760105506323683,9.632727596908808e-06,-6.11,-39.2,-5.7763352394104,-34.975196838378906
-0.166666667,-78.48333333,2781.625,2017.0,-0.2135209154397959,0.0,-12.59,-91.0,-8.093984603881836,-62.688209533691406
34.9,-120.45,72.417969,1962.0,0.6994583270516471,0.0001832167181419,-9.4,-67.6,-5.187994480133057,-29.469215393066406
48.24861111,16.35638889,200.63281,1983.0,-0.9741004551724206,0.0,-7.53,-50.6,-8.727642059326172,-61.89655303955078
43.70555556,-72.28833333,168.71094,1998.0,-0.4862727071086902,0.0,-7.2,-51.0,-7.695835590362549,-57.007789611816406
6.86,37.74,1889.1875,1999.0,0.741222010848596,0.000242415597313,-2.23,-1.6,-0.19983530044555664,17.212425231933594
28.58,77.2,222.79688,1995.0,-0.680773409477016,0.0,-13.3,-94.5,-6.05776834487915,-37.608985900878906
48.24861111,16.35638889,200.63281,2023.0,0.2386727660059501,0.0,-11.646,-94.01,-10.869773864746094,-78.70865631103516
46.57248471,8.332719621,1924.0,2019.0,0.6994583270516471,1.7160984498332255e-05,-19.38,-145.22,-13.890481948852539,-104.0096206665039
41.05916667,-100.7463889,918.34375,1996.0,0.705583610107178,0.0,-8.3,-62.0,-10.342876434326172,-74.29544830322266
7.0,-73.08333333,1079.75,2005.0,-0.9587178169872964,0.0,-6.43,-40.18,-8.492284774780273,-68.8419418334961
-51.3505,-60.6875,32.529297,2016.0,-0.6932812268869771,2.38499887927901e-06,-6.904913066,-44.081589,-7.373323917388916,-53.14149475097656
8.95,-83.46,41.673828,1990.0,0.741222010848596,8.210614032577723e-05,-8.45,-58.2,-5.78842306137085,-35.626991271972656
7.47,151.85,0.0,1968.0,-0.6932812268869771,0.0001133353507611,-5.5,-29.6,-5.682928562164307,-34.101051330566406
43.68333333,-1.066666667,17.238281,2003.0,-0.7236440382959123,0.0,-7.5,-47.5,-6.100832462310791,-38.012001037597656
5.93,116.06,4.5031738,2017.0,-0.680773409477016,0.0001024259763653,-7.66,-57.5,-6.4575018882751465,-43.669288635253906
42.025,35.15833333,61.443359,2022.0,-0.7236440382959123,0.0001146845388575,-6.53,-41.6,-9.142011642456055,-64.23719024658203
-0.92,-75.4,176.47656,2015.0,0.741222010848596,0.0001281523727811,-6.31,-41.7,-6.464451313018799,-41.41492462158203
35.68,51.32,1161.1875,1967.0,-0.9741004551724206,0.0,3.15,12.3,-4.103506565093994,-19.320045471191406
47.37233597,8.083138245,397.48438,1995.0,0.741222010848596,5.691746264346875e-05,-9.1,-68.5,-7.46156644821167,-50.16205596923828
2.883333333,101.7833306,55.289062,2016.0,0.9562348265919056,0.0001113733233069,-2.49,-10.2,-5.493689060211182,-32.330055236816406
46.60305556,13.67138889,2148.125,2001.0,-0.2884824328806098,0.0003455076075624,-16.46,-118.0,-13.95698356628418,-104.5666275024414
-1.5075,-77.94388889,958.9375,2014.0,-0.9587178169872964,0.0,-3.91,-20.4,-3.9166932106018066,-17.571754455566406
49.7478,6.6581,259.26562,1978.0,0.741222010848596,1.8296774214832112e-05,-10.0,-76.3,-6.866888523101807,-45.181129455566406
18.248,-65.83194444,370.76562,2007.0,0.854322169749827,1.921157718243194e-06,-1.09,4.9,-2.249929904937744,-1.9733657836914062
48.65833333,21.73,102.72656,1991.0,-0.680773409477016,0.0001099055662052,-6.44,-42.09,-6.620482921600342,-42.875144958496094
38.00194982,-1.170837424,61.660156,2005.0,-0.680773409477016,0.0,-1.46,-1.7,-3.758993625640869,-16.095924377441406
10.00036389,-84.10913333,1157.3125,2016.0,-0.24702218048093527,0.0,-5.543238,-37.077744,-6.0332746505737305,-39.275123596191406
51.57,4.93,17.209961,1985.0,0.9510565162951535,4.9857761041494086e-05,-10.19,-71.3,-7.801198959350586,-54.220298767089844
46.39864119,6.233803787,434.125,2005.0,-0.2884824328806098,4.8431924369651824e-05,-12.77,-91.19407714,-12.412099838256836,-91.6269302368164
46.57248471,8.332719621,1924.0,2014.0,0.9510565162951535,0.0,-20.68,-158.3,-12.754838943481445,-94.4976577758789
6.86,37.74,1889.1875,2000.0,-0.27195815753410524,8.300804620375857e-05,-0.3,10.3,-1.7428650856018066,2.7719955444335938
46.17378583,8.788556051,407.5,2013.0,0.29671281927349075,7.737355190329254e-05,-5.01,-29.88,-6.845451354980469,-44.980506896972656
-11.40438889,-76.32505556,4444.0,2006.0,0.741222010848596,0.0,-10.18,-75.64,-11.949403762817383,-117.6938247680664
71.3,-156.78,0.0,1964.0,-0.970063921851507,3.10593190988584e-06,-21.0,-158.2,-15.517213821411133,-117.6348648071289
55.677,12.56,17.620117,2019.0,0.9510565162951535,6.123692855908303e-06,-10.92,-78.7,-9.015401840209961,-63.176734924316406
41.91172742,2.763346411,139.71094,2009.0,-0.7236440382959123,0.0,-8.53,-50.03,-6.466574192047119,-41.434791564941406
-22.94805556,17.1525,1690.0,1975.0,0.6994583270516471,0.0,-4.51,-28.9,-3.8342041969299316,-16.799781799316406
35.33,25.18,55.933594,1973.0,-0.7236440382959123,0.0,-4.8,-18.7,-4.632406711578369,-24.269752502441406
47.93333333,106.9833333,1398.4375,2000.0,-0.970063921851507,5.49740252608899e-05,-17.78,-132.95,-11.215070724487305,-81.6008071899414
52.93,4.78,0.63311768,1987.0,0.2386727660059501,0.0,-9.19,-60.8,-8.615114212036133,-59.82398223876953
64.72394722,-148.1482528,134.21875,2004.0,0.16280701293851715,4.065129178343341e-05,-8.93,-112.9,-17.041635513305664,-130.40316772460938
46.17378583,8.788556051,407.5,2015.0,-0.9741004551724206,0.0001667894684942,-11.25,-76.6,-8.541486740112305,-60.47626495361328
47.6772,9.19,442.90625,1990.0,0.6994583270516471,0.0001678281842032,-7.98,-56.3,-12.852033615112305,-95.3117446899414
50.3119,11.8758,564.53125,1991.0,0.741222010848596,0.0001524436083855,-7.83,-58.0,-8.815896987915039,-61.505714416503906
-34.05,115.0249,77.78125,2006.0,-0.39359027665646645,0.0,-4.79,-25.2,-3.283468723297119,-11.645729064941406
-33.05536111,-71.60361111,75.496094,1991.0,-0.680773409477016,9.749221590027446e-07,-6.1,-36.0,-4.338842868804932,-21.522438049316406
49.7703,9.9578,265.90625,2009.0,0.9760105506323683,0.0,-10.67,-82.35,-9.058883666992188,-63.540931701660156
41.15305556,-96.49277778,352.0625,1992.0,-0.6016240632249227,0.0,-4.6,-30.0,-7.548910617828369,-54.911598205566406
41.91172742,2.763346411,139.71094,2013.0,-0.680773409477016,0.0,-3.51,-21.9,-4.480772495269775,-22.850685119628906
52.1,5.18,1.7967529,1996.0,0.3375228995941133,0.0,-8.86,-69.0,-6.866888523101807,-45.181129455566406
50.3381,7.6,86.441406,1989.0,0.9510565162951535,2.7698339181370105e-05,-6.31,-45.0,-8.34271240234375,-57.542396545410156
6.433333333,81.13333333,73.40625,1986.0,0.6994583270516471,0.0,-3.44,-8.5,-3.7905335426330566,-16.391090393066406
-25.73,28.18,1326.75,1967.0,-0.9587178169872964,0.0,1.94,15.6,-2.366384983062744,-3.0632095336914062
37.77,-25.65,137.14062,1973.0,-0.7236440382959123,7.92069113231264e-05,-1.75,-1.0,-3.555197238922119,-14.188697814941406
13.06,123.93,618.8125,1997.0,0.9760105506323683,0.0,-4.61,-25.7,-2.6939148902893066,-6.128395080566406
9.0,38.73,2329.125,2003.0,-0.7236440382959123,0.0,-0.74,-4.5,-1.4080567359924316,5.905296325683594
51.3,3.75,9.4589844,2002.0,0.6551563572090853,7.404777716146782e-05,-2.762,-27.49,-7.771054744720459,-52.75428009033203
36.88,30.7,0.0,2000.0,-0.6932812268869771,0.0,-3.78,-16.9,-3.4266114234924316,-12.985328674316406
10.00036389,-84.10913333,1157.3125,2015.0,-0.9932568492674143,0.000104579332401,-12.95194403,-95.0183015,-8.297433853149414,-66.7824935913086
32.55,35.85,570.125,1992.0,0.2386727660059501,2.9710832677665167e-05,-8.54,-42.0,-5.340841770172119,-30.899635314941406
-0.316666667,-78.96666667,918.15625,1993.0,0.2386727660059501,0.0,-4.23,-19.5,-4.234518527984619,-20.546119689941406
28.50444444,-16.30333333,570.6875,2010.0,-0.5808002734538013,7.948114216560498e-06,-4.21,-23.33,-2.667227268218994,-5.878639221191406
33.65694444,73.26611111,580.9375,2015.0,0.741222010848596,2.6201529180980287e-05,-1.04,2.3,0.26113271713256836,21.526390075683594
49.82,-74.97,386.4375,2004.0,-0.7116566222817751,2.980386307172012e-05,-18.94,-140.6,-16.01853370666504,-121.8338394165039
46.37222222,6.470833333,387.75,1992.0,0.6994583270516471,0.0,-10.5,-77.4,-11.358304977416992,-82.8005142211914
47.8008,11.0108,974.96875,1987.0,-0.680773409477016,0.0,-5.93,-40.4,-7.349025249481201,-49.21942901611328
33.3625,35.87638889,1487.1875,1992.0,0.9562348265919056,4.202561103738845e-05,-7.75,-38.5,-4.531721591949463,-23.327491760253906
53.7122,7.1519,8.8525391,2009.0,0.6994583270516471,2.9679415092687123e-05,-6.47,-44.91,-8.321197509765625,-59.416587829589844
44.73805556,-0.774722222,59.488281,2012.0,0.7295575540864875,2.1020636268076487e-05,-4.41,-28.82,-5.516737461090088,-32.545753479003906
49.0422,12.1019,370.21875,2012.0,-0.27195815753410524,1.224976313096704e-05,-13.14,-100.53,-11.798238754272461,-86.4853286743164
-22.9,-43.17,0.0,1974.0,-0.680773409477016,6.807516183471307e-05,-0.19,8.3,-3.283468723297119,-11.645729064941406
25.45,81.73333333,99.109375,1980.0,-0.23030567023061196,0.0,-7.39,-53.5,-5.002394199371338,-27.732276916503906
13.07176111,-59.48972222,45.302734,1965.0,-0.2884824328806098,0.0,-3.8,-17.4,-1.9927582740783691,0.43337249755859375
28.46344137,-16.2553441,36.554688,2002.0,-0.2884824328806098,2.168179526051972e-05,0.09,-0.25,-1.9054169654846191,1.2507553100585938
51.77,-104.2,553.34375,1980.0,-0.9634705485641486,4.367955170891946e-06,-16.0,-115.0,-14.862428665161133,-112.1504898071289
51.35,12.43,125.46484,1988.0,0.2802306751992159,0.0,-8.1,-53.9,-8.680335998535156,-60.370277404785156
47.47051111,21.49041944,105.30859,2007.0,0.6744436188329455,1.7881027815747075e-05,-13.12,-107.49,-11.897991180419922,-87.32083892822266
-30.08,-51.18,244.72656,1980.0,-0.9634705485641486,0.0003361538110766,-4.16,-20.1,-4.5147385597229,-23.168556213378906
52.88333333,-1.083333333,60.794922,1996.0,0.9721181966290613,2.665078136487864e-05,-15.0,-109.0,-7.527293682098389,-51.99824523925781
8.92,-79.6,11.163086,1986.0,0.741222010848596,0.0001570598105899,-2.25,-14.9,-5.238943576812744,-29.946022033691406
48.24861111,16.35638889,200.63281,2017.0,-0.7236440382959123,0.0,-14.66,-106.8,-10.419609069824219,-74.93814849853516
28.22,-177.37,0.0,1973.0,0.6994583270516471,0.0,-0.58,4.7,-3.2907471656799316,-11.713844299316406
41.66056063,-1.004162565,244.98438,2005.0,0.29671281927349075,0.0,-3.51,-27.48,-4.946592807769775,-27.210060119628906
-15.6,-56.1,177.79688,1990.0,0.9992500112396835,8.970213821157813e-05,-4.42,-26.9,-6.086275577545166,-37.875770568847656
9.8,-84.05,1513.3125,1990.0,-0.680773409477016,4.026478927698918e-05,-6.6,-41.7,-6.018321990966797,-37.981056213378906
-17.83,31.02,1473.25,1972.0,0.2386727660059501,0.0,-8.41,-52.2,-4.99026346206665,-27.618751525878906
43.83758,10.35235,-1.0,2011.0,0.6994583270516471,0.0,-7.73,-58.26,-6.14086389541626,-38.386634826660156
50.92,5.78,111.17188,2007.0,-0.0859647987374467,3.0862582207191736e-05,-6.73,-43.77,-6.4735493659973145,-41.50006866455078
60.18008889,24.83286111,14.698242,2008.0,0.9721181966290613,0.0,-10.22,-70.8,-11.798238754272461,-86.4853286743164
-5.22,145.8,2.7424316,1969.0,-0.2135209154397959,0.0,-4.46,-28.0,-5.94131326675415,-36.519142150878906
47.8008,11.0108,974.96875,1993.0,-0.680773409477016,1.3206722542236092e-05,-7.36,-49.4,-7.11147403717041,-47.229736328125
32.0,35.9,1014.0312,2002.0,0.9760105506323683,0.0,-7.08,-36.5,-4.518377780914307,-23.202613830566406
38.05011111,23.866675,444.85938,2002.0,0.6994583270516471,0.0,-4.61,-21.41,-6.3992486000061035,-40.804725646972656
14.330962,-91.055468,297.67188,2021.0,-0.2884824328806098,0.0,-2.01,-4.9,-4.317007541656494,-21.318092346191406
56.93604,24.09549,1.7421875,2018.0,0.741222010848596,2.2444310161517933e-06,-5.49,-41.0,-7.98526668548584,-54.548484802246094
-2.53,140.72,68.566406,1985.0,-0.9741004551724206,0.0,-7.2,-51.4,-5.218321323394775,-29.753028869628906
-7.315277778,72.42805556,2.3126221,1964.0,-0.27195815753410524,5.8686833654064685e-05,-3.3,-30.4,-3.5770325660705566,-14.393043518066406
31.62,-97.22,151.59375,1962.0,0.6994583270516471,0.0,-3.8,-26.7,-3.700766086578369,-15.551002502441406
54.35333333,-6.648333333,61.966797,2014.0,-0.7236440382959123,0.0002245186187792,-10.24,-73.1,-7.692403793334961,-52.09551239013672
55.33333333,78.36666667,119.27734,2000.0,0.9562348265919056,0.0,-16.8,-133.6,-16.596586227416992,-126.6755142211914
52.93,4.78,0.63311768,1982.0,-0.7236440382959123,5.19812383572571e-05,-7.28,-41.0,-7.904697418212891,-53.87364959716797
47.81666667,13.71777778,1616.0625,2002.0,-0.7295575540864876,0.0,-7.04,-49.7,-12.545103073120117,-92.7409439086914
49.0975,19.59,572.9375,1995.0,0.9760105506323683,0.0,-12.21,-90.3,-11.248321533203125,-81.87931060791016
-35.07,173.28,71.449219,1973.0,0.6994583270516471,0.0001306696358369,-2.2,-3.5,-4.826498508453369,-26.086158752441406
49.38,-82.12,243.30469,2004.0,-0.23030567023061196,0.0,-10.51,-82.4,-9.825965881347656,-74.71851348876953
58.1,6.57,0.0,1975.0,0.741222010848596,5.810512448078953e-06,-4.52,-33.8,-6.866888523101807,-45.181129455566406
37.77,-25.65,137.14062,2020.0,-0.7116566222817751,0.0,-4.63,-24.8,-3.564901828765869,-14.279518127441406
51.73333333,36.26666667,193.03906,1997.0,0.2386727660059501,2.289041549374815e-05,-11.8,-94.7,-12.657644271850586,-93.6835708618164
10.06666667,-83.28333333,13.935547,1991.0,-0.7236440382959123,4.767398422700353e-05,-3.63,-20.8,-5.416052341461182,-31.603492736816406
-2.53,140.72,68.566406,1985.0,-0.2135209154397959,0.0,-3.84,-26.9,-5.724173069000244,-34.487037658691406
36.98,35.3,22.958008,2002.0,-0.680773409477016,0.0,-2.35,-8.2,-3.4508728981018066,-13.212379455566406
24.9,67.13,23.870117,1964.0,-0.23030567023061196,0.0005185781046748,-5.2,-36.6,-1.6555237770080566,3.5893783569335938
52.4672,13.4019,47.5625,1995.0,0.29671281927349075,0.0,-8.0,-61.7,-7.368208408355713,-49.380104064941406
48.8281,9.2,313.79688,1996.0,-0.6932812268869771,0.0,-7.07,-60.0,-6.165731906890869,-38.619361877441406
30.27,35.58,1330.375,2016.0,0.2386727660059501,0.0,-8.33,-45.3,-4.333990573883057,-21.477027893066406
51.01666667,-114.0166667,1033.25,1993.0,0.9760105506323683,0.0,-17.5,-139.6,-19.338499069213867,-149.64132690429688
-45.35,-72.07,583.1875,1991.0,-0.9587178169872964,0.0,-15.2,-115.0,-9.576837539672852,-83.8442153930664
53.8713,8.7058,4.7202148,1978.0,0.6994583270516471,2.6339700980315683e-06,-12.83,-101.0,-8.606039047241211,-60.93012237548828
35.82305556,-106.305,2189.625,1993.0,-0.5380051715382992,0.0,-9.85,-63.8,-7.7502522468566895,-57.784156799316406
38.79273611,-9.105733333,36.355469,2015.0,0.741222010848596,0.0,-0.39,3.9,-4.185995578765869,-20.092018127441406
-65.07944444,-63.9775,286.6875,1979.0,-0.2135209154397959,1.535877345304398e-06,-11.32,-82.7,-9.18779182434082,-83.84907531738281
-34.05,115.0249,77.78125,2005.0,-0.8498170915275277,0.0,-4.64,-12.8,-2.9753479957580566,-8.762184143066406
4.7,-74.13,2551.125,2016.0,-0.7116566222817751,3.520444442983717e-05,-8.64,-58.4,-8.103960037231445,-62.830543518066406
33.27722222,44.38765833,39.535156,2014.0,0.7116566222817746,0.0,-2.47,-2.45,-1.0878052711486816,8.902366638183594
14.52,121.0,3.6977539,1963.0,-0.2884824328806098,0.0,-7.1,-46.5,-4.58267068862915,-23.804298400878906
39.03,141.81,81.234375,1980.0,0.7295575540864875,0.000233457860304,-10.0,-71.1,-7.877840995788574,-53.648704528808594
32.70555556,36.57,1061.9375,1991.0,-0.2884824328806098,0.0,-8.26,-37.4,-5.509459018707275,-32.477638244628906
48.15,15.15,264.90625,1970.0,-0.680773409477016,0.0,-6.62,-46.2,-6.8173041343688965,-44.71709442138672
42.7728,-0.33149,1302.3125,2020.0,-0.9634705485641486,0.0,-7.8,-48.6,-6.845261573791504,-44.978736877441406
45.8,28.2,40.330078,2018.0,0.9510565162951535,0.0,-11.09,-78.0,-9.388833999633789,-66.3045425415039
-3.72,-38.55,19.124023,1989.0,-0.9995462806873573,3.117965388810262e-05,-0.68,10.7,-1.8835816383361816,1.4551010131835938
45.37,-63.27,12.535156,1975.0,-0.7236440382959123,0.0,-6.0,-36.0,-10.534708023071289,-75.9021987915039
11.37261111,-72.24741667,57.181641,2004.0,-0.9634705485641486,0.0004665954329539,-5.35,-34.21,-4.54385232925415,-23.441017150878906
-65.07944444,-63.9775,286.6875,2001.0,0.2386727660059501,2.229884962111111e-06,-5.6,-60.7,-9.35191535949707,-80.6352310180664
51.93,-10.25,33.068359,2009.0,0.9510565162951535,1.7221322195837274e-05,-5.41,-34.0,-5.782400608062744,-35.031959533691406
-20.299175,57.47873889,391.1875,2013.0,-0.2135209154397959,5.0287312660657335e-06,-1.53,4.7,-2.5386414527893066,-4.675270080566406
28.46344137,-16.2553441,36.554688,2016.0,0.7295575540864875,0.0,0.4,9.9,-2.4464478492736816,-3.8124771118164062
-2.6,-44.23,60.449219,1990.0,0.8406184056344782,8.267885277746245e-05,-2.6,-8.0,-3.972494602203369,-18.093971252441406
-40.68,144.69,82.167969,2011.0,-0.2135209154397959,2.5124872991000302e-06,-4.09,-17.3,-4.069540500640869,-19.002174377441406
-30.08,-51.18,244.72656,1981.0,0.6994583270516471,0.0,-5.31,-38.2,-5.968000888824463,-36.768898010253906
25.46411667,-80.33465278,4.0249023,2005.0,-0.04302223300453034,0.0,-0.57,-0.6,-2.5920166969299316,-5.174781799316406
51.6,-1.1,55.042969,2013.0,0.9510565162951535,0.0,-10.43,-73.7,-6.828554630279541,-44.861228942871094
1.6,103.6666667,43.185547,2016.0,-0.9634705485641486,8.971868373919278e-05,-4.94,-29.7,-6.340320110321045,-42.759620666503906
28.63,-106.07,1444.25,1968.0,-0.6932812268869771,0.0,-6.35,-38.5,-6.866888523101807,-45.181129455566406
-34.05,115.0249,77.78125,2007.0,-0.3294084822245302,1.5460456097571296e-06,-5.61,-29.8,-3.3150086402893066,-11.940895080566406
41.9,12.5,59.011719,2001.0,0.9984354211555643,0.0,-7.21,-46.22,-5.383299350738525,-31.296974182128906
6.166666667,102.2833333,3.2288818,2018.0,-0.9587178169872964,0.000216670348891,-8.63,-58.0,-6.1161932945251465,-40.208045959472656
-22.399288,-47.543743,626.78125,2022.0,-0.680773409477016,0.0,-3.4,-13.7,-3.6934876441955566,-15.482887268066406
32.36666667,35.75,818.96875,1993.0,0.2386727660059501,0.0,-7.46,-35.9,-5.093374729156494,-28.583717346191406
37.29611111,14.84138889,155.96094,2000.0,-0.27195815753410524,6.134599516371964e-06,-6.5,-29.0,-5.946165561676025,-36.564552307128906
23.02269167,-81.22339722,11.122559,1997.0,-0.680773409477016,3.4902030165540054e-05,-5.22,-34.1,-3.1257691383361816,-10.169898986816406
13.55,144.83,113.0,1974.0,0.741222010848596,3.877210474456661e-05,-7.48,-50.4,-2.9510865211486816,-8.535133361816406
13.995364,-91.200961,12.702637,2020.0,-0.7116566222817751,0.0,-6.19,-41.8,-4.820433139801025,-26.029396057128906
14.52,121.0,3.6977539,1962.0,0.741222010848596,0.0001065560645656,-5.0,-31.6,-5.208616733551025,-29.662208557128906
-23.0,-47.13333333,635.21875,1998.0,0.9813064702716093,0.0,-3.34,-24.02,-5.157667636871338,-29.185401916503906
52.141,-106.6244,507.71875,1992.0,0.7295575540864875,0.0,-14.5,-111.4,-16.212923049926758,-123.4620132446289
45.80666667,15.97,120.36328,1991.0,-0.680773409477016,0.0001044651289703,-6.44,-44.0,-6.336472034454346,-40.21723175048828
25.46411667,-80.33465278,4.0249023,2004.0,0.4327755925504312,2.546156247262843e-05,0.4,3.5,-3.8584656715393066,-17.026832580566406
-12.43,130.87,16.515625,2001.0,0.9760105506323683,7.467898831237108e-05,-7.23,-46.6,-5.064260959625244,-28.311256408691406
36.98,35.3,22.958008,1996.0,-0.27195815753410524,0.0001716941042104,-4.31,-24.5,-5.9528374671936035,-36.626991271972656
46.96666667,28.9,90.308594,2013.0,0.9760105506323683,0.0,-6.92,-49.36,-9.267341613769531,-65.28693389892578
50.3381,7.6,86.441406,1988.0,0.9721181966290613,1.1067492778238376e-05,-7.92,-65.1,-8.216104507446289,-56.48194122314453
46.96666667,28.9,90.308594,2017.0,0.29671281927349075,0.0,-4.98,-30.2,-6.866888523101807,-45.181129455566406
47.12,9.49,459.84375,2020.0,0.9721181966290613,0.0,-9.29,-66.91,-10.890235900878906,-78.88004302978516
52.1,5.18,1.7967529,2008.0,0.39359027665646673,1.5304718544939533e-05,-4.97,-34.53,-6.866888523101807,-45.181129455566406
48.24861111,16.35638889,200.63281,1988.0,-0.23030567023061196,4.3344822188373655e-05,-6.39,-46.4,-6.54845666885376,-42.201087951660156
49.0422,12.1019,370.21875,2006.0,0.9760105506323683,0.0,-7.11,-53.65,-10.317298889160156,-74.08121490478516
40.41195035,-3.67806112,671.09375,2003.0,-0.680773409477016,0.0,0.35,-6.7,-5.47549295425415,-32.159767150878906
32.36666667,35.75,818.96875,2000.0,-0.27195815753410524,0.0,-6.42,-28.0,-5.277761936187744,-30.309303283691406
47.59583333,7.594444444,248.26562,2008.0,0.9562348265919056,7.351557724177837e-05,-8.16,-58.75,-9.290361404418945,-65.47974395751953
41.66056063,-1.004162565,244.98438,2011.0,0.6994583270516471,0.0,-7.08,-56.8,-6.515097141265869,-41.888893127441406
-20.299175,57.47873889,391.1875,2016.0,0.2386727660059501,1.7957341697183438e-05,-3.06,-12.9,-2.914694309234619,-8.194557189941406
-21.2,-159.8,7.8220215,1990.0,-0.680773409477016,8.183477802958805e-06,-3.34,-11.6,-3.4751343727111816,-13.439430236816406
50.4972,9.9428,920.40625,1999.0,-0.680773409477016,0.0,-7.96,-52.7,-6.866888523101807,-45.181129455566406
36.88,30.7,0.0,2020.0,-0.7116566222817751,0.0,-7.15,-40.5,-5.020590305328369,-27.902565002441406
49.04,37.577,66.21875,2016.0,-0.7116566222817751,0.0,-9.77,-63.1,-11.041143417358398,-80.1440200805664
-19.87086111,-43.96733333,844.875,2021.0,0.6994583270516471,0.0,-9.04,-67.6,-5.369955539703369,-31.172096252441406
37.9,23.73,18.334961,1963.0,0.2386727660059501,6.664738612016663e-05,-7.6,-43.0,-5.547064304351807,-32.829566955566406
51.6,-1.1,55.042969,2001.0,-0.7236440382959123,0.0,-5.29,-35.4,-7.653398036956787,-51.76880645751953
45.6,13.93333333,486.53125,2000.0,-0.06880242680232064,0.0,-10.97,-80.3,-7.895745277404785,-53.798667907714844
13.73,100.5,5.7392578,1983.0,-0.2884824328806098,6.426186155295e-05,-2.13,-7.6,-4.870169162750244,-26.494850158691406
32.81333333,130.7291667,25.359375,2019.0,0.741222010848596,7.219188410090283e-05,-2.88,-12.2,-5.037573337554932,-28.061500549316406
28.276976,84.30961,2101.5,2017.0,-0.060213277365792774,0.0,-11.23386834,-78.26487284,-7.7293925285339355,-57.486549377441406
38.05011111,23.866675,444.85938,2012.0,-0.7116566222817751,0.0002284643996972,-7.28,-42.58,-5.6859612464904785,-34.129432678222656
51.116535,17.029468,118.94141,2008.0,-0.2135209154397959,0.0,-3.44370936,-18.88867018,-6.680075168609619,-43.432838439941406
44.051,10.164,170.76562,2019.0,0.7295575540864875,0.0001449408737244,-6.72,-43.14,-5.578604221343994,-33.124732971191406
48.8281,9.2,313.79688,1994.0,-0.9587178169872964,1.0112310519616584e-05,-8.25,-59.4,-6.919788360595703,-47.00617218017578
38.93,100.43,1490.125,1989.0,0.9760105506323683,0.0,-5.09,-48.4,-15.256322860717773,-115.4496841430664
39.03,141.81,81.234375,1981.0,0.29671281927349075,0.0,-10.2,-74.0,-7.472273826599121,-53.818214416503906
49.0975,19.59,572.9375,2007.0,-0.2135209154397959,0.0,-5.98,-41.33,-7.540217399597168,-50.820823669433594
-0.121944444,-67.14916667,97.964844,1972.0,-0.27195815753410524,0.0001457335893064,-3.1,-11.0,-3.8002381324768066,-16.481910705566406
11.17694444,-4.304111111,435.625,2013.0,-0.2135209154397959,0.0001262723089894,-5.32,-30.98,-4.58267068862915,-23.804298400878906
17.03333333,54.11666667,14.982422,1989.0,-0.39359027665646645,0.0,0.48,14.4,-0.9616456031799316,10.083030700683594
-3.823991667,-73.377425,90.707031,2009.0,0.9510565162951535,0.0001086972188204,-15.48075536,-115.3005109,-6.234877109527588,-39.266456604003906
45.80666667,15.97,120.36328,2002.0,-0.9611297838723007,9.40524332690984e-05,-6.12,-41.1,-6.922513008117676,-46.267295837402344
29.86777778,77.89388889,266.375,2004.0,-0.970063921851507,0.0,-4.6,-24.2,-4.181143283843994,-20.046607971191406
50.3381,7.6,86.441406,2011.0,-0.9587178169872964,0.0,-3.81,-25.81,-6.638674736022949,-43.553733825683594
46.60305556,13.67138889,2148.125,1988.0,-0.23030567023061196,1.1092961358372122e-05,-7.52,-46.9,-7.241279602050781,-48.31697082519531
-0.694444444,-90.325,182.40625,1996.0,0.9562348265919056,3.605842721299268e-06,-2.95,-13.8,-3.477560520172119,-13.462135314941406
4.7,-74.13,2551.125,1973.0,0.6994583270516471,0.0,-2.61,-7.7,-5.81087064743042,-42.252098083496094
-34.38,-58.28,0.0,1989.0,-0.2135209154397959,1.995725142478477e-05,-4.8,-26.0,-4.432249546051025,-22.396583557128906
49.82,-74.97,386.4375,2009.0,0.6994583270516471,0.0,-20.26,-145.9,-19.011106491088867,-146.89913940429688
31.99730278,34.81616111,44.347656,1986.0,-0.7236440382959123,0.0,-6.21,-24.4,-3.152456760406494,-10.419654846191406
53.7122,7.1519,8.8525391,2001.0,-0.9741004551724206,2.722822955547599e-06,-5.27,-33.48,-7.527426242828369,-51.00939178466797
52.27,104.35,487.23438,1990.0,0.741222010848596,3.402034053578973e-05,-9.9,-76.0,-7.1742987632751465,-47.75594711303711
28.58,77.2,222.79688,1979.0,0.9510565162951535,0.0,1.51,23.2,-2.0291504859924316,0.09279632568359375
18.295,-65.79388889,798.625,2007.0,-0.9427611433904206,2.072032839350868e-05,-2.22,-4.9,-4.120489597320557,-19.478981018066406
54.35333333,-6.648333333,61.966797,2019.0,-0.2884824328806098,0.0001467505499022,-9.65,-64.7,-7.559656620025635,-50.90660858154297
19.88,102.13,295.04688,1962.0,0.29671281927349075,2.427908475510776e-05,-9.0,-57.6,-4.531721591949463,-23.327491760253906
46.095,14.597,283.89062,1995.0,0.2386727660059501,0.0,-9.7,-65.2,-11.857067108154297,-86.97806549072266
19.2,-96.13,0.0,1980.0,-0.6932812268869771,0.0001335484557785,-4.79,-26.8,-4.38857889175415,-21.987892150878906
36.98,35.3,22.958008,1981.0,0.741222010848596,0.0,-3.71,-30.5,-3.220388889312744,-11.055397033691406
24.91,91.84533333,16.452148,2017.0,-0.9587178169872964,0.0004941634251736,-8.26,-53.5,-7.1576313972473145,-50.87586212158203
-6.18,106.83,5.1230469,1980.0,-0.7116566222817751,0.0001210615810123,-3.12,-19.2,-5.2134690284729,-29.707618713378906
43.365884,-8.421399,56.794922,2019.0,-0.2135209154397959,0.0,-2.22,-8.8,-3.118490695953369,-10.101783752441406
18.32,79.47,216.14844,1977.0,-0.7236440382959123,0.0,-10.76,-77.1,-7.56049919128418,-55.863670349121094
41.05916667,-100.7463889,918.34375,1993.0,0.4559066935084588,0.0,-10.8,-68.0,-8.142568588256836,-55.86602020263672
-3.823991667,-73.377425,90.707031,2009.0,0.2386727660059501,5.856556526850909e-05,-7.224444935,-49.08722598,-4.028295993804932,-18.616188049316406
13.1,123.9,155.11719,1993.0,0.2386727660059501,6.616084283450618e-05,-2.12,-2.0,-2.8491883277893066,-7.581520080566406
45.6,13.93333333,486.53125,2002.0,-0.06880242680232064,9.203563422488514e-06,-5.73,-30.79,-7.676417827606201,-51.96161651611328
51.93,-10.25,33.068359,1962.0,-0.9587178169872964,1.7334104995825328e-05,-5.8,-37.2,-5.166159152984619,-29.264869689941406
39.79638889,18.36861111,63.519531,2001.0,0.9760105506323683,1.3869204849470408e-05,-5.25,-31.3,-5.112783908843994,-28.765357971191406
58.15,-4.975,69.511719,2005.0,-0.9587178169872964,2.3598422558279708e-05,-5.63,-43.37,-6.8218994140625,-44.5970458984375
52.2914,10.4464,80.6875,1978.0,-0.2135209154397959,0.0,-6.9,-51.9,-6.348602771759033,-40.33075714111328
-0.37,-78.55,3064.0,1975.0,-0.680773409477016,4.4979147787671536e-05,-11.75,-84.6,-7.179508209228516,-51.251991271972656
80.0,-85.56,141.59375,1990.0,0.29671281927349075,0.0,-25.94,-196.0,-22.458959579467773,-175.77780151367188
47.47051111,21.49041944,105.30859,2008.0,0.7802958510707755,0.0,-7.33,-66.21,-7.712226390838623,-52.26154327392578
47.42692898,9.400776879,758.46875,2013.0,-0.2884824328806098,0.0,-16.07,-116.34,-12.800878524780273,-94.8832778930664
6.2,100.4,3.8469238,2020.0,0.7295575540864875,0.0,-8.43,-55.4,-5.018164157867432,-27.879859924316406
49.0975,19.59,572.9375,1993.0,0.29671281927349075,0.0,-7.2,-51.3,-9.2430419921875,-65.08341217041016
35.27,-75.55,0.0,1973.0,0.9510565162951535,0.000265897338977,-2.86,-12.7,-3.7274537086486816,-15.800758361816406
46.095,14.597,283.89062,1995.0,-0.9587178169872964,0.0,-7.0,-43.1,-7.067315101623535,-47.66777801513672
58.01,56.18,103.00391,1981.0,0.9510565162951535,0.0,-17.2,-117.0,-14.535036087036133,-109.4083023071289
-20.901,55.484,83.28125,2003.0,0.9510565162951535,3.646815684987814e-06,-3.2,-15.3,-3.264059543609619,-11.464088439941406
-31.95,115.78,12.910645,2000.0,0.7295575540864875,9.528636837785598e-06,-5.16,-18.9,-3.4993958473205566,-13.666481018066406
47.833185,1.940433,113.78516,2000.0,-0.6932812268869771,0.0,-4.8,-25.0,-5.321432590484619,-30.717994689941406
54.5283,11.0603,1.9006348,2004.0,-0.27195815753410524,0.0,-7.54,-52.2,-10.194526672363281,-73.05289459228516
46.17378583,8.788556051,407.5,1992.0,-0.6932812268869771,0.0,-4.21,-24.4,-6.159060001373291,-38.556922912597656
47.25,39.82,80.558594,1984.0,0.9562348265919056,6.104746262280969e-06,-8.9,-67.0,-9.662513732910156,-68.59683990478516
46.60305556,13.67138889,2148.125,1995.0,0.9760105506323683,6.458347343141213e-05,-11.99,-83.5,-10.729097366333008,-77.5303726196289
31.99730278,34.81616111,44.347656,1999.0,-0.5086709438521042,6.3627826420997735e-06,-2.5,-0.1,-3.938528537750244,-17.776100158691406
-34.05,115.0249,77.78125,2013.0,-0.2636654927280072,7.450272732967278e-06,-7.05,-37.1,-3.3392701148986816,-12.167945861816406
41.46666667,46.08333333,0.0,2013.0,0.6994583270516471,0.0,-5.3,-42.3,-10.14337158203125,-72.62442779541016
45.81666667,15.98333333,156.41406,2002.0,0.6994583270516471,3.6628360248869285e-05,-9.5,-70.9,-11.478519439697266,-83.80741119384766
44.42,8.85,5.4519043,1993.0,-0.2884824328806098,0.0001693909580353,-1.19,-0.3,-6.430181980133057,-41.094215393066406
12.34,-0.57,309.34375,1989.0,0.741222010848596,0.0,1.53,9.3,-2.1698670387268066,-1.2240982055664062
45.32,-75.67,112.08594,2001.0,0.741222010848596,1.7810947610996664e-05,-7.2,-49.6,-8.544775009155273,-59.234840393066406
46.17378583,8.788556051,407.5,2004.0,0.7295575540864875,5.587936539086513e-05,-10.21,-74.8,-7.759544849395752,-52.657875061035156
51.83,6.25,9.5,1981.0,0.6994583270516471,0.0,-8.55,-65.9,-8.13626480102539,-57.791481018066406
51.387367,-0.325697,10.34082,2021.0,0.8452490573530633,0.0,-4.32,-24.15,-6.19363260269165,-38.880470275878906
51.116535,17.029468,118.94141,2007.0,-0.7638886127905429,3.260759694967419e-05,-2.7825986,-14.96149924,-8.497647285461426,-59.65491485595703
-65.07944444,-63.9775,286.6875,2000.0,-0.9634705485641486,6.036350020655092e-06,-10.76,-77.7,-8.25558090209961,-93.14844512939453
42.025,35.15833333,61.443359,2018.0,0.2386727660059501,5.113693987368606e-05,-8.97,-54.5,-10.573074340820312,-76.22354888916016
48.4042,2.6965,79.179688,2021.0,-0.7236440382959123,6.002182090014685e-06,-10.93,-72.2,-7.497375011444092,-50.46198272705078
13.73,100.5,5.7392578,1998.0,-0.9587178169872964,0.0,-9.41,-64.5,-7.324441909790039,-51.709083557128906
49.1823,-119.559,334.40625,2010.0,0.8758917051442429,3.193863813066855e-05,-13.6,-112.85,-11.622795104980469,-86.81510162353516
43.71,10.4,9.4057617,1994.0,0.29671281927349075,0.0,-5.76,-42.8,-4.770697116851807,-25.563941955566406
25.46411667,-80.33465278,4.0249023,2005.0,-0.9873494423939864,6.032968667568639e-05,-9.15,-62.0,-4.193274021148682,-20.160133361816406
42.5859,10.07945,19.258789,2017.0,-0.7236440382959123,0.0,-9.06,-56.4,-6.0480637550354,-37.518165588378906
5.383333333,103.1,10.330566,2015.0,-0.2884824328806098,0.000203487536055,-3.02,-14.7,-6.866888523101807,-45.181129455566406
-14.43933333,-67.5273,200.71875,1983.0,-0.7236440382959123,0.0,-5.03,-34.3,-2.7861084938049316,-6.991188049316406
9.0,38.73,2329.125,1972.0,0.9562348265919056,0.0,-0.89,6.2,-0.24835824966430664,16.758323669433594
9.49,138.09,7.6940918,1973.0,-0.9587178169872964,0.000214479106944,-5.7,-32.8,-5.021803379058838,-27.913917541503906
19.72,-155.07,7.4401855,1962.0,0.741222010848596,0.0004407995729707,-0.5,1.8,-3.084524631500244,-9.783912658691406
12.13,15.03,294.5,2016.0,0.2802306751992159,0.0,-4.45,-23.4,-1.3740906715393066,6.223167419433594
50.06166667,19.84861111,356.8125,1984.0,-0.7116566222817751,5.600816803053021e-05,-9.48,-70.9,-11.35574722290039,-82.77909088134766
47.59583333,7.594444444,248.26562,1992.0,-0.23030567023061196,7.185021240729839e-05,-6.76,-47.7,-6.261261463165283,-39.51337432861328
50.3381,7.6,86.441406,2004.0,-0.9634705485641486,2.623483305796981e-05,-3.19,-19.2,-6.639122009277344,-43.59882354736328
-15.85,-47.93,1012.8125,1985.0,-0.7236440382959123,5.325193342287093e-05,-0.7,6.0,-3.472708225250244,-13.416725158691406
68.68333333,21.53,459.29688,1992.0,0.9562348265919056,4.179544703220017e-06,-18.85,-138.7,-18.929258346557617,-146.21359252929688
54.5283,11.0603,1.9006348,2007.0,0.741222010848596,1.5604895452270284e-05,-7.34,-55.6,-6.866888523101807,-45.181129455566406
51.1622,14.9506,238.80469,2000.0,-0.9634705485641486,0.0,-9.05,-61.9,-7.626542091369629,-52.476226806640625
23.03,72.55,52.095703,2007.0,-0.888057322629493,0.0002093304356094,-5.3,-32.0,-4.872595310211182,-26.517555236816406
36.88,30.7,0.0,1979.0,0.6994583270516471,0.0,-7.47,-43.6,-5.547064304351807,-32.829566955566406
36.55530278,126.635925,59.384766,2024.0,-0.6932812268869771,2.66259321506368e-05,-8.13,-54.44,-7.497668266296387,-54.180519104003906
48.24861111,16.35638889,200.63281,1975.0,-0.2135209154397959,0.0,-7.71,-45.7,-6.575295925140381,-42.45226287841797
-13.8,-171.78,0.0,1976.0,0.2386727660059501,0.0001013365690596,-3.4,-14.2,-4.383726596832275,-21.942481994628906
-21.02823729,55.47161911,1175.3125,2012.0,-0.3617137307297674,5.174456964596175e-05,-3.195374718,-11.5186914,-4.118063449859619,-19.456275939941406
44.038,10.18,783.40625,2019.0,0.7295575540864875,0.0001449408737244,-7.32,-47.55,-6.724655628204346,-43.85004425048828
41.38,2.12,59.777344,1987.0,0.9760105506323683,0.0,-4.32,-33.2,-5.243795871734619,-29.991432189941406
42.58834633,-5.651107617,911.78125,2020.0,-0.9634705485641486,0.0,-7.24,-47.0,-6.660665988922119,-43.251197814941406
54.6789,13.4342,38.980469,1999.0,-0.7236440382959123,0.0,-13.13,-86.4,-9.47323989868164,-67.01151275634766
78.91666667,11.93333333,38.650391,1995.0,-0.9587178169872964,0.0,-7.52,-54.3,-10.245681762695312,-73.48136138916016
38.43055556,27.15111111,13.000488,2021.0,0.2386727660059501,9.032406524056567e-05,-4.71,-24.8,-6.071718692779541,-37.739540100097656
13.07,123.91,325.17188,1994.0,0.9510565162951535,4.986281783203594e-05,-1.61,-3.7,-2.740011692047119,-6.559791564941406
36.83,10.23,0.0,1970.0,0.6994583270516471,0.0,-6.78,-42.0,-5.132193088531494,-28.946998596191406
46.98141401,6.607999655,1046.0625,2018.0,0.741222010848596,0.0,-6.17,-35.8,-9.23153305053711,-64.98700714111328
32.2361,-110.9439,753.21875,2007.0,0.9760105506323683,0.0,-6.066514343,-43.21206788,-6.866888523101807,-45.181129455566406
44.42,8.85,5.4519043,1964.0,-0.27195815753410524,0.0,-9.7,-65.1,-6.078390598297119,-37.801979064941406
49.7703,9.9578,265.90625,1986.0,-0.9741004551724206,7.296054718608502e-06,-7.84,-54.3,-8.043689727783203,-56.33885955810547
45.0,136.6,361.35938,1997.0,0.741222010848596,7.833213021513075e-05,-9.1,-69.7,-6.8725433349609375,-45.22849655151367
60.96666667,69.06666667,17.537109,1996.0,-0.6932812268869771,0.0,-11.0,-88.6,-10.670919418334961,-79.08001708984375
51.1622,14.9506,238.80469,2009.0,0.9760105506323683,0.0,-6.47,-47.2,-9.534626007080078,-67.52567291259766
47.8747,8.0036,1487.3125,1985.0,0.2386727660059501,7.69719099480426e-06,-13.41,-98.9,-11.706159591674805,-85.7140884399414
41.9,12.5,59.011719,2003.0,0.4937755501599772,0.0,-15.75,-109.9,-6.866888523101807,-45.181129455566406
47.07777778,15.44888889,370.03125,1986.0,0.741222010848596,3.966674921684898e-05,-8.63,-61.4,-8.28260612487793,-57.03894805908203
47.81666667,13.71777778,1616.0625,2003.0,0.741222010848596,7.316785922739655e-05,-8.83,-57.6,-10.253355026245117,-73.5456314086914
46.32516,16.29311,176.45312,2019.0,0.9510565162951535,0.0,-9.45,-67.0,-9.695764541625977,-68.8753433227539
35.57222222,36.18972222,1029.5,1992.0,-0.27195815753410524,0.0002757410984486,-9.14,-49.8,-6.735800743103027,-43.954345703125
-33.62,-78.83,0.0,1970.0,-0.680773409477016,3.296030172350584e-06,-2.68,-14.1,-4.287893772125244,-21.045631408691406
52.88333333,-1.083333333,60.794922,1989.0,0.741222010848596,0.0,-5.4,-33.0,-6.860368251800537,-45.12010955810547
46.60305556,13.67138889,2148.125,1999.0,-0.9741004551724206,0.0,-7.69,-47.9,-8.263872146606445,-59.64972686767578
-4.37,15.25,422.4375,1968.0,0.9562348265919056,0.0,-5.24,-29.6,-3.9458069801330566,-17.844215393066406
38.48333333,106.2166667,1111.5,1992.0,0.7295575540864875,7.127234857762232e-05,-2.07,-7.3,-6.866888523101807,-45.181129455566406
46.96666667,28.9,90.308594,2015.0,0.9510565162951535,0.0,-11.67,-78.8,-9.787843704223633,-69.6465835571289
-34.05,115.0249,77.78125,2012.0,-0.008606996888688009,6.830031634308398e-05,-3.23,-2.0,-3.3101563453674316,-11.895484924316406
2.883333333,101.7833306,55.289062,2006.0,0.9510565162951535,0.0,-5.22,-25.53,-5.215895175933838,-29.730323791503906
0.05,32.45,1135.4375,1966.0,0.2386727660059501,2.28047192649683e-05,-1.41,3.1,-1.6312623023986816,3.8164291381835938
44.52361111,11.33888889,38.84375,1999.0,0.6994583270516471,0.0,-13.66,-102.8,-6.501450061798096,-41.76117706298828
19.31396667,-99.3094,2965.0,2014.0,0.6016240632249226,0.0,-9.86,-65.1,-6.206369876861572,-38.999671936035156
32.30554392,36.24465163,671.6875,1969.0,0.6994583270516471,0.0,-3.88,-6.1,-3.691061496734619,-15.460182189941406
52.88333333,-1.083333333,60.794922,1992.0,-0.6932812268869771,7.962004929140676e-06,-5.7,-40.0,-6.178469181060791,-38.738563537597656
46.57248471,8.332719621,1924.0,2020.0,0.9562348265919056,0.0,-9.96,-71.15,-12.381406784057617,-91.3698501586914
49.82,-74.97,386.4375,2006.0,0.2386727660059501,0.0,-20.35,-151.2,-20.216718673706055,-156.33200073242188
41.05916667,-100.7463889,918.34375,1994.0,0.008606996888688698,0.0,-7.0,-38.0,-6.739819049835205,-43.99195098876953
31.92,5.4,149.10938,1968.0,0.9562348265919056,0.0,-3.7,-36.6,-4.178717136383057,-20.023902893066406
48.545,13.3528,478.40625,1998.0,-0.2135209154397959,9.534864148008635e-06,-6.21,-42.9,-7.32744026184082,-49.015541076660156
41.31666667,-7.733333333,470.85938,1989.0,-0.7236440382959123,0.0,-8.62,-56.6,-5.590734958648682,-33.238258361816406
36.15,-5.35,1.5737915,2013.0,0.741222010848596,0.0,-3.55,-22.8,-3.957937717437744,-17.957740783691406
24.91,91.84533333,16.452148,2019.0,0.741222010848596,0.0007818979793228,-1.14,2.8,-3.8827271461486816,-17.253883361816406
47.42692898,9.400776879,758.46875,2016.0,-0.6932812268869771,0.0,-8.19,-53.84,-6.529654026031494,-42.025123596191406
39.03,141.81,81.234375,1981.0,-0.2884824328806098,7.232061307149706e-06,-8.67,-48.8,-6.866888523101807,-45.181129455566406
13.73,100.5,5.7392578,2000.0,0.9562348265919056,0.0,-3.0,-9.3,-4.314581394195557,-21.295387268066406
22.31666667,114.1666667,34.056641,1987.0,-0.9587178169872964,0.0,-4.14,-24.9,-7.054852485656738,-47.862831115722656
-15.85,-47.93,1012.8125,1985.0,-0.9741004551724206,1.3538689017877914e-05,-3.1,-6.0,-2.2911744117736816,-2.3593521118164062
50.4972,9.9428,920.40625,2000.0,-0.23030567023061196,0.0,-9.28,-65.85,-7.579497814178467,-51.127479553222656
14.97219444,-87.97477778,926.03125,2010.0,-0.2135209154397959,0.0,-5.391358616,-26.35280256,-4.947805881500244,-27.221412658691406
39.91055556,41.27555556,1890.5625,2010.0,-0.9587178169872964,0.0,-3.143224957,-13.53918068,-4.790106296539307,-25.745582580566406
-34.82175,-58.57258333,11.479492,2020.0,-0.23030567023061196,0.0,-2.47,-3.2,-3.7226014137268066,-15.755348205566406
62.08,129.75,94.992188,1998.0,0.9510565162951535,0.0,-28.9,-230.6,-24.525625228881836,-193.08786010742188
-20.901,55.484,83.28125,2006.0,0.6994583270516471,4.571309091261355e-06,-5.4,-34.38,-3.2373719215393066,-11.214332580566406
18.23388889,-65.885,70.4375,2008.0,0.9634705485641488,2.017707083723508e-05,-0.69,6.2,-2.1650147438049316,-1.1786880493164062
-1.43,-48.48,4.737793,1983.0,-0.9741004551724206,0.0,-1.4,-1.0,-1.9078431129455566,1.2280502319335938
23.05,-82.21666667,123.02734,2004.0,0.2802306751992159,0.0001813215058064,-1.82,-10.59,-4.054983615875244,-18.865943908691406
4.05,114.81,27.053711,2011.0,0.9562348265919056,0.0,-11.723,-87.252,-6.864750385284424,-45.16111755371094
44.13333333,6.333333333,881.625,2012.0,-0.7116566222817751,1.1604693099798167e-05,-9.5,-67.4,-8.988546371459961,-62.95178985595703
13.07176111,-59.48972222,45.302734,1975.0,-0.2884824328806098,1.641291964915581e-05,-1.69,-6.6,-1.9515137672424316,0.8193588256835938
51.6,-1.1,55.042969,2004.0,-0.27195815753410524,0.0,-11.09,-76.9,-7.8701677322387695,-53.584434509277344
41.15305556,-96.49277778,352.0625,1992.0,0.401487989205973,0.0,-17.4,-126.0,-7.274530410766602,-48.59547424316406
50.06166667,19.84861111,356.8125,2020.0,0.9562348265919056,1.9625575077952817e-05,-7.96,-59.2,-10.570516586303711,-76.2021255493164
35.68,139.77,22.099609,1976.0,-0.7116566222817751,0.0001857099268818,-6.85,-36.9,-5.519163608551025,-32.568458557128906
46.72738634,8.186782163,600.90625,1986.0,-0.2135209154397959,0.0,-5.63,-33.1,-6.663395404815674,-43.27674102783203
63.37,-135.52,588.34375,1988.0,-0.23030567023061196,0.0,-17.4,-140.0,-23.676450729370117,-185.97531127929688
27.7,106.88,860.71875,1991.0,0.29671281927349075,0.0001257799158338,-12.08,-81.4,-6.534809589385986,-42.07337188720703
23.05,-82.21666667,123.02734,2021.0,0.2386727660059501,6.571102403540863e-06,-0.32,7.3,-1.8981385231018066,1.3188705444335938
49.19472222,-123.0172222,1.3475342,2018.0,0.741222010848596,0.0,-6.12,-52.3,-11.496423721313477,-83.9573745727539
39.1,117.1666667,3.3602295,2000.0,-0.9634705485641486,0.0,-5.8,-33.0,-6.950440883636475,-46.37317657470703
76.76666667,-18.66666667,0.0,2008.0,-0.27195815753410524,0.0,-19.01,-142.68,-17.80384635925293,-136.78732299804688
-35.07,173.28,71.449219,1980.0,-0.6932812268869771,0.0004588949668686,-4.42,-24.5,-3.894857883453369,-17.367408752441406
-40.68,144.69,82.167969,2001.0,0.6994583270516471,0.0,-2.35,-8.6,-4.678503513336182,-24.701148986816406
49.7703,9.9578,265.90625,1990.0,-0.2884824328806098,0.0,-11.04,-81.0,-10.603767395019531,-76.48062896728516
40.67,109.85,1068.9375,1988.0,0.6994583270516471,0.0,-13.01,-91.6,-14.535036087036133,-109.4083023071289
50.7311,13.7514,876.875,2010.0,-0.680773409477016,2.1254989405861124e-05,-9.93,-63.6,-6.866888523101807,-45.181129455566406
46.65772518,8.292706832,1061.3125,2006.0,0.2386727660059501,0.0001864851656137,-15.58,-119.8,-12.529756546020508,-92.6124038696289
36.98,35.3,22.958008,1994.0,0.741222010848596,0.0,-3.8,-20.8,-3.089376926422119,-9.829322814941406
-12.43,130.87,16.515625,1965.0,0.741222010848596,0.0,-1.8,-3.1,-4.377661228179932,-21.885719299316406
32.2361,-110.9439,753.21875,1991.0,-0.9587178169872964,2.740297895797994e-05,-6.490909091,-43.62937063,-7.197469711303711,-49.897560119628906
-65.07944444,-63.9775,286.6875,1978.0,0.2386727660059501,3.07221482755787e-06,-8.31,-58.7,-9.424144744873047,-82.90423583984375
47.59583333,7.594444444,248.26562,2010.0,0.741222010848596,7.359457958955318e-05,-8.26,-60.75,-6.866888523101807,-45.181129455566406
31.62,25.95,0.0,1990.0,0.6994583270516471,8.040690772759262e-06,-3.87,-19.7,-3.1015076637268066,-9.942848205566406
51.3,3.75,9.4589844,1989.0,0.6994583270516471,1.6106547263916582e-05,-7.1,-52.1,-7.921269416809082,-56.92974853515625
43.03916667,16.09055556,0.0,2000.0,-0.27195815753410524,5.026667349739e-05,-5.56,-39.75,-6.624122142791748,-42.909202575683594
53.8713,8.7058,4.7202148,1980.0,0.7295575540864875,1.6414871424785815e-05,-5.59,-44.0,-6.866888523101807,-45.181129455566406
-45.35,-72.07,583.1875,1991.0,-0.680773409477016,0.0,-12.4,-94.0,-9.504281997680664,-82.8090591430664
50.06166667,19.84861111,356.8125,1994.0,-0.9587178169872964,0.0,-6.4,-43.6,-8.073881149291992,-55.34564208984375
32.63333333,-16.9,0.0,1994.0,-0.9741004551724206,0.0,-3.51,-14.6,-3.5721802711486816,-14.347633361816406
76.76666667,-18.66666667,0.0,1995.0,-0.2884824328806098,0.0,-24.3,-186.4,-17.93684959411621,-137.90133666992188
28.58,77.2,222.79688,1966.0,-0.680773409477016,0.0002025250141741,-9.2,-54.7,-5.949198246002197,-36.592933654785156
-25.73,28.18,1326.75,1999.0,0.2386727660059501,6.18952835793607e-05,-5.12,-27.2,-3.661947727203369,-15.187721252441406
28.58,77.2,222.79688,1962.0,-0.2135209154397959,0.0006304982234723,-5.3,-29.2,-2.846762180328369,-7.558815002441406
53.7122,7.1519,8.8525391,2001.0,-0.680773409477016,0.0,-5.31,-33.87,-6.849772930145264,-45.02095031738281
-22.399288,-47.543743,626.78125,2013.0,0.9510565162951535,0.0,-4.1,-20.6,-5.100653171539307,-28.651832580566406
45.32,-75.67,112.08594,2012.0,-0.23030567023061196,0.0001373760314891,-2.68,-21.2,-7.015398025512695,-46.42502212524414
52.8,5.05,-4.4990234,2006.0,-0.35367612217637207,0.0,-6.71,-41.76,-6.866888523101807,-45.181129455566406
12.69325,-7.995494444,382.5625,1979.0,-0.2135209154397959,0.0,-5.41,-37.5,-5.833349704742432,-35.508766174316406
39.95,32.88,920.125,1988.0,0.2386727660059501,2.5064495275728405e-05,-13.54,-94.6,-10.770021438598633,-77.8731460571289
66.53333333,66.66666667,16.196289,1996.0,-0.7116566222817751,3.336614099680446e-06,-16.3,-126.3,-18.663251876831055,-143.98556518554688
41.7787,2.5047,614.3125,2011.0,0.741222010848596,0.0,-4.38823431,-24.48818781,-5.701731204986572,-34.277015686035156
-14.67,17.7,1367.125,1973.0,-0.2884824328806098,0.0,-4.82,-40.3,-4.625128269195557,-24.201637268066406
57.9343266,24.9803513,46.894531,2017.0,0.6994583270516471,1.2970566785952542e-05,-12.05,-88.6,-13.148733139038086,-97.7968521118164
52.2914,10.4464,80.6875,1978.0,-0.9741004551724206,1.3529764146369416e-05,-5.87,-38.0,-7.68543815612793,-52.83995819091797
64.13,-21.93,12.141602,1997.0,-0.9741004551724206,3.340375769766979e-05,-8.61,-59.8,-9.496259689331055,-67.2043228149414
50.9,14.8,240.94531,2018.0,-0.7236440382959123,7.538263162132353e-05,-9.65,-67.3,-10.529592514038086,-75.8593521118164
66.49686111,25.75518056,108.88672,2015.0,0.9760105506323683,0.0,-14.18,-107.2,-15.82414436340332,-120.2056655883789
47.7,27.88333333,177.36719,2014.0,-0.7236440382959123,0.0,-11.86,-83.2,-10.34031867980957,-74.2740249633789
49.7478,6.6581,259.26562,1999.0,0.6994583270516471,0.0,-7.62,-53.3,-9.480913162231445,-67.0757827758789
32.18,118.18,39.578125,1990.0,-0.9741004551724206,0.0,-4.79,-23.8,-6.672824382781982,-43.970985412597656
32.97,35.5,816.46875,1975.0,-0.9587178169872964,0.0,-7.67,-29.8,-2.914694309234619,-8.194557189941406
38.66038889,-27.22009444,77.109375,1999.0,-0.4093559588156211,1.365932166663697e-05,-0.17,2.4,-3.8730225563049316,-17.163063049316406
-0.13,-67.08,58.835938,1977.0,-0.7236440382959123,0.0001336334098596,-1.22,-2.3,-3.433889865875244,-13.053443908691406
-27.43,153.08,5.7802734,2000.0,0.6994583270516471,0.0,-4.02,-18.9,-2.5095276832580566,-4.402809143066406
48.24861111,16.35638889,200.63281,1997.0,0.9510565162951535,4.897280450677499e-05,-7.84,-56.4,-9.690649032592773,-68.8324966430664
4.05,114.81,27.053711,2008.0,0.9859481499638304,0.0,-8.35,-54.79,-6.756953716278076,-44.152305603027344
47.8008,11.0108,974.96875,1987.0,0.2386727660059501,0.0,-15.03,-110.3,-12.642297744750977,-93.5550308227539
40.98333333,15.61666667,602.15625,2004.0,0.2386727660059501,2.1000105334678665e-05,-11.0,-68.0,-8.969531059265137,-63.96131134033203
19.28,166.65,4.0,1973.0,0.2386727660059501,1.6107678675325587e-05,-0.67,3.6,-2.1844239234924316,-1.3603286743164062
-0.166666667,-78.48333333,2781.625,2006.0,0.6994583270516471,3.945854405174032e-05,-9.39,-61.64,-10.730470657348633,-100.3031997680664
10.00036389,-84.10913333,1157.3125,2018.0,0.6551563572090853,9.469522046856582e-05,-11.18307558,-71.79530662,-8.41685676574707,-67.2946548461914
49.068224,13.614822,1118.0,2018.0,-0.2135209154397959,0.0,-6.66,-45.2,-7.083688735961914,-46.92478561401367
0.05,32.45,1135.4375,1963.0,0.741222010848596,0.0001564613485243,-7.3,-42.2,-3.0966553688049316,-9.897438049316406
22.2,92.2,144.05469,2019.0,-0.9741004551724206,0.0,-7.11,-48.0,-7.774286270141602,-58.127052307128906
46.095,14.597,283.89062,1987.0,-0.2884824328806098,0.0001856932212831,-12.35,-91.0,-12.72926139831543,-94.2834243774414
-46.88,37.87,0.0,1997.0,0.9510565162951535,2.940682406915585e-06,-4.09,-24.3,-5.046064853668213,-28.140968322753906
47.12,9.49,459.84375,2023.0,-0.7236440382959123,0.0,-10.68,-83.26,-11.762430191040039,-86.1854019165039
14.559667,-90.937833,1575.0625,2020.0,-0.970063921851507,0.0007609036401845,-9.91,-68.8,-6.1500020027160645,-45.016334533691406
46.20239,7.84117,1546.1875,2020.0,-0.970063921851507,0.0001944755204021,-12.77,-93.65,-10.739328384399414,-77.6160659790039
13.52,2.09,210.4375,2016.0,0.7295575540864875,0.0,-2.51,-12.3,-2.1359009742736816,-0.9062271118164062
28.46344137,-16.2553441,36.554688,2003.0,-0.7236440382959123,3.4260747270309366e-06,-0.63,-5.25,-2.380941867828369,-3.1994400024414062
61.22,-48.12,20.967773,1964.0,0.9562348265919056,0.0,-10.7,-79.9,-11.378767013549805,-82.9719009399414
46.57248471,8.332719621,1924.0,2013.0,0.741222010848596,0.0,-13.01,-91.97,-10.230335235595703,-73.35282135009766
71.3,-156.78,0.0,1967.0,0.29671281927349075,1.2451801012502983e-05,-8.36,-91.6,-19.420347213745117,-150.32687377929688
40.595,80.85833333,1029.4375,1991.0,0.6486295610349814,0.0,-20.21,-91.8,-14.765233993530273,-111.3364028930664
49.0392,8.365,112.44141,1985.0,0.741222010848596,0.0,-6.86,-50.9,-6.866888523101807,-45.181129455566406
-34.05,115.0249,77.78125,2012.0,-0.9979171608653922,1.3957445617052144e-06,-3.34,-4.9,-2.972921848297119,-8.739479064941406
-46.42,168.32,-0.90939331,1991.0,-0.2884824328806098,4.194409484625794e-05,-6.82,-42.8,-6.770752429962158,-44.28144073486328
48.24861111,16.35638889,200.63281,2020.0,0.6994583270516471,0.0,-7.59,-63.3,-11.07695198059082,-80.4439468383789
-19.23,-66.95972,3702.875,2009.0,0.9510565162951535,1.6913107174332254e-05,-17.48600365,-123.5,-11.198453903198242,-106.9799575805664
46.57248471,8.332719621,1924.0,2014.0,0.9760105506323683,1.021007392409956e-05,-15.19,-112.4,-12.591142654418945,-93.1265640258789
48.18427778,16.389575,201.11719,2002.0,-0.9932568492674143,0.0,-13.8,-97.1,-7.2766008377075195,-51.026527404785156
-3.12,-60.02,49.394531,1980.0,0.2386727660059501,8.328989497385919e-05,-1.16,1.9,-3.9797730445861816,-18.162086486816406
41.9,12.5,59.011719,2002.0,0.8165380514459161,0.0,-1.11,0.14,-5.683535099029541,-34.106727600097656
14.64,121.04,42.933594,2021.0,0.29671281927349075,0.0,-9.1,-62.9,-6.579390048980713,-42.490577697753906
48.545,13.3528,478.40625,2003.0,-0.2135209154397959,8.024398994166404e-05,-6.84,-46.3,-6.74360990524292,-44.027427673339844
53.8713,8.7058,4.7202148,1980.0,0.2386727660059501,2.456456059007905e-05,-8.21,-67.6,-8.961688995361328,-62.726844787597656
13.73,100.5,5.7392578,2013.0,0.9510565162951535,0.0001010141786537,-2.61,-10.5,-3.8099427223205566,-16.572731018066406
46.095,14.597,283.89062,2005.0,0.6994583270516471,0.0,-18.34,-132.51,-11.527116775512695,-84.2144546508789
10.3,1.38,439.10938,2017.0,0.9760105506323683,0.0,-0.65,3.6,-2.0776734352111816,-0.36130523681640625
81.6,-16.67,27.780273,1967.0,0.6994583270516471,3.584009027690627e-05,-32.31,-246.7,-24.423315048217773,-192.23092651367188
6.2,100.4,3.8469238,2000.0,-0.9634705485641486,8.808623533695936e-05,-8.19,-45.1,-6.541577339172363,-44.582984924316406
-2.6,-44.23,60.449219,1990.0,0.5307300481619334,0.0004205774748697,-4.58,-20.5,-3.4120545387268066,-12.849098205566406
32.97,35.5,816.46875,1988.0,0.9562348265919056,0.0,-6.29,-25.2,-4.831350803375244,-26.131568908691406
40.50691,-1.65147,1713.75,2020.0,0.9721181966290613,0.0001201406121253,-8.73,-57.4,-8.296672821044922,-57.156776428222656
38.28,21.79,113.0625,2018.0,-0.2884824328806098,3.558107346179895e-05,-7.16,-45.9,-5.900068759918213,-36.133155822753906
-0.37,-78.55,3064.0,2008.0,0.9721181966290613,9.099294402403756e-05,-13.55,-93.76,-10.581731796264648,-98.1811294555664
46.65772518,8.292706832,1061.3125,2009.0,0.6994583270516471,7.782079774187878e-05,-17.74,-132.9267922,-13.435201644897461,-100.1962661743164
-0.694444444,-90.325,182.40625,2000.0,-0.23030567023061196,1.8362599121246603e-06,-1.72,-1.7,-1.5924439430236816,4.179710388183594
-15.55555556,-69.98222222,3815.25,2000.0,-0.27195815753410524,9.6448406111449e-05,-20.15,-151.2,-9.720134735107422,-85.8886489868164
41.02444444,40.52,10.936523,2021.0,0.6994583270516471,1.5740898788862978e-06,-10.27,-64.7,-8.538381576538086,-59.18128204345703
0.453055556,33.195,1174.25,2020.0,0.2802306751992159,7.35170251573436e-05,0.91,17.6,-2.007315158843994,0.29714202880859375
41.66056063,-1.004162565,244.98438,2002.0,-0.680773409477016,7.6201198680792e-05,-4.82,-28.28,-4.733091831207275,-25.212013244628906
43.365884,-8.421399,56.794922,2004.0,0.6994583270516471,0.0,-5.11,-23.08,-5.728418827056885,-34.526771545410156
-16.23433889,-67.78571667,2239.0,1983.0,-0.9587178169872964,0.0,0.24,-21.7,-2.0534119606018066,-0.13425445556640625
47.42692898,9.400776879,758.46875,2020.0,-0.9634705485641486,0.0,-8.93,-58.1,-8.529428482055664,-59.106300354003906
-7.980533333,-38.29251111,435.45312,1974.0,-0.2135209154397959,3.578114444735548e-07,-0.9,3.0,-2.8249268531799316,-7.354469299316406
49.7478,6.6581,259.26562,1998.0,0.741222010848596,0.0001014339286484,-8.06,-56.0,-6.866888523101807,-45.181129455566406
-30.08,-51.18,244.72656,1982.0,-0.9587178169872964,5.792230876977556e-05,-4.46,-20.1,-3.8147950172424316,-16.618141174316406
4.191752786,9.16007682,3332.25,1973.0,0.02581844022713308,9.220168431056663e-05,-8.98,-62.6,-7.182278633117676,-49.680824279785156
68.75944444,161.3425,38.8125,2005.0,-0.680773409477016,0.0,-19.32,-150.46,-17.404836654663086,-133.44528198242188
42.85,-80.27,228.9375,1982.0,0.9760105506323683,0.0,-7.8,-52.0,-9.157358169555664,-64.36573028564453
46.49143367,9.898180888,1767.6875,1999.0,0.6994583270516471,1.406571755069308e-05,-23.87,-177.1885741,-15.256322860717773,-115.4496841430664
-33.97,18.6,41.798828,1973.0,-0.680773409477016,1.1838906175398732e-05,-3.93,-19.1,-3.011740207672119,-9.102760314941406
36.846389,-2.356942,16.541016,2004.0,-0.970063921851507,5.467507889989065e-06,-0.58,2.19,-4.724600315093994,-25.132545471191406
47.6772,9.19,442.90625,1982.0,0.29671281927349075,0.0001107550124288,-6.73,-46.9,-8.72509765625,-60.74518585205078
1.685556,33.616389,1096.9375,2016.0,-0.6932812268869771,0.0,-2.35,-1.1,-2.555624485015869,-4.834205627441406
-4.633888889,-79.71638889,2753.5,2007.0,0.6994583270516471,0.0,-2.5,-16.92,-8.80230712890625,-72.7939224243164
51.35,12.43,125.46484,2013.0,0.29671281927349075,0.0,-5.0,-35.4,-7.45549201965332,-50.111175537109375
39.48056611,-0.366386255,14.827637,2000.0,-0.9634705485641486,0.0,-5.18,-37.1,-4.441954135894775,-22.487403869628906
13.07,123.91,325.17188,1998.0,-0.9587178169872964,0.0003001507429871,-6.8,-39.7,-6.866888523101807,-45.181129455566406
18.27694444,-65.78583333,628.3125,2007.0,0.8996308696522433,1.9700246411957775e-05,-0.95,9.3,-2.1601624488830566,-1.1332778930664062
43.49111613,-3.800555816,50.095703,2020.0,-0.6932812268869771,0.0,-5.02,-33.5,-3.632833957672119,-14.915260314941406
56.21666667,43.81666667,76.433594,1983.0,-0.7236440382959123,0.0,-18.2,-134.0,-14.089986801147461,-105.6806411743164
-17.83,31.02,1473.25,1995.0,0.6994583270516471,0.0,-1.4,2.2,-5.321432590484619,-30.717994689941406
46.39864119,6.233803787,434.125,2022.0,0.9510565162951535,0.0,-9.63,-70.4,-10.268701553344727,-73.6741714477539
43.68333333,-1.066666667,17.238281,2004.0,-0.970063921851507,0.0004118159122299,-6.24,-40.52,-5.617422580718994,-33.488014221191406
-34.93,138.58,24.027344,2007.0,0.741222010848596,0.0,-2.82,-13.0,-4.283041477203369,-21.000221252441406
-0.166666667,-78.48333333,2781.625,2012.0,-0.7116566222817751,2.2943875592318363e-05,-7.23,-47.64,-8.222770690917969,-64.5256118774414
36.98,35.3,22.958008,2001.0,-0.680773409477016,0.0,-1.525,-9.4,-3.472708225250244,-13.416725158691406
-27.17,-109.43,140.28906,2017.0,-0.7236440382959123,9.462063644605225e-06,-3.33,-14.7,-3.108786106109619,-10.010963439941406
10.25,-67.65,430.0,1964.0,-0.27195815753410524,0.0,-1.3,0.6,-5.036360263824463,-28.050148010253906
41.05916667,-100.7463889,918.34375,1994.0,0.4711595076738638,0.0,-6.7,-37.0,-8.419445037841797,-58.185096740722656
41.13333333,-8.6,59.621094,2002.0,0.9510565162951535,0.0,-6.19,-37.8,-5.224386692047119,-29.809791564941406
24.83736944,-80.80080278,0.0,2002.0,0.26366549272800704,2.152790511900093e-05,-7.95,-59.9,-2.8491883277893066,-7.581520080566406
32.36666667,-6.4,467.60938,2003.0,0.1202080448993527,0.0,-0.38,3.14,-4.395857334136963,-22.056007385253906
48.545,13.3528,478.40625,2001.0,0.6994583270516471,7.514215394621715e-05,-11.84,-87.1,-12.447908401489258,-91.9268569946289
62.28,-114.27,159.84375,1990.0,0.29671281927349075,1.8104259652318436e-05,-14.33,-127.9,-17.32810401916504,-132.80258178710938
43.55833333,1.469444444,154.53906,2012.0,0.7295575540864875,4.421416088007391e-05,-4.8,-24.84,-5.448805332183838,-31.910011291503906
48.24861111,16.35638889,200.63281,1985.0,-0.9741004551724206,0.0,-5.36,-24.5,-8.58018684387207,-60.93799591064453
9.0,38.73,2329.125,2012.0,0.9721181966290613,0.0,2.7,30.47,0.22716665267944336,21.208518981933594
44.52361111,11.33888889,38.84375,1999.0,0.2386727660059501,0.000223998868023,-8.11,-55.9,-7.554065704345703,-53.09406280517578
10.00036389,-84.10913333,1157.3125,2015.0,-0.6870527672236675,0.0001276372058782,-10.52356656,-77.22238528,-6.028008460998535,-39.161293029785156
53.5483,13.1931,76.890625,1997.0,-0.7236440382959123,0.0,-11.23,-80.6,-9.823652267456055,-69.9465103149414
-54.78,-68.28,104.83984,1993.0,-0.9587178169872964,0.0,-11.2,-84.0,-8.905698776245117,-74.2690200805664
6.99,125.24,1928.125,1994.0,-0.2135209154397959,3.4465803764760494e-05,-14.18,-98.4,-8.13026237487793,-63.205787658691406
-17.97472,-67.08,3703.375,2011.0,-0.2884824328806098,2.597113234514836e-05,-15.8,-111.1,-9.511537551879883,-82.9125747680664
45.32,-75.67,112.08594,1996.0,-0.970063921851507,0.0,-12.7,-87.5,-9.787843704223633,-69.6465835571289
49.7478,6.6581,259.26562,1983.0,0.2386727660059501,0.0,-6.79,-49.9,-10.199642181396484,-73.09574127197266
7.789855,-76.650846,30.420898,2016.0,0.7295575540864875,0.0,-8.9,-60.4,-5.820005893707275,-35.383888244628906
45.32,-75.67,112.08594,2009.0,0.9510565162951535,0.0,-9.504564159,-70.58,-10.805830001831055,-78.1730728149414
32.55,35.85,570.125,2000.0,-0.7116566222817751,9.187404793919995e-05,-7.32,-43.9,-4.110785007476807,-19.388160705566406
38.28,21.79,113.0625,2017.0,0.29671281927349075,1.1970447303610854e-05,-1.82,-8.0,-4.424971103668213,-22.328468322753906
10.25,-67.65,430.0,1961.0,-0.7236440382959123,0.0,-4.6,-30.4,-5.274131774902344,-30.644554138183594
50.92,5.78,111.17188,1989.0,0.6994583270516471,2.7159479941474277e-05,-7.14,-46.1,-8.97032356262207,-63.422630310058594
6.166666667,102.2833333,3.2288818,2017.0,0.2386727660059501,0.0001204337822855,-6.25,-40.0,-5.672010898590088,-33.998878479003906
41.93333333,45.48333333,0.0,2013.0,0.9760105506323683,0.0,-8.72,-52.8,-9.047374725341797,-63.44452667236328
-53.0,-70.833333,32.589844,1991.0,-0.9741004551724206,2.9711489332839847e-05,-13.8,-104.0,-8.778726577758789,-72.4574966430664
41.15305556,-96.49277778,352.0625,1993.0,-0.008606996888688009,0.0001760829181876,-5.3,-35.0,-5.075178623199463,-28.413429260253906
42.025,35.15833333,61.443359,2016.0,-0.27195815753410524,4.884714871877805e-05,-11.6,-74.7,-10.836523056030273,-78.4301528930664
26.08333333,119.2833333,13.927246,1989.0,-0.2135209154397959,9.139328903984278e-05,-4.4,-31.6,-7.031838893890381,-47.53449249267578
52.98,158.65,0.0,1997.0,0.2386727660059501,7.440976787620457e-06,-13.5,-104.9,-17.83453941345215,-137.04440307617188
46.98141401,6.607999655,1046.0625,2016.0,0.9721181966290613,0.0,-10.09,-70.38,-11.790565490722656,-86.42105865478516
46.78,23.61,336.76562,2017.0,-0.680773409477016,0.0,-2.94,-19.3,-6.430485248565674,-41.09705352783203
45.37,-63.27,12.535156,1978.0,-0.9587178169872964,0.0,-8.23,-48.0,-7.484421253204346,-52.1861457824707
34.3,108.93,399.84375,1989.0,0.741222010848596,0.0,-3.98,-32.2,-4.439527988433838,-22.464698791503906
-21.2,-159.8,7.8220215,1982.0,-0.2135209154397959,1.752080424921587e-05,-3.12,-12.7,-3.560049533843994,-14.234107971191406
52.8,5.05,-4.4990234,2009.0,-0.6354323008901775,0.0,-6.07,-36.31,-6.866888523101807,-45.181129455566406
-27.43,153.08,5.7802734,1994.0,-0.7236440382959123,0.0,-3.12,-15.7,-2.4707093238830566,-4.039527893066406
18.47,-70.02,1.0,1995.0,0.9510565162951535,0.0,-0.53,9.3,-2.1747193336486816,-1.2695083618164062
64.13,-21.93,12.141602,2021.0,-0.680773409477016,5.379174035624601e-05,-6.51,-47.2,-8.26725959777832,-56.91040802001953
4.05,114.81,27.053711,2009.0,-0.14579919691987442,0.0,-6.58,-41.72,-7.1435065269470215,-49.127662658691406
46.72738634,8.186782163,600.90625,1987.0,0.2386727660059501,0.0,-15.64,-112.5,-13.77794075012207,-103.0669937133789
46.98141401,6.607999655,1046.0625,2011.0,0.9510565162951535,0.0,-9.11,-64.35,-11.872413635253906,-87.10660552978516
48.52,135.17,72.246094,1971.0,0.9760105506323683,0.0,-13.4,-99.0,-17.988004684448242,-138.32980346679688
9.93,-84.1,1135.125,2013.0,-0.9587178169872964,0.000128290746943,-10.31,-69.3,-8.207426071166992,-70.51106262207031
0.512102778,25.20643889,414.57812,2015.0,0.6994583270516471,2.065902299364097e-05,1.03,26.9,-1.8981385231018066,1.3188705444335938
47.4,28.49166667,94.726562,2021.0,-0.9587178169872964,0.0,-9.11,-69.9,-7.627749443054199,-52.824951171875
58.38277778,21.81416667,5.9343262,2021.0,0.741222010848596,8.231496758526191e-05,-10.46,-73.1,-8.191804885864258,-56.278419494628906
40.7930564,-4.010553289,1892.5,2021.0,0.6994583270516471,0.0002850970777217,-9.97,-67.8,-10.396589279174805,-74.7453384399414
47.07777778,15.44888889,370.03125,1996.0,-0.23030567023061196,0.0,-5.72,-37.9,-6.78455114364624,-44.41057586669922
46.17378583,8.788556051,407.5,2007.0,-0.9741004551724206,6.383203526638681e-06,-9.85,-70.6,-8.416942596435547,-59.761695861816406
46.22030867,7.33848445,481.70312,2000.0,0.9721181966290613,0.0,-11.33,-87.6262455,-11.15880012512207,-81.1294937133789
42.7728,-0.33149,1302.3125,2013.0,-0.9587178169872964,0.0,-7.21,-49.2,-7.170462131500244,-47.723812103271484
10.30944444,-84.8075,1486.125,2003.0,-0.970063921851507,4.418904791236855e-05,-8.4,-55.0,-8.421092987060547,-68.29145050048828
47.81666667,13.71777778,1616.0625,2021.0,0.9700639218515071,9.359410614706576e-05,-12.511,-85.01,-11.097414016723633,-80.6153335571289
48.4042,2.6965,79.179688,2021.0,0.6994583270516471,0.0,-9.26,-64.8,-7.897894382476807,-55.06493377685547
18.27694444,-65.78583333,628.3125,2007.0,0.008606996888688698,1.617522502783686e-05,-2.28,-9.0,-2.075247287750244,-0.33860015869140625
-34.05,115.0249,77.78125,2011.0,-0.3294084822245302,5.0979146180907264e-05,-5.53,-21.9,-3.380514621734619,-12.553932189941406
41.91172742,2.763346411,139.71094,2016.0,0.6994583270516471,5.42752286492032e-06,-8.04,-51.7,-6.15056848526001,-38.477455139160156
-34.05,115.0249,77.78125,2018.0,-0.8359254794186365,7.374032429652289e-05,-7.78,-43.3,-2.9607911109924316,-8.625953674316406
-27.17,-109.43,140.28906,1998.0,-0.9741004551724206,2.253796992590651e-05,-2.35,-6.4,-2.8783020973205566,-7.853981018066406
51.3,3.75,9.4589844,1996.0,-0.9995462806873573,0.0,-2.98,-26.7,-6.866888523101807,-45.181129455566406
22.06538333,-80.48231667,32.125,2020.0,0.6994583270516471,0.0,-0.67,8.1,-2.4707093238830566,-4.039527893066406
33.65694444,73.26611111,580.9375,2014.0,0.741222010848596,1.3671057786268648e-05,0.77,18.7,0.45522451400756836,23.342796325683594
46.57248471,8.332719621,1924.0,2007.0,-0.7236440382959123,5.221975516178645e-05,-13.78,-94.12,-14.719194412231445,-110.9507827758789
26.58333333,106.7166667,1077.9375,1988.0,-0.23030567023061196,0.0,-8.57,-58.0,-7.464026927947998,-55.95581817626953
36.98,35.3,22.958008,2019.0,0.9760105506323683,3.5791246773442253e-05,-5.39,-35.4,-4.115637302398682,-19.433570861816406
49.0392,8.365,112.44141,1995.0,-0.680773409477016,0.0,-4.58,-29.6,-6.702365398406982,-43.641441345214844
47.47051111,21.49041944,105.30859,2009.0,-0.01721335615583528,0.0,-7.5,-48.42,-7.570271015167236,-51.072547912597656
53.8713,8.7058,4.7202148,1995.0,-0.2135209154397959,0.0,-5.39,-37.9,-6.439886569976807,-41.185035705566406
48.8281,9.2,313.79688,1982.0,-0.2135209154397959,0.0,-6.48,-45.3,-6.411985874176025,-40.923927307128906
50.3381,7.6,86.441406,1988.0,0.2802306751992159,8.388631613343023e-06,-6.55,-44.0,-6.866888523101807,-45.181129455566406
-33.11011944,-64.24918333,408.09375,2010.0,0.6994583270516471,0.0,-5.6,-33.0,-6.288252353668213,-39.765968322753906
48.18427778,16.389575,201.11719,2002.0,0.008606996888688698,0.0,2.1,14.0,-7.722457408905029,-52.34723663330078
8.92,-79.6,11.163086,1969.0,-0.9587178169872964,0.0005567865446209,-8.44,-53.1,-6.25944185256958,-39.49634552001953
49.0422,12.1019,370.21875,1985.0,0.9510565162951535,2.8539463528431952e-05,-15.73,-120.2,-11.353189468383789,-82.7576675415039
47.81666667,13.71777778,1616.0625,2022.0,0.02581844022713308,0.0001006040401989,-4.474,-23.18,-10.56795883178711,-76.18070220947266
-1.61374,29.25533,1773.0625,2014.0,0.2386727660059501,2.542293259466533e-05,0.39,22.34,0.41640615463256836,22.979515075683594
-33.97,18.6,41.798828,1964.0,0.2386727660059501,0.0,-3.2,-17.4,-3.3004517555236816,-11.804664611816406
50.06166667,19.84861111,356.8125,2003.0,-0.9587178169872964,7.06297141732648e-05,-9.92,-68.9,-8.101737022399902,-55.84477233886719
50.06166667,19.84861111,356.8125,2020.0,0.7295575540864875,0.0,-8.7,-63.2,-9.32489013671875,-65.76895904541016
47.47051111,21.49041944,105.30859,2006.0,0.8840675099433636,7.730746801826172e-06,-9.83,-70.8,-10.038503646850586,-71.7460708618164
9.0,38.73,2329.125,1994.0,0.741222010848596,0.0,0.82,12.3,-0.5977234840393066,13.488792419433594
51.01666667,-114.0166667,1033.25,1997.0,-0.9587178169872964,1.4060169633012263e-05,-15.0,-106.3,-16.059457778930664,-122.1766128540039
-0.166666667,-78.48333333,2781.625,2004.0,-0.23030567023061196,0.0,-8.88,-67.6,-8.066776275634766,-62.300025939941406
41.733333,43.516667,0.0,2018.0,0.2386727660059501,5.496984158526175e-05,-17.03,-123.5,-10.58586311340332,-76.3306655883789
47.98,-55.82,119.36328,1999.0,0.6994583270516471,0.0,-7.5,-47.3,-13.031076431274414,-96.8113784790039
37.77,-25.65,137.14062,1997.0,0.2386727660059501,4.779439677804476e-06,-4.87,-25.3,-3.7856812477111816,-16.345680236816406
35.53333056,106.7,1342.3125,2004.0,0.9721181966290613,0.0,-2.1,-7.0,-6.565934658050537,-40.30493927001953
-4.633888889,-79.71638889,2753.5,2006.0,-0.7236440382959123,0.0,-8.94,-61.38,-6.126286506652832,-38.33347702026367
50.12,-104.42,580.5,2009.0,-0.9741004551724206,0.0,-17.75,-127.6,-16.192461013793945,-123.2906265258789
41.64083945,-4.754446679,735.625,2001.0,-0.680773409477016,0.0,-0.34,-13.2,-4.906561374664307,-26.835426330566406
47.6772,9.19,442.90625,1997.0,0.9510565162951535,9.594138828106225e-05,-8.07,-57.8,-10.885120391845703,-78.83719635009766
42.025,35.15833333,61.443359,2011.0,0.741222010848596,0.0,-4.857230263,-30.52191801,-6.0013604164123535,-37.081092834472656
51.83,6.25,9.5,2007.0,0.2386727660059501,0.0,-6.2,-41.15,-8.593372344970703,-59.641883850097656
-22.71,-46.46583333,1095.0625,1997.0,-0.10310169744743544,0.0001384686474921,-3.57,-16.7,-4.135046482086182,-19.615211486816406
49.82,-74.97,386.4375,2007.0,0.9760105506323683,0.0,-16.62,-121.2,-14.755002975463867,-111.2507095336914
50.12,-104.42,580.5,2005.0,0.9760105506323683,0.0,-16.18,-126.6,-16.85747718811035,-128.86068725585938
19.2,-96.13,0.0,1982.0,0.9760105506323683,4.273083686712198e-05,-0.66,3.5,-1.8156495094299316,2.0908432006835938
-1.22,36.63,2088.375,1967.0,0.29671281927349075,0.0,-1.41,3.7,-0.8209290504455566,11.399925231933594
52.8911,11.7294,21.530273,1999.0,-0.9587178169872964,0.0,-8.88,-62.3,-7.1343560218811035,-47.640960693359375
-35.07,173.28,71.449219,1987.0,0.9510565162951535,0.0,-3.49,-17.7,-4.832563877105713,-26.142921447753906
22.2,92.2,144.05469,2020.0,0.7295575540864875,0.000461393588921,-1.54,-5.6,-3.429037570953369,-13.008033752441406
47.81666667,13.71777778,1616.0625,2020.0,-0.33752289959411347,0.0,-23.411,-175.87,-11.890317916870117,-87.2565689086914
49.7703,9.9578,265.90625,1992.0,-0.7116566222817751,7.314806680369656e-06,-9.03,-63.0,-10.189411163330078,-73.01004791259766
45.46666667,13.61666667,0.5645752,2003.0,-0.2135209154397959,2.402066820650361e-05,-1.56,-7.7,-5.433035373687744,-31.762428283691406
46.25,48.03,-22.556641,1983.0,-0.2135209154397959,0.0,-2.6,-30.0,-6.8055524826049805,-44.60711669921875
6.166666667,102.2833333,3.2288818,2015.0,-0.9741004551724206,0.0,-5.77,-30.6,-6.288034915924072,-41.989845275878906
46.20239,7.84117,1546.1875,2017.0,0.2386727660059501,6.882241723360494e-05,-18.2,-137.1,-14.36622428894043,-107.9943618774414
34.01937778,-6.838286111,18.375977,2002.0,0.9886775902323405,0.0,-4.36,-22.55,-3.987051486968994,-18.230201721191406
21.03,105.84,12.522461,2020.0,0.9562348265919056,0.0,-2.56,-8.7,-2.468283176422119,-4.016822814941406
-53.0,-70.833333,32.589844,2015.0,-0.9741004551724206,0.0,-11.27,-80.1,-8.473993301391602,-68.1098403930664
21.03,105.84,12.522461,2017.0,0.9510565162951535,5.932193016633392e-05,-3.08,-11.1,-2.5289368629455566,-4.584449768066406
13.55,144.83,113.0,1974.0,0.6994583270516471,3.041817944904324e-05,-0.97,-1.1,-2.938955783843994,-8.421607971191406
51.1622,14.9506,238.80469,2002.0,0.9760105506323683,1.959152723429725e-05,-11.92,-86.9,-9.443826675415039,-66.76514434814453
-17.60166667,-149.5583333,949.28125,2001.0,0.2719581575341055,1.3993239008414092e-05,-3.99,-19.6,-3.6012940406799316,-14.620094299316406
38.05011111,23.8675,438.375,2002.0,-0.6932812268869771,0.0,-6.21,-39.6,-4.011312961578369,-18.457252502441406
28.276976,84.30961,2101.5,2016.0,0.3131070409358269,0.0,-0.051690997,12.90842927,1.1151366233825684,29.518577575683594
47.98,-55.82,119.36328,2001.0,-0.9741004551724206,0.0001736748963594,-6.38,-41.6,-9.089576721191406,-63.798011779785156
46.98141401,6.607999655,1046.0625,2017.0,-0.2135209154397959,0.0,-5.05,-30.9,-6.705549716949463,-43.671241760253906
44.42,8.85,5.4519043,1981.0,0.2386727660059501,0.0,-5.53,-32.1,-6.866888523101807,-45.181129455566406
58.26388889,26.46138889,70.085938,2017.0,-0.7236440382959123,0.0,-13.18,-97.2,-11.844278335571289,-86.8709487915039
53.97,-101.1,265.25,1981.0,0.741222010848596,0.0,-12.6,-95.0,-14.161603927612305,-106.2804946899414
-35.07,173.28,71.449219,1984.0,0.6994583270516471,1.7814169041230343e-05,-5.61,-31.5,-4.827711582183838,-26.097511291503906
9.357072,-75.289167,200.4375,2011.0,0.9510565162951535,0.0,-1.869244543,-5.013985486,-3.055410861968994,-9.511451721191406
50.3119,11.8758,564.53125,2008.0,0.2802306751992159,2.335451063117944e-05,-5.95,-37.3,-7.716702461242676,-52.299034118652344
44.52361111,11.33888889,38.84375,1998.0,0.9760105506323683,4.214785803924315e-05,-5.12,-37.4,-5.749873638153076,-34.83287048339844
48.8281,9.2,313.79688,2006.0,-0.7236440382959123,0.0,-7.68,-57.5,-10.419609069824219,-74.93814849853516
28.276976,84.30961,2101.5,2017.0,0.9992500112396835,0.0,0.788634602,23.8402407,-0.17557382583618164,17.439476013183594
48.18427778,16.389575,201.11719,2001.0,-0.9721181966290612,0.0,-11.76,-87.7,-8.511869430541992,-60.543434143066406
53.8713,8.7058,4.7202148,1986.0,-0.9587178169872964,3.164618192386115e-06,-6.3,-44.3,-6.639133930206299,-43.04969024658203
28.22,-177.37,0.0,1976.0,-0.6932812268869771,9.558609235682525e-06,-1.41,-2.5,-3.0238709449768066,-9.216285705566406
38.73,-27.31,881.0625,2000.0,-0.970063921851507,5.233589490671875e-06,-2.515,-7.35,-4.7282395362854,-25.166603088378906
-27.43,153.08,5.7802734,2005.0,0.29671281927349075,0.0001315970293944,-5.76,-31.9,-2.740011692047119,-6.559791564941406
47.37233597,8.083138245,397.48438,2011.0,0.2386727660059501,4.7313329559983686e-05,-10.47,-75.78,-11.169031143188477,-81.2151870727539
19.2,-96.13,0.0,1984.0,-0.7116566222817751,0.0,-1.1,8.5,-3.4217591285705566,-12.939918518066406
47.833185,1.940433,113.78516,2012.0,-0.6932812268869771,0.0,-3.2,-30.3,-5.334776401519775,-30.842872619628906
36.846389,-2.356942,16.541016,2013.0,-0.9587178169872964,0.0,-2.9,-19.3,-4.365530490875244,-21.772193908691406
47.6772,9.19,442.90625,1997.0,-0.680773409477016,0.0,-8.36,-58.8,-6.470516681671143,-41.47168731689453
-34.05,115.0249,77.78125,2005.0,-0.6287628145958345,5.566544132307172e-05,-3.7,-11.0,-3.2567811012268066,-11.395973205566406
-19.23,-66.95972,3702.875,2010.0,-0.2884824328806098,0.0,-11.32186453,-79.2,-9.203176498413086,-78.5131607055664
36.88,30.7,0.0,2003.0,0.741222010848596,0.0,-0.31,-0.1,-3.8439087867736816,-16.890602111816406
51.35,12.43,125.46484,2013.0,-0.2135209154397959,0.0,-4.87,-32.8,-6.554218769073486,-42.25501251220703
51.18,8.4889,841.375,2012.0,-0.27195815753410524,0.0,-10.93,-75.4,-10.787925720214844,-78.02310943603516
42.58834633,-5.651107617,911.78125,2000.0,0.7295575540864875,0.000115473223559,-6.91,-51.9,-6.543604373931885,-42.155677795410156
51.93,-10.25,33.068359,1963.0,-0.2135209154397959,6.935209967195988e-05,-5.5,-41.6,-4.748861789703369,-25.359596252441406
0.05,32.45,1135.4375,2019.0,0.9510565162951535,0.0,-1.48,2.3,-2.7036194801330566,-6.219215393066406
-0.686,-90.365,238.67188,2015.0,0.2386727660059501,0.0,-0.6,5.25,-1.7768311500549316,2.4541244506835938
44.42,8.85,5.4519043,1964.0,0.6994583270516471,0.0,-5.9,-36.6,-6.225172519683838,-39.175636291503906
31.72,35.78333333,804.96875,1988.0,0.9562348265919056,0.0,-3.91,-12.6,-4.414053440093994,-22.226295471191406
9.4778,-75.469,40.359375,2021.0,-0.9741004551724206,0.0,-8.16,-54.8,-5.959509372711182,-36.689430236816406
42.58834633,-5.651107617,911.78125,2000.0,0.9562348265919056,3.253724935348146e-05,-7.63,-52.0,-8.378520965576172,-57.842323303222656
49.38,-82.12,243.30469,1999.0,-0.9587178169872964,0.0003167338145431,-10.85,-73.7,-11.41969108581543,-83.3146743774414
51.6,-1.1,55.042969,2002.0,0.29671281927349075,0.0,-5.32,-34.0,-6.303415775299072,-39.907875061035156
45.8,28.2,40.330078,2017.0,0.2386727660059501,0.0,-19.55,-145.1,-13.685861587524414,-102.2957534790039
66.49686111,25.75518056,108.88672,2004.0,-0.27195815753410524,0.0,-14.16,-101.1,-16.959787368774414,-129.71762084960938
51.3744,11.2919,162.88281,2008.0,0.2386727660059501,7.823272426321637e-06,-7.41,-52.9,-10.179180145263672,-72.92435455322266
7.02,125.23,1213.5625,1995.0,0.9510565162951535,0.0,-4.34,-42.2,-4.861677646636963,-26.415382385253906
20.7778,-156.39,272.375,1996.0,0.8013610881746766,2.5123201794485794e-06,-4.3,-22.0,-4.222387790679932,-20.432594299316406
8.92,-79.6,11.163086,1984.0,0.6994583270516471,0.0,0.2,16.4,-4.280615329742432,-20.977516174316406
52.2914,10.4464,80.6875,2011.0,-0.2884824328806098,8.344932575710118e-05,-10.62,-77.73,-10.388916015625,-74.68106842041016
0.05,32.45,1135.4375,2006.0,0.29671281927349075,0.0,-0.96,2.15,-1.4177613258361816,5.814476013183594
15.61666667,-16.21666667,32.458984,2015.0,-0.9741004551724206,0.0,-3.2,-24.1,-3.9846253395080566,-18.207496643066406
72.58,-38.4799,3202.0,2012.0,-0.11165900712169444,4.703660124505404e-06,-33.25600394,-248.6010969,-34.552024841308594,-277.0673522949219
32.2361,-110.9439,753.21875,2005.0,0.741222010848596,0.0,-5.098253477,-33.01801802,-6.866888523101807,-45.181129455566406
45.6,13.93333333,486.53125,2002.0,-0.2135209154397959,0.0,-5.06,-29.63,-6.565439701080322,-42.360023498535156
-37.82,144.97,6.1674805,1962.0,-0.2135209154397959,0.0,-9.0,-58.9,-4.705191135406494,-24.950904846191406
13.73,100.5,5.7392578,2001.0,0.9510565162951535,0.0,-7.4,-48.4,-4.341269016265869,-21.545143127441406
53.5483,13.1931,76.890625,1999.0,-0.2135209154397959,7.883352736826055e-06,-5.63,-43.2,-6.6370110511779785,-43.029823303222656
-54.78,-68.28,104.83984,1994.0,0.6994583270516471,0.0,-8.4,-65.0,-8.578292846679688,-69.5978775024414
25.01666667,102.6833333,1907.8125,2002.0,0.9760105506323683,6.894517719047144e-05,-0.69,-24.9,-3.5139527320861816,-13.802711486816406
21.03,105.84,12.522461,2019.0,0.2386727660059501,1.210290429298766e-05,-1.68,0.8,-3.2519288063049316,-11.350563049316406
38.43055556,27.15111111,13.000488,2022.0,0.741222010848596,0.0,-5.25,-31.1,-4.241796970367432,-20.614234924316406
48.8281,9.2,313.79688,1974.0,0.6994583270516471,3.943003684980795e-05,-11.72,-87.0,-11.71383285522461,-85.77835845947266
36.88,30.7,0.0,1979.0,0.29671281927349075,0.0,-4.49,-28.5,-3.860891819000244,-17.049537658691406
-0.694444444,-90.325,182.40625,2004.0,0.9562348265919056,1.705307113297749e-06,-1.86,-2.8,-3.443594455718994,-13.144264221191406
1.6,103.6666667,43.185547,2019.0,0.741222010848596,0.0,-6.67,-40.8,-5.897036075592041,-36.104774475097656
63.52,-116.0,238.64844,2004.0,-0.27195815753410524,3.240169235141366e-06,-24.56,-195.3,-21.90204429626465,-201.01278686523438
0.966666667,-79.63333333,0.0,1992.0,-0.6932812268869771,2.670128014869988e-05,-1.73,-5.6,-2.7715516090393066,-6.854957580566406
-33.45,-70.7,507.65625,1972.0,-0.6932812268869771,0.0,-11.13,-81.1,-5.280188083648682,-30.332008361816406
50.7311,13.7514,876.875,2013.0,0.9510565162951535,4.970797090209089e-05,-16.48,-122.0,-9.992464065551758,-71.3604507446289
45.80666667,15.97,120.36328,1989.0,0.9510565162951535,0.0003985392977483,-7.52,-53.0,-10.053850173950195,-71.8746109008789
24.83736944,-80.80080278,0.0,2002.0,0.1457991969198751,4.468568295123987e-05,-2.15,-8.0,-2.2377991676330566,-1.8598403930664062
67.15,32.35,0.0,1998.0,-0.7236440382959123,0.0,-18.6,-141.6,-15.394441604614258,-116.6065444946289
-24.11,-65.19,1321.5625,1983.0,0.741222010848596,0.0,2.9,5.0,-5.68899393081665,-34.157814025878906
32.18333333,35.88333333,664.3125,1992.0,-0.27195815753410524,0.0,1.95,13.0,-4.901709079742432,-26.790016174316406
46.72738634,8.186782163,600.90625,2016.0,-0.23030567023061196,0.0,-5.66,-35.55,-6.697513103485107,-43.596031188964844
33.42,36.52,607.25,1990.0,0.9510565162951535,0.0,-6.46,-37.9,-5.056982517242432,-28.243141174316406
11.11,124.65,479.0625,1991.0,-0.9741004551724206,0.0,-4.83,-26.1,-6.866888523101807,-45.181129455566406
31.99730278,34.81616111,44.347656,1999.0,-0.9999166586547379,4.516327408055076e-06,0.2,5.9,-2.1698670387268066,-1.2240982055664062
17.02111111,82.25666667,8.8662109,2003.0,-0.2135209154397959,0.0,-3.56,-20.8,-3.196127414703369,-10.828346252441406
40.41666667,-7.55,1295.4375,2004.0,-0.970063921851507,0.0001531178713776,-7.84,-50.1,-7.80558443069458,-53.043495178222656
-21.02823729,55.47161911,1175.3125,2013.0,-0.06880242680232064,4.995019844500348e-05,-13.0,-91.88,-4.535360813140869,-23.361549377441406
38.03333333,114.4166667,86.800781,1999.0,0.741222010848596,0.0,-3.5,-25.7,-6.258476257324219,-40.281959533691406
28.58,77.2,222.79688,1992.0,0.2386727660059501,0.0003096560540143,-1.68,1.1,-2.0679688453674316,-0.27048492431640625
78.91666667,11.93333333,38.650391,2022.0,-0.9741004551724206,3.858114723698236e-05,-13.6,-88.9,-10.249717712402344,-74.1266098022461
47.833185,1.940433,113.78516,2013.0,0.29671281927349075,1.278285253647482e-05,-5.1,-38.1,-6.3862080574035645,-40.68268585205078
42.025,35.15833333,61.443359,2015.0,-0.9587178169872964,1.273798625334166e-05,-5.68,-34.0,-5.911592960357666,-36.241004943847656
56.97,24.07,4.2321777,1982.0,-0.9587178169872964,3.6236881442164304e-06,-8.3,-50.0,-8.672837257385254,-61.340675354003906
41.733333,43.516667,0.0,2009.0,-0.2884824328806098,0.0,-16.5,-114.3,-10.711193084716797,-77.38040924072266
51.18,8.4889,841.375,2000.0,-0.970063921851507,0.0,-9.58,-60.2,-8.269817352294922,-56.93183135986328
-22.9,-43.17,0.0,1985.0,-0.9587178169872964,1.3622372534882745e-05,-1.0,4.0,-2.914694309234619,-8.194557189941406
-65.07944444,-63.9775,286.6875,2011.0,0.6994583270516471,5.326015794976852e-06,-6.28,-54.11,-9.041740417480469,-76.2099380493164
52.1042,8.7519,134.42188,2007.0,-0.9587178169872964,0.0,-9.26,-62.15,-6.7920427322387695,-44.76866149902344
37.90111111,40.20361111,674.46875,2009.0,0.741222010848596,0.0,-4.68,-25.03,-4.474707126617432,-22.793922424316406
47.47051111,21.49041944,105.30859,2002.0,0.9979171608653922,0.0,-13.0,-99.0,-9.47707748413086,-67.04364776611328
46.22030867,7.33848445,481.70312,2012.0,-0.27195815753410524,3.6007426388096064e-05,-16.16,-120.3,-13.199888229370117,-98.2253189086914
40.41195035,-3.67806112,671.09375,2007.0,0.29671281927349075,0.0,-4.82,-32.44,-5.414839267730713,-31.592140197753906
53.8713,8.7058,4.7202148,1986.0,0.741222010848596,0.0,-4.5,-31.1,-6.866888523101807,-45.181129455566406
-29.89805556,-71.2425,14.506836,2008.0,-0.6932812268869771,9.95613845589105e-06,-6.3,-43.2,-5.63622522354126,-33.663978576660156
-33.11011944,-64.24918333,408.09375,2021.0,-0.9587178169872964,0.0,-3.58,-10.4,-4.85439920425415,-26.347267150878906
51.73333333,36.26666667,193.03906,1998.0,-0.2135209154397959,0.0,-5.4,-41.9,-7.518476486206055,-50.63872528076172
52.93,4.78,0.63311768,1985.0,-0.680773409477016,0.0,-5.42,-32.8,-6.57863187789917,-42.483482360839844
18.47,-70.02,1.0,1995.0,-0.680773409477016,0.0,-6.68,-42.1,-3.7128968238830566,-15.664527893066406
-29.89805556,-71.2425,14.506836,2000.0,-0.9634705485641486,0.0,-4.48,-19.7,-4.659094333648682,-24.519508361816406
28.22,-177.37,0.0,1985.0,0.29671281927349075,0.0001039518683683,-2.35,-13.3,-3.220388889312744,-11.055397033691406
51.116535,17.029468,118.94141,2006.0,0.8919813464595485,0.0,-15.38724857,-114.0354364,-9.544857025146484,-67.61136627197266
-9.55,16.37,1154.5,1981.0,0.9510565162951535,5.673078339896165e-05,-4.87,-26.3,-5.445166110992432,-31.875953674316406
19.2,-96.13,0.0,1985.0,-0.2135209154397959,0.0002770996652543,-3.39,-17.1,-3.938528537750244,-17.776100158691406
46.72738634,8.186782163,600.90625,2013.0,-0.2884824328806098,0.0,-24.95,-193.28,-13.230581283569336,-98.4823989868164
51.3,3.75,9.4589844,1995.0,-0.8800122039735356,8.273722050944343e-05,-6.84,-43.7,-6.076570987701416,-37.784950256347656
41.66056063,-1.004162565,244.98438,2013.0,-0.9587178169872964,0.0,-4.63,-34.8,-5.308088779449463,-30.593116760253906
-20.901,55.484,83.28125,2009.0,-0.9741004551724206,0.0,-1.11,2.8,-1.5875916481018066,4.225120544433594
52.1042,8.7519,134.42188,2006.0,0.6994583270516471,0.0,-9.72,-73.75,-9.423364639282227,-66.59375762939453
28.22,-177.37,0.0,1964.0,-0.27195815753410524,6.345912879623938e-06,-1.1,-5.0,-3.5430665016174316,-14.075172424316406
4.83,-52.37,7.9216309,1963.0,0.741222010848596,0.0002613812102936,-4.3,-11.8,-3.0287232398986816,-9.261695861816406
41.9,12.5,59.011719,2002.0,0.9886775902323405,0.0,-3.67,-18.72,-5.445166110992432,-31.875953674316406
43.68333333,-1.066666667,17.238281,2000.0,0.2386727660059501,1.1271252333244774e-05,-5.3,-30.6,-6.33495569229126,-40.203041076660156
46.95222563,7.439320571,542.53125,1987.0,-0.7236440382959123,0.0001811675174394,-9.91,-66.4,-12.560449600219727,-92.8694839477539
-8.77,-63.92,52.0,1974.0,0.2386727660059501,0.0001174670760519,-6.1,-36.5,-4.659094333648682,-24.519508361816406
46.65772518,8.292706832,1061.3125,2004.0,0.2802306751992159,7.411753904307261e-05,-10.03,-71.7,-9.780170440673828,-69.58231353759766
-8.77,-63.92,52.0,1990.0,0.29671281927349075,0.0,-2.16,-5.6,-4.967215061187744,-27.403053283691406
76.76666667,-18.66666667,0.0,1999.0,-0.9741004551724206,1.783409402378311e-06,-24.39,-182.9,-18.50978660583496,-142.70016479492188
40.40725278,-3.686133333,653.5,2002.0,-0.034421611622745804,0.0,-5.9,-36.4,-7.431413650512695,-50.99885559082031
24.35,109.4,101.74609,1989.0,-0.2884824328806098,0.0,-2.9,-6.7,-3.293173313140869,-11.736549377441406
-0.37,-78.55,3064.0,2016.0,0.7295575540864875,0.0001051973667927,-14.74,-105.9,-11.318170547485352,-108.6879653930664
8.983333333,-79.53333333,52.037109,2003.0,-0.2884824328806098,0.0,-0.26,-8.6,-4.105932712554932,-19.342750549316406
41.65,41.63333333,9.3139648,1983.0,-0.680773409477016,2.122581463481765e-05,-8.6,-35.0,-5.595587253570557,-33.283668518066406
-54.78,-68.28,104.83984,1987.0,0.9760105506323683,0.0,-10.8,-97.0,-8.677148818969727,-71.0082778930664
52.98,158.65,0.0,1999.0,-0.2884824328806098,7.121320322767133e-06,-12.8,-91.8,-18.356321334838867,-141.41476440429688
50.3381,7.6,86.441406,1992.0,-0.9634705485641486,5.473175042425282e-05,-4.87,-32.1,-6.610641002655029,-43.23267364501953
46.72738634,8.186782163,600.90625,2017.0,-0.2135209154397959,0.0,-6.7,-45.5,-6.561042308807373,-42.318870544433594
-23.0,-47.13333333,635.21875,1997.0,-0.6994583270516471,8.279892790596932e-05,-3.32,-7.09,-3.9894776344299316,-18.252906799316406
42.5859,10.07945,19.258789,2017.0,-0.9741004551724206,4.157355760980863e-06,-4.42,-20.4,-5.319006443023682,-30.695289611816406
68.68333333,21.53,459.29688,1992.0,0.7295575540864875,0.0,-14.92,-114.8,-15.276784896850586,-115.6210708618164
34.3,108.93,399.84375,1987.0,0.9760105506323683,0.0,-4.91,-19.9,-4.331564426422119,-21.454322814941406
41.66056063,-1.004162565,244.98438,2018.0,0.6994583270516471,0.0,-10.5,-69.8,-6.440493106842041,-41.190711975097656
45.3738,-75.6862,78.394531,2021.0,0.29671281927349075,0.0,-5.45,-35.0,-8.291557312011719,-57.113929748535156
53.23,6.55,7.7121582,1997.0,0.2386727660059501,2.652578587003518e-06,-4.63,-34.7,-8.763463973999023,-61.06653594970703
-41.15,-71.33,951.28125,1998.0,-0.9741004551724206,5.083056021248922e-05,-7.0,-48.0,-8.809562683105469,-72.8974380493164
53.32,-60.42,46.541016,2007.0,-0.2135209154397959,0.0,-12.81,-98.4,-9.844667434692383,-73.40314483642578
47.81666667,13.71777778,1616.0625,2019.0,0.2051044998686192,0.0,-14.605,-109.6,-11.639657974243164,-85.1570816040039
-1.43,-48.48,4.737793,1970.0,0.9760105506323683,0.0002273960708407,-0.75,1.0,-5.30081033706665,-30.525001525878906
46.65772518,8.292706832,1061.3125,2004.0,-0.23030567023061196,0.0001910242135636,-5.53,-32.27,-7.381317138671875,-49.489898681640625
23.03,72.55,52.095703,2007.0,0.5595892624101765,2.394539023953257e-06,3.7,29.7,-0.38907480239868164,15.441429138183594
45.81666667,15.98333333,156.41406,2003.0,0.6994583270516471,0.000110375272925,-15.5,-108.6,-11.435037612915039,-83.4432144165039
46.95222563,7.439320571,542.53125,1987.0,-0.2135209154397959,0.0,-8.06,-55.6,-6.74691104888916,-43.9576301574707
-75.58333333,-20.56666667,105.53516,1995.0,-0.680773409477016,0.0,-29.8,-231.2,-21.913814544677734,-177.46310424804688
44.73805556,-0.774722222,59.488281,2008.0,-0.23030567023061196,8.139191777445376e-06,-3.01,-18.99,-3.875448703765869,-17.185768127441406
-2.53,140.72,68.566406,1989.0,-0.7236440382959123,0.0,-4.51,-23.8,-5.532507419586182,-32.693336486816406
-37.82,144.97,6.1674805,1997.0,-0.9741004551724206,0.0,-2.72,-8.4,-4.355825901031494,-21.681373596191406
51.116535,17.029468,118.94141,2008.0,0.9721181966290613,0.0,-9.61,-62.0,-9.314659118652344,-65.68326568603516
-20.47,-54.67,554.875,1990.0,-0.01721335615583528,0.0002019169769482,-2.85,-7.9,-4.367956638336182,-21.794898986816406
47.12,9.49,459.84375,2014.0,0.6994583270516471,0.0,-14.5,-109.3,-13.256158828735352,-98.6966323852539
39.55339029,2.625298143,5.3820801,2005.0,0.741222010848596,9.181626228382812e-05,-5.87,-34.94,-4.858038425445557,-26.381324768066406
39.48056611,-0.366386255,14.827637,2016.0,0.7295575540864875,0.0,-3.91,-28.0,-4.386152744293213,-21.965187072753906
-45.35,-72.07,583.1875,1998.0,-0.2135209154397959,0.0,-12.82,-96.5,-9.478887557983398,-82.4467544555664
47.7,27.88333333,177.36719,2016.0,0.6994583270516471,4.4076572521589696e-05,-11.45,-84.8,-12.161439895629883,-89.5274429321289
37.1644591,-5.611393166,86.394531,2002.0,-0.9587178169872964,0.0,-3.22,-19.03,-4.343695163726807,-21.567848205566406
39.91055556,41.27555556,1890.5625,2020.0,0.2802306751992159,2.719541589613073e-05,-4.12,-21.1,-6.365889072418213,-40.492530822753906
-3.491666667,-80.06666667,22.397461,2005.0,0.6994583270516471,5.54068319615908e-05,-1.06,-0.07,-3.6886353492736816,-15.437477111816406
68.5,112.4333333,105.19531,1996.0,-0.7116566222817751,0.0,-30.8,-238.9,-32.260276794433594,-257.8720397949219
25.57,91.88,1515.25,1978.0,-0.9587178169872964,0.0003569748951122,-10.32,-74.5,-8.688940048217773,-71.1764907836914
46.095,14.597,283.89062,2003.0,0.29671281927349075,5.622804746963084e-05,-3.61,-22.3,-6.845545768737793,-44.98139572143555
49.0422,12.1019,370.21875,1992.0,-0.27195815753410524,0.0,-11.82,-93.9,-11.821258544921875,-86.67813873291016
46.39864119,6.233803787,434.125,2002.0,0.9510565162951535,3.641197690740228e-05,-8.33,-58.53660989,-10.092216491699219,-72.19596099853516
51.1622,14.9506,238.80469,1999.0,-0.9741004551724206,0.0001678921398706,-5.93,-40.2,-8.410025596618652,-59.75719451904297
-75.58333333,-20.56666667,105.53516,1999.0,-0.9741004551724206,7.77711782710092e-07,-21.695,-170.55,-22.445144653320312,-181.42721557617188
9.8,-84.05,1513.3125,1990.0,-0.9587178169872964,0.000225289244554,-7.34,-48.0,-7.514638423919678,-55.775047302246094
36.88,30.7,0.0,1995.0,0.741222010848596,0.0,-5.08,-29.1,-3.9506592750549316,-17.889625549316406
46.64833333,14.31833333,448.71875,1991.0,0.741222010848596,0.0,-10.58,-73.1,-8.836359024047852,-61.677101135253906
34.72,113.65,108.5625,1991.0,0.29671281927349075,7.286647814908065e-06,-6.18,-50.5,-6.476582050323486,-41.52845001220703
46.095,14.597,283.89062,1982.0,-0.9741004551724206,0.0,-8.43,-57.1,-8.580328941345215,-60.020851135253906
25.46411667,-80.33465278,4.0249023,2005.0,-0.9992500112396835,8.727953536435962e-05,-3.74,-19.7,-4.500181674957275,-23.032325744628906
9.0,38.73,2329.125,1994.0,-0.680773409477016,0.0,-4.81,-29.1,-2.1844239234924316,-1.3603286743164062
50.3119,11.8758,564.53125,2002.0,0.9510565162951535,0.0001303801836911,-10.04,-75.6,-9.746919631958008,-69.3038101196289
-34.05,115.0249,77.78125,2015.0,-0.4405187843504952,3.123593705822714e-05,-5.28,-37.2,-3.2373719215393066,-11.214332580566406
58.15,-4.975,69.511719,2004.0,-0.970063921851507,2.616709934954997e-05,-8.9,-69.75,-7.98616886138916,-55.367515563964844
-27.43,153.08,5.7802734,1998.0,-0.9741004551724206,0.0,-2.24,-4.1,-2.1019349098205566,-0.5883560180664062
39.55339029,2.625298143,5.3820801,2013.0,0.2386727660059501,4.994239498046227e-05,-4.91,-27.6,-6.050489902496338,-37.540870666503906
78.91666667,11.93333333,38.650391,1990.0,0.29671281927349075,0.0,-11.01,-67.3,-12.345598220825195,-91.0699234008789
50.4972,9.9428,920.40625,1988.0,0.9562348265919056,2.9030807127128355e-05,-11.92,-87.0,-10.238008499145508,-73.4170913696289
39.95,32.88,920.125,1967.0,-0.680773409477016,0.0,-0.52,-7.8,-4.753714084625244,-25.405006408691406
49.0975,19.59,572.9375,2001.0,-0.7236440382959123,4.784836710314266e-05,-14.66,-104.5,-11.974723815917969,-87.96353912353516
9.31,123.2,400.01562,1998.0,-0.680773409477016,0.00022116045875,-10.12,-66.6,-5.736303806304932,-34.600563049316406
36.62,127.46,80.589844,1998.0,-0.9741004551724206,0.0,-16.65,-124.4,-6.866888523101807,-45.181129455566406
-20.67777778,139.4875,339.82812,2014.0,0.9510565162951535,0.0,-0.24,6.5,-5.190420627593994,-29.491920471191406
52.8911,11.7294,21.530273,2008.0,-0.23030567023061196,0.0,-7.91,-50.3,-6.557251453399658,-42.28339385986328
52.1,5.18,1.7967529,1986.0,-0.2884824328806098,3.585209196899086e-05,-7.95,-52.9,-8.292837142944336,-57.12464141845703
35.68,51.32,1161.1875,1962.0,0.9510565162951535,0.0,-3.9,-12.4,-4.678503513336182,-24.701148986816406
13.07176111,-59.48972222,45.302734,1972.0,-0.27195815753410524,2.168246101064142e-05,-0.42,2.6,-2.1213440895080566,-0.7699966430664062
26.08333333,119.2833333,13.927246,1990.0,0.6994583270516471,0.0001341851311735,-5.18,-25.2,-4.416479587554932,-22.249000549316406
7.198611111,-72.97388889,1864.375,2005.0,-0.2135209154397959,0.0,-7.24,-51.15,-6.622675895690918,-46.561744689941406
-5.22,145.8,2.7424316,1981.0,-0.2135209154397959,2.111540197802242e-05,-7.17,-49.1,-5.9528374671936035,-36.626991271972656
40.8203002,0.493333172,52.294922,2003.0,-0.9587178169872964,0.0,-4.17,-29.18,-4.478346347808838,-22.827980041503906
51.18,8.4889,841.375,1998.0,0.741222010848596,0.0001129942684201,-8.63,-58.3,-8.292837142944336,-57.12464141845703
36.83,10.23,0.0,1982.0,-0.2884824328806098,0.0,-6.28,-36.6,-5.452444553375244,-31.944068908691406
-3.72,-38.55,19.124023,1990.0,-0.680773409477016,0.0,-0.64,-8.6,-1.6894898414611816,3.2715072631835938
32.2361,-110.9439,753.21875,1990.0,-0.2135209154397959,0.0,-8.494067797,-56.37853107,-6.866888523101807,-45.181129455566406
49.38,-82.12,243.30469,2006.0,0.2386727660059501,0.0,-24.27,-182.3,-20.09269905090332,-155.21157836914062
50.06166667,19.84861111,356.8125,1990.0,0.741222010848596,0.0,-5.34,-37.8,-8.507688522338867,-58.92420196533203
51.83,6.25,9.5,1990.0,0.6994583270516471,1.4086361261433922e-05,-7.51,-50.5,-8.125118255615234,-58.446144104003906
47.98,-55.82,119.36328,2007.0,-0.9741004551724206,0.0,-4.78,-27.2,-9.171424865722656,-64.48355865478516
25.07,110.08,385.5,1988.0,0.9562348265919056,4.708249980467372e-05,-2.99,-10.7,-3.395071506500244,-12.690162658691406
41.31666667,-7.733333333,470.85938,1988.0,-0.7116566222817751,0.0,-6.15,-38.6,-5.595587253570557,-33.283668518066406
36.88,30.7,0.0,1999.0,0.29671281927349075,0.0,-5.525,-27.4,-4.142324924468994,-19.683326721191406
13.55,144.83,113.0,1974.0,0.2386727660059501,8.920112577470718e-07,-4.97,-19.2,-2.948660373687744,-8.512428283691406
-3.12,-60.02,49.394531,1967.0,-0.2884824328806098,8.583517774241045e-05,-3.17,-18.4,-3.5333619117736816,-13.984352111816406
51.3,3.75,9.4589844,1999.0,0.5947266869607634,1.611016887181904e-05,-7.35,-44.0,-7.425549507141113,-51.41120147705078
20.865,-156.1939111,345.25,1997.0,-0.9307239310379793,0.0,-2.9,-9.0,-4.676077365875244,-24.678443908691406
-40.35,-9.88,37.345703,1999.0,-0.7236440382959123,9.85934434538649e-07,-3.48,-18.7,-4.283041477203369,-21.000221252441406
-27.17,-109.43,140.28906,2004.0,-0.970063921851507,2.170171001125709e-06,-1.67,-1.6,-2.8055176734924316,-7.172828674316406
66.53333333,66.66666667,16.196289,1999.0,-0.9587178169872964,5.452609457279323e-06,-11.6,-88.7,-12.97480583190918,-96.3400650024414
-18.9,47.53,1259.9375,1964.0,-0.23030567023061196,0.0,-2.8,-6.2,-4.266058444976807,-20.841285705566406
44.42,8.85,5.4519043,1986.0,0.29671281927349075,0.0001066050172084,-4.08,-24.9,-4.782827854156494,-25.677467346191406
40.67,22.96,94.164062,2001.0,0.2386727660059501,0.0,-7.82,-49.1,-8.530708312988281,-59.11701202392578
51.387367,-0.325697,10.34082,2021.0,-0.7526668275320083,2.4741852030274455e-05,-2.218319903,-12.87843587,-5.770876407623291,-34.924110412597656
69.2666,-53.469,93.789062,2019.0,-0.680773409477016,0.0,-12.39,-91.7,-15.58586311340332,-118.25263977050781
53.32,-60.42,46.541016,2009.0,-0.9587178169872964,2.1356187062337995e-05,-14.11,-98.2,-10.79815673828125,-78.10880279541016
-75.58333333,-20.56666667,105.53516,1992.0,-0.6932812268869771,0.0,-31.79,-250.8,-21.905397415161133,-177.40328979492188
-54.78,-68.28,104.83984,1984.0,0.9562348265919056,0.0,-10.6,-86.0,-8.620918273925781,-70.2060317993164
46.20239,7.84117,1546.1875,2017.0,-0.9741004551724206,7.687079232709948e-06,-8.23,-56.2,-10.882562637329102,-78.8157730102539
48.22,11.59,494.59375,1992.0,-0.9634705485641486,0.0,-9.0,-62.1,-9.00389289855957,-63.08032989501953
-27.43,153.08,5.7802734,1988.0,-0.9634705485641486,0.0,-5.44,-34.3,-2.361532688140869,-3.0177993774414062
33.65694444,73.26611111,580.9375,2003.0,0.6994583270516471,0.0,-3.6,-14.04,-1.7671265602111816,2.5449447631835938
47.4828,11.0622,716.1875,2002.0,-0.2135209154397959,3.197689147782512e-05,-6.49,-44.85,-7.0729146003723145,-46.85741424560547
46.60305556,13.67138889,2148.125,2017.0,-0.9988797155850335,0.0,-9.733,-58.93,-8.729072570800781,-63.72516632080078
0.604166667,-77.81944444,2835.75,2017.0,0.9510565162951535,1.7903334082802758e-05,-14.88,-110.7,-8.831329345703125,-73.2079849243164
45.8,28.2,40.330078,2016.0,-0.7116566222817751,0.0,-7.5,-47.4,-8.881120681762695,-62.05200958251953
10.00036389,-84.10913333,1157.3125,2017.0,-0.6420547132365636,0.0001558768126415,-1.715587333,-9.941065333,-5.99078369140625,-38.692726135253906
2.883333333,101.7833306,55.289062,2006.0,-0.2135209154397959,0.0001411828125128,-8.67,-53.74,-6.645654201507568,-43.11071014404297
49.38,-82.12,243.30469,2010.0,-0.680773409477016,0.0,-10.63,-80.6,-10.636211395263672,-80.6955337524414
36.55530278,126.635925,59.384766,2018.0,0.29671281927349075,9.760280590853654e-06,-5.82,-39.0,-7.617861747741699,-54.55141830444336
32.36666667,-6.4,467.60938,2002.0,0.9979171608653922,0.0,-1.63,-0.4,-3.589163303375244,-14.506568908691406
47.833185,1.940433,113.78516,2010.0,-0.9587178169872964,0.0,-6.9,-44.7,-5.878233432769775,-35.928810119628906
4.05,114.81,27.053711,2010.0,0.9796136916454901,0.0001565139536978,-4.7,-28.9,-6.866888523101807,-45.181129455566406
38.98916547,-3.920273851,626.8125,2012.0,0.2386727660059501,0.0001951478334376,-10.39,-74.6,-6.7565507888793945,-44.42121124267578
51.18,8.4889,841.375,2010.0,-0.2135209154397959,0.0,-7.06,-51.1,-7.160822868347168,-47.512176513671875
38.05011111,23.8675,438.375,2008.0,0.3777079652039649,0.0,-6.72,-44.47,-5.5046067237854,-32.432228088378906
22.31666667,114.1666667,34.056641,1980.0,-0.27195815753410524,0.0,-3.95,-25.4,-3.346548557281494,-12.236061096191406
-40.35,-9.88,37.345703,2000.0,0.9721181966290613,0.0,-3.65,-17.2,-4.666372776031494,-24.587623596191406
45.46666667,13.61666667,0.5645752,2004.0,-0.7116566222817751,0.0,-9.04,-58.34,-6.5026631355285645,-41.77252960205078
46.48,30.63,60.207031,1983.0,0.9760105506323683,0.0,-5.3,-36.0,-9.273735046386719,-65.34049224853516
32.2361,-110.9439,753.21875,2002.0,-0.2135209154397959,0.0,-5.153216374,-43.32163743,-6.866888523101807,-45.181129455566406
51.83,6.25,9.5,2003.0,0.6994583270516471,0.0,-11.48,-83.75,-8.1239652633667,-57.736549377441406
4.216975073,9.172925909,4022.875,1972.0,0.008606996888688698,0.0,-8.89,-61.1,-7.849109172821045,-59.194557189941406
2.883333333,101.7833306,55.289062,1994.0,0.9760105506323683,0.0001941510854521,-7.71,-46.1,-5.878233432769775,-35.928810119628906
46.95222563,7.439320571,542.53125,1983.0,0.741222010848596,0.0,-11.9,-82.3,-9.790401458740234,-69.66800689697266
34.71666667,10.68333333,23.232422,1992.0,-0.27195815753410524,0.0,-5.53,-34.4,-5.491262912750244,-32.307350158691406
35.68,51.32,1161.1875,1963.0,-0.7236440382959123,1.875314956123475e-05,-2.6,-16.8,-4.627554416656494,-24.224342346191406
-53.0,-70.833333,32.589844,2004.0,0.9562348265919056,0.0,-0.9,-23.2,-8.048637390136719,-62.041236877441406
-53.0,-70.833333,32.589844,1997.0,0.6994583270516471,0.0,-6.38,-48.1,-8.497573852539062,-68.4462661743164
-33.11011944,-64.24918333,408.09375,2020.0,0.2386727660059501,0.0,-4.5,-23.9,-6.256712436676025,-39.470802307128906
39.95,32.88,920.125,1985.0,0.741222010848596,0.00029284885386,-4.1,-19.4,-6.1451096534729,-38.426368713378906
49.82,-74.97,386.4375,2005.0,0.6994583270516471,7.81208582338877e-05,-23.09,-174.5,-19.133878707885742,-147.92745971679688
46.60305556,13.67138889,2148.125,2017.0,0.7961828637826158,0.0,-12.429,-90.54,-8.419859886169434,-60.05194854736328
12.69325,-7.995494444,382.5625,1974.0,0.29671281927349075,8.921069093048573e-05,-1.19,-4.1,-4.500181674957275,-23.032325744628906
32.36666667,35.75,818.96875,2016.0,0.9562348265919056,0.0,-5.65,-22.9,-3.9215455055236816,-17.617164611816406
46.49143367,9.898180888,1767.6875,2004.0,0.7295575540864875,2.540200694056693e-05,-14.01,-104.4751315,-11.880086898803711,-87.1708755493164
48.24861111,16.35638889,200.63281,1982.0,0.741222010848596,2.508824036340229e-05,-8.67,-61.7,-7.911731243133545,-53.93256378173828
48.24861111,16.35638889,200.63281,1971.0,0.6994583270516471,0.0,-15.61,-100.3,-12.534872055053711,-92.6552505493164
-0.694444444,-90.325,182.40625,2001.0,-0.680773409477016,2.679301132957334e-06,-1.26,1.0,-1.6943421363830566,3.2260971069335938
9.466666667,100.05,0.0,1982.0,0.741222010848596,0.0001034912493196,-3.62,-18.6,-4.703978061676025,-24.939552307128906
52.93,4.78,0.63311768,1981.0,0.2386727660059501,4.25150319642853e-05,-6.27,-42.5,-8.478273391723633,-58.677833557128906
-34.05,115.0249,77.78125,2008.0,-0.9141279881853337,1.139710730058141e-05,-2.02,-5.3,-2.9704957008361816,-8.716773986816406
-75.58333333,-20.56666667,105.53516,1986.0,-0.2135209154397959,8.383972777260417e-06,-23.52,-179.6,-21.110145568847656,-173.10934448242188
-27.43,153.08,5.7802734,2012.0,0.9721181966290613,4.833148705074564e-05,-6.57,-36.3,-3.4363160133361816,-13.076148986816406
-2.53,140.72,68.566406,1985.0,0.29671281927349075,0.0,-5.86,-43.9,-5.877626895904541,-35.923133850097656
49.7478,6.6581,259.26562,2002.0,-0.9587178169872964,1.2276055713300592e-05,-7.71,-50.5,-6.7051496505737305,-44.64356231689453
-1.68218,29.22716,1527.1875,2020.0,-0.9634705485641486,0.0,-1.39,2.6,-1.5051026344299316,4.997093200683594
37.53,121.4,27.091797,1990.0,0.2386727660059501,3.877154449583031e-05,-7.15,-43.2,-8.084086418151855,-55.859954833984375
19.28,166.65,4.0,1963.0,0.9760105506323683,4.731874923891155e-06,-1.5,-7.5,-2.084951877593994,-0.42942047119140625
-31.48388889,145.8294444,259.60938,2009.0,-0.9587178169872964,0.0,-0.81,12.9,-2.240225315093994,-1.8825454711914062
13.73,100.5,5.7392578,2020.0,-0.6932812268869771,0.0001108299256884,-4.9,-33.9,-6.693418979644775,-43.557716369628906
52.1042,8.7519,134.42188,1990.0,0.6994583270516471,1.13328751467634e-05,-10.04,-71.7,-9.353025436401367,-66.0046157836914
9.966666667,-84.83333333,0.0,1993.0,-0.680773409477016,0.0001852765853982,-9.17,-64.5,-6.4735493659973145,-41.50006866455078
-34.05,115.0249,77.78125,2007.0,-0.9242907221930934,6.582530659215991e-06,-7.68,-43.4,-2.968069553375244,-8.694068908691406
7.189444444,-72.87166667,3321.375,2006.0,-0.680773409477016,0.0,-11.87,-81.68,-7.6190643310546875,-56.35832977294922
37.01,-7.96,0.0,1980.0,0.6994583270516471,0.0,-6.44,-36.5,-4.455297946929932,-22.612281799316406
-1.43,-48.48,4.737793,1989.0,0.9510565162951535,0.0001534555049147,-2.36,-7.3,-5.538572788238525,-32.750099182128906
-75.58333333,-20.56666667,105.53516,1987.0,0.2386727660059501,8.875159201798615e-07,-16.99,-128.1,-18.31155776977539,-146.86373901367188
-34.05,115.0249,77.78125,2007.0,-0.8758917051442433,3.0241744752856903e-06,-2.28,-3.8,-2.972921848297119,-8.739479064941406
44.42,8.85,5.4519043,1993.0,0.29671281927349075,5.722160858567804e-05,-2.84,-16.8,-4.881086826324463,-26.597023010253906
23.03,72.55,52.095703,2007.0,-0.6016240632249227,0.0,-7.4,-49.7,-5.237730503082275,-29.934669494628906
49.7703,9.9578,265.90625,2004.0,-0.6932812268869771,0.0,-5.95,-42.8,-6.2003045082092285,-38.942909240722656
0.616666667,-69.2,92.0,1973.0,0.2386727660059501,0.0001035166205838,-3.8,-16.0,-4.380087375640869,-21.908424377441406
-26.81666667,-65.21666667,453.07812,2002.0,0.29671281927349075,0.0,-3.4,-12.0,-6.295227527618408,-39.83124542236328
-46.88,37.87,0.0,2013.0,0.9510565162951535,4.703911326942034e-05,-4.314910983,-22.52306317,-5.416052341461182,-31.603492736816406
51.77,-104.2,553.34375,1981.0,-0.2884824328806098,0.0,-27.9,-213.0,-19.71982765197754,-185.79110717773438
52.1042,8.7519,134.42188,2006.0,-0.2884824328806098,0.0,-6.49,-49.6,-10.12802505493164,-72.49588775634766
38.00194982,-1.170837424,61.660156,2006.0,0.2386727660059501,0.0,-9.25,-61.35,-5.7053704261779785,-34.311073303222656
41.13333333,-8.6,59.621094,1989.0,0.741222010848596,4.020420419692528e-06,-5.36,-33.4,-4.511099338531494,-23.134498596191406
76.76666667,-18.66666667,0.0,2017.0,-0.2135209154397959,0.0,-8.63,-76.3,-14.407148361206055,-108.3371353149414
50.06166667,19.84861111,356.8125,1979.0,0.9510565162951535,0.0,-12.8,-92.8,-11.680582046508789,-85.4998550415039
40.67,109.85,1068.9375,1989.0,-0.9587178169872964,0.0,-7.61,-60.5,-5.817931652069092,-35.32300567626953
40.67,109.85,1068.9375,1989.0,-0.7236440382959123,0.0,-10.9,-79.2,-10.43751335144043,-75.0881118774414
19.53,-96.91,1381.3125,2020.0,0.9721181966290613,0.0,-2.75,-9.0,-1.4517273902893066,5.496604919433594
40.8203002,0.493333172,52.294922,2014.0,0.2386727660059501,0.0,-9.17,-63.4,-6.116602420806885,-38.159584045410156
8.92,-79.6,11.163086,1969.0,0.741222010848596,0.0,-5.02,-34.8,-4.319433689117432,-21.340797424316406
31.85,36.81666667,510.6875,1998.0,0.2386727660059501,0.0,-4.91,-25.2,-4.906561374664307,-26.835426330566406
49.38,-82.12,243.30469,2005.0,0.9510565162951535,0.0,-15.89,-115.3,-14.294607162475586,-107.3945083618164
14.64,121.04,42.933594,2012.0,-0.27195815753410524,0.0,-1.28,-3.3,-5.304449558258057,-30.559059143066406
78.91666667,11.93333333,38.650391,2022.0,-0.7236440382959123,0.0,-5.04,-40.0,-11.987512588500977,-88.0706558227539
46.98141401,6.607999655,1046.0625,1995.0,0.6994583270516471,0.0,-11.74,-85.1,-13.189657211303711,-98.1396255493164
48.24861111,16.35638889,200.63281,1973.0,-0.2135209154397959,0.0,-7.12,-48.9,-6.5739312171936035,-42.439491271972656
33.87194444,35.50972222,47.953125,2006.0,0.6994583270516471,0.0,-4.84,-22.62,-3.4023499488830566,-12.758277893066406
37.1644591,-5.611393166,86.394531,2008.0,-0.9634705485641486,0.0,-3.73,-22.57,-4.412840366363525,-22.214942932128906
51.6,-1.1,55.042969,2018.0,0.29671281927349075,0.0,-3.0,-17.8,-6.294620990753174,-39.82556915283203
47.8008,11.0108,974.96875,2008.0,-0.9634705485641486,3.865728649543598e-05,-11.19,-74.61,-9.542299270629883,-67.5899429321289
-0.166666667,-78.48333333,2781.625,2013.0,-0.7236440382959123,0.000107813059003,-9.04,-61.24,-8.459482192993164,-67.9028091430664
50.12,-104.42,580.5,2007.0,-0.2884824328806098,0.0,-24.43,-188.5,-18.3693904876709,-172.64205932617188
8.983333333,-79.53333333,52.037109,2006.0,0.6994583270516471,0.0,-0.86,-0.26,-5.394918918609619,-31.58184051513672
32.63333333,-16.9,0.0,1995.0,0.9760105506323683,1.865290414571064e-06,-0.13,6.4,-3.404776096343994,-12.780982971191406
52.8,5.05,-4.4990234,2009.0,0.288482432880609,4.526646443991922e-05,-11.52,-82.83,-6.717301368713379,-43.781219482421875
38.28,21.79,113.0625,2020.0,-0.9634705485641486,0.0,-5.55,-31.6,-4.188421726226807,-20.114723205566406
33.65694444,73.26611111,580.9375,2007.0,-0.2135209154397959,0.0,-1.433319502,-1.534813278,-3.0824878215789795,-9.826309204101562
48.24861111,16.35638889,200.63281,2009.0,0.2386727660059501,0.0,-13.99,-108.4,-10.772579193115234,-77.89456939697266
41.05916667,-100.7463889,918.34375,1995.0,-0.8631421280499115,0.0,-3.3,-30.0,-8.27621078491211,-56.985389709472656
40.67,22.96,94.164062,2001.0,0.741222010848596,0.0,-7.24,-50.3,-5.598013401031494,-33.306373596191406
-33.97,18.6,41.798828,1968.0,-0.9634705485641486,0.0,-1.52,-2.6,-3.1354737281799316,-10.260719299316406
46.60305556,13.67138889,2148.125,2001.0,-0.2636654927280072,0.0,-6.03,-31.7,-14.013254165649414,-105.0379409790039
-34.05,115.0249,77.78125,2011.0,-0.02581844022713239,6.818046131229494e-06,-4.83,-17.4,-3.3344178199768066,-12.122535705566406
49.82,-74.97,386.4375,2003.0,0.6994583270516471,1.86838187801186e-05,-22.21,-166.7,-19.430578231811523,-150.41256713867188
5.383333333,103.1,10.330566,1995.0,-0.9741004551724206,9.59799435804598e-05,-8.98,-46.06,-6.9858012199401855,-49.548255920410156
45.32,-75.67,112.08594,2017.0,0.9760105506323683,0.0002278702595504,-7.2,-49.0,-10.854427337646484,-78.58011627197266
14.93894444,-88.02145,661.125,2012.0,0.6994583270516471,0.0,-1.25,4.85,-3.501821994781494,-13.689186096191406
4.036666667,9.734166667,39.230469,2007.0,-0.2135209154397959,0.0001352363615296,-3.29,-15.4,-2.4027771949768066,-3.4037857055664062
47.81666667,13.71777778,1616.0625,2023.0,0.10310169744743485,5.242428233032115e-05,-8.717,-58.75,-10.723981857299805,-77.4875259399414
50.3381,7.6,86.441406,1994.0,-0.9587178169872964,0.0,-5.17,-37.2,-6.572843551635742,-42.764869689941406
-12.43,130.87,16.515625,2000.0,0.6994583270516471,0.000155563946464,-8.06,-53.6,-5.098227024078369,-28.629127502441406
12.69325,-7.995494444,382.5625,1996.0,0.2802306751992159,0.0,-1.98,-10.8,-3.788107395172119,-16.368385314941406
52.1042,8.7519,134.42188,2007.0,0.741222010848596,0.0001739637809805,-5.97,-42.05,-6.866888523101807,-45.181129455566406
47.81666667,13.71777778,1616.0625,2019.0,-0.7354170229639858,0.0,-21.72,-158.5,-12.243288040161133,-90.2129898071289
49.0422,12.1019,370.21875,2012.0,0.6994583270516471,1.7636546544963494e-05,-11.12,-83.73,-12.069360733032227,-88.7562026977539
50.3119,11.8758,564.53125,1984.0,-0.7116566222817751,0.0,-8.44,-56.6,-10.468206405639648,-75.3451919555664
11.25,75.78,7.1804199,2005.0,-0.680773409477016,0.0001570360764162,-1.33,-3.9,-2.4658570289611816,-3.9941177368164062
-32.88,-68.85,762.84375,1983.0,-0.680773409477016,0.0,-8.8,-65.0,-5.730238437652588,-34.543800354003906
39.95,32.88,920.125,2000.0,0.2802306751992159,0.0,-4.42,-26.25,-6.217894077301025,-39.107521057128906
28.22,-177.37,0.0,1988.0,0.2802306751992159,1.6655196304782294e-05,-3.69,-17.4,-3.2761902809143066,-11.577613830566406
23.05,-82.21666667,123.02734,2012.0,0.2386727660059501,0.0,-3.51,-16.1,-1.9126954078674316,1.1826400756835938
23.07083333,57.6375,1907.5,1988.0,-0.19667288979357622,0.0,2.41,16.7,-2.7861084938049316,-6.991188049316406
-13.0,28.65,1260.6875,2007.0,0.2386727660059501,0.0002697061572689,-5.94,-35.62,-4.973280429840088,-27.459815979003906
-34.38,-58.28,0.0,1985.0,0.6994583270516471,0.0,-6.6,-44.0,-5.668371677398682,-33.964820861816406
-37.82,144.97,6.1674805,1965.0,0.9760105506323683,6.054904224583879e-05,-6.2,-37.2,-4.9611496925354,-27.346290588378906
36.03,129.38,4.7189941,1975.0,0.741222010848596,0.0,-6.69,-40.8,-5.915838718414307,-36.280738830566406
54.6789,13.4342,38.980469,2004.0,0.2802306751992159,0.0,-6.6,-48.1,-8.402820587158203,-58.04584503173828
43.91281944,4.888775,30.959961,2021.0,0.2386727660059501,0.0,-8.72,-66.1,-6.719272613525391,-43.79966735839844
35.68,139.77,22.099609,1963.0,-0.9587178169872964,0.0005438686930574,-4.7,-28.0,-7.3149189949035645,-51.573219299316406
40.40725278,-3.686133333,653.5,2002.0,-0.7236440382959123,0.0001533986942376,-9.86,-71.6,-8.602325439453125,-59.71686553955078
10.30944444,-84.8075,1486.125,2004.0,-0.008606996888688009,7.631447806488723e-05,-2.1,-6.0,-6.356403350830078,-43.602394104003906
-23.0,-47.13333333,635.21875,1997.0,-0.801361088174677,3.08346570818685e-05,-0.06,7.71,-3.569754123687744,-14.324928283691406
46.64833333,14.31833333,448.71875,1981.0,0.741222010848596,5.430403689388186e-05,-10.76,-76.8,-9.047374725341797,-63.44452667236328
33.65694444,73.26611111,580.9375,2005.0,0.2386727660059501,0.0,-8.87,-53.94,-4.777975559234619,-25.632057189941406
51.6,-1.1,55.042969,1987.0,-0.2135209154397959,0.0,-8.2,-57.0,-6.134798526763916,-38.329872131347656
4.05,114.81,27.053711,2007.0,-0.8359254794186365,0.0,-7.64,-56.01,-7.997848033905029,-61.316627502441406
46.72738634,8.186782163,600.90625,1986.0,-0.680773409477016,1.97905446839286e-05,-6.1,-40.5,-6.643076419830322,-43.086585998535156
34.60376944,43.68120556,114.01953,2023.0,-0.661634618242279,0.0,-4.17,-21.67,-3.8342041969299316,-16.799781799316406
44.73805556,-0.774722222,59.488281,2014.0,0.29671281927349075,0.0,-2.87,-17.7,-4.751287937164307,-25.382301330566406
47.12,9.49,459.84375,2021.0,-0.9741004551724206,0.0,-8.48,-57.89,-9.522724151611328,-67.47640228271484
7.789855,-76.650846,30.420898,2015.0,-0.9587178169872964,4.795095446752384e-05,-3.07,-13.2,-6.223959445953369,-39.164283752441406
62.08,129.75,94.992188,2000.0,0.7295575540864875,0.0,-20.1,-158.2,-16.750051498413086,-127.9609146118164
-34.05,115.0249,77.78125,2011.0,0.48627270710869,6.713277980452403e-05,-4.67,-22.6,-3.710470676422119,-15.641822814941406
48.24861111,16.35638889,200.63281,1967.0,0.9510565162951535,7.184497007983737e-06,-6.98,-51.4,-10.596094131469727,-76.4163589477539
51.3744,11.2919,162.88281,2011.0,0.6994583270516471,4.247519973432645e-05,-8.39,-59.9,-10.020599365234375,-71.59610748291016
51.01666667,-114.0166667,1033.25,1997.0,0.29671281927349075,0.0,-16.0,-114.1,-15.10285758972168,-114.1642837524414
49.7703,9.9578,265.90625,1978.0,-0.2135209154397959,0.0,-6.04,-41.1,-6.4138054847717285,-40.940956115722656
-6.289166667,106.6714167,33.568359,1998.0,0.29671281927349075,4.9328369641443714e-05,-6.6,-30.1,-5.491262912750244,-32.307350158691406
53.5483,13.1931,76.890625,1997.0,0.29671281927349075,0.0,-7.56,-58.5,-7.64124870300293,-51.66704559326172
34.71666667,10.68333333,23.232422,1994.0,0.741222010848596,0.0,-2.37,-23.3,-3.943380832672119,-17.821510314941406
50.3119,11.8758,564.53125,2000.0,-0.9634705485641486,0.0,-8.35,-57.8,-8.45781135559082,-58.506446838378906
43.70555556,-72.28833333,168.71094,1997.0,-0.9741004551724206,8.848628931446001e-05,-4.4,-18.0,-9.286523818969727,-65.4476089477539
51.05,13.73,119.02734,1999.0,0.9510565162951535,0.0,-11.28,-81.3,-9.16119384765625,-64.39786529541016
54.5275,9.5486,43.292969,2011.0,-0.2135209154397959,2.4510316507075917e-05,-7.2455,-50.178,-6.479008197784424,-41.55115509033203
13.07,123.91,325.17188,1997.0,0.6994583270516471,0.0,-1.77,-1.3,-3.5382142066955566,-14.029762268066406
66.49686111,25.75518056,108.88672,2015.0,0.2386727660059501,9.88775627774885e-06,-16.12,-117.9,-17.814077377319336,-136.87301635742188
-20.3625,57.48555556,565.40625,1992.0,0.9562348265919056,1.1272112715232652e-05,-4.08,-22.0,-3.3780884742736816,-12.531227111816406
-27.43,153.08,5.7802734,2007.0,0.29671281927349075,1.4735578588442875e-05,-7.79,-50.9,-3.1112122535705566,-10.033668518066406
-41.47,-72.93,43.574219,2010.0,-0.2135209154397959,0.0,-9.57,-69.0,-6.418354511260986,-40.98352813720703
-17.83,31.02,1473.25,1965.0,0.6994583270516471,0.0001878924522316,-2.0,-6.9,-5.441526889801025,-31.841896057128906
23.05,-82.21666667,123.02734,2018.0,-0.9587178169872964,8.600807632319629e-05,-0.72,0.5,-3.647390842437744,-15.051490783691406
6.417169444,2.329255556,12.735352,2017.0,0.9510565162951535,0.0,-1.72,-1.4,-3.1354737281799316,-10.260719299316406
45.03527778,24.28416667,223.875,2014.0,-0.680773409477016,5.092549690743908e-05,-5.15,-30.0,-5.96618127822876,-36.751869201660156
47.59583333,7.594444444,248.26562,1998.0,0.741222010848596,0.0001137058716267,-6.55,-49.8,-6.866888523101807,-45.181129455566406
49.0422,12.1019,370.21875,2001.0,0.2386727660059501,0.0,-12.52,-103.15,-11.652446746826172,-85.26419830322266
-65.07944444,-63.9775,286.6875,1984.0,-0.7116566222817751,1.564345977924421e-05,-6.94,-58.5,-8.980186462402344,-91.17514038085938
50.8325,15.14777778,828.84375,2015.0,-0.2135209154397959,4.0081820770865306e-05,-5.87,-38.7,-7.1497650146484375,-47.4743537902832
4.377083333,18.56247222,359.875,2014.0,0.741222010848596,0.0,-2.47,-8.1,-1.1848511695861816,7.994163513183594
-41.47,-72.93,43.574219,2006.0,-0.9741004551724206,0.0,-6.35,-37.7,-6.307358264923096,-39.94477081298828
47.07777778,15.44888889,370.03125,1997.0,-0.2884824328806098,0.0,-14.85,-112.8,-12.923650741577148,-95.9115982055664
46.22030867,7.33848445,481.70312,2016.0,0.6994583270516471,4.900236035609851e-06,-15.68,-120.3,-13.153848648071289,-97.8396987915039
46.95222563,7.439320571,542.53125,1986.0,-0.9587178169872964,0.0,-6.96,-48.3,-8.64324951171875,-60.05963897705078
53.23,6.55,7.7121582,2007.0,-0.9587178169872964,2.4028968255151995e-06,-7.56,-50.9,-6.516310214996338,-41.900245666503906
47.81666667,13.71777778,1616.0625,2021.0,6.432490598706546e-16,0.0,-5.729,-34.37,-10.514245986938477,-75.7308120727539
78.91666667,11.93333333,38.650391,2013.0,0.29671281927349075,0.0,-9.59,-68.4,-12.545103073120117,-92.7409439086914
28.50444444,-16.30333333,570.6875,2007.0,0.401487989205973,1.3792888466923614e-06,-1.64,6.83,-3.5915894508361816,-14.529273986816406
52.2914,10.4464,80.6875,2012.0,0.6994583270516471,4.109916699235328e-05,-4.28,-34.66,-9.813421249389648,-69.8608169555664
13.7,-89.12,612.5,1979.0,-0.680773409477016,0.0001072665691026,-8.62,-60.9,-6.802823066711426,-44.581573486328125
32.81333333,130.7291667,25.359375,2015.0,-0.7236440382959123,0.0,-6.61,-42.9,-5.99529504776001,-37.024330139160156
53.8713,8.7058,4.7202148,2012.0,-0.27195815753410524,0.0,-9.84,-68.88,-9.29803466796875,-65.54401397705078
48.78,-123.13,148.02344,2001.0,0.9760105506323683,6.800451046728995e-06,-11.18,-77.9,-11.05904769897461,-80.29398345947266
-34.05,115.0249,77.78125,2012.0,0.02581844022713308,3.659574940684252e-05,-2.71,-3.0,-3.307730197906494,-11.872779846191406
9.357072,-75.289167,200.4375,2008.0,-0.23030567023061196,0.0002902573323808,-7.05,-45.88,-5.593161106109619,-33.260963439941406
47.59583333,7.594444444,248.26562,1988.0,0.2802306751992159,9.8987395176664e-05,-5.77,-34.0,-8.090400695800781,-57.152198791503906
36.83,10.23,0.0,1973.0,0.9510565162951535,0.0,-4.22,-16.7,-4.729452610015869,-25.177955627441406
47.81666667,13.71777778,1616.0625,2019.0,0.5380051715382996,1.8916658518719487e-05,-18.241,-141.67,-9.393949508666992,-66.3473892211914
36.62,127.46,80.589844,2003.0,-0.9741004551724206,0.0,-7.19,-43.0,-6.866888523101807,-45.181129455566406
43.58333056,16.6,299.82812,2008.0,-0.7116566222817751,5.1209986850153655e-05,-7.18,-44.34,-6.651871204376221,-43.16889190673828
50.4972,9.9428,920.40625,1998.0,-0.680773409477016,0.0002953252114821,-8.14,-55.0,-6.866888523101807,-45.181129455566406
44.13333333,6.333333333,881.625,2014.0,-0.2135209154397959,0.0,-8.0,-54.6,-5.45608377456665,-31.978126525878906
41.7787,2.5047,614.3125,2015.0,-0.7236440382959123,6.831679002061719e-06,-5.01,-24.7,-8.455253601074219,-58.485023498535156
51.387367,-0.325697,10.34082,2021.0,-0.4482293417404106,0.0,-14.15576306,-108.6517462,-6.866888523101807,-45.181129455566406
55.75,37.57,130.52344,1970.0,0.29671281927349075,3.809719419223256e-05,-7.6,-51.0,-8.71870231628418,-60.691627502441406
52.1,5.18,1.7967529,1997.0,-0.1882267098432439,0.0,-8.36,-59.2,-6.4526238441467285,-41.304237365722656
39.55339029,2.625298143,5.3820801,2014.0,0.29671281927349075,0.0,-7.88,-52.1,-4.229666233062744,-20.500709533691406
46.49722222,28.3,150.79688,2020.0,0.9562348265919056,0.0,-8.58,-58.1,-9.716226577758789,-69.0467300415039
36.78,3.052222222,139.10156,2002.0,-0.9741004551724206,0.0,-5.65,-31.55,-4.727026462554932,-25.155250549316406
31.85,36.81666667,510.6875,1968.0,0.9562348265919056,2.4314884285558943e-05,-2.19,1.0,-4.559622287750244,-23.588600158691406
60.02,-111.97,203.71875,1964.0,-0.27195815753410524,0.0,-35.5,-270.7,-20.449926376342773,-185.90072631835938
44.23,-79.77,234.99219,1998.0,0.6994583270516471,1.0750902220024727e-05,-15.64,-112.1,-14.03883171081543,-105.2521743774414
-35.15833333,147.4572222,211.74219,2009.0,-0.2135209154397959,0.0,-3.66,-10.2,-3.788107395172119,-16.368385314941406
17.03333333,54.11666667,14.982422,1989.0,-0.060213277365792774,0.0,0.07,9.3,-0.9713501930236816,9.992210388183594
40.50691,-1.65147,1713.75,2019.0,-0.9741004551724206,0.0,-12.29,-86.4,-9.223859786987305,-64.92273712158203
10.88,-74.78,22.039062,1989.0,-0.2135209154397959,4.431059096532408e-06,-3.78,-20.2,-4.967215061187744,-27.403053283691406
-20.03333333,-68.85,3892.25,1985.0,-0.7236440382959123,0.0,-8.9,-59.0,-6.759455680847168,-44.17572021484375
38.05011111,23.866675,444.85938,2002.0,-0.7236440382959123,0.0,-6.87,-35.68,-5.830923557281494,-35.486061096191406
6.2,100.4,3.8469238,2014.0,-0.7236440382959123,7.204402209026739e-05,-6.4,-39.1,-6.427149295806885,-41.065834045410156
41.7787,2.5047,614.3125,2015.0,0.6994583270516471,1.0619713066262191e-05,-11.15,-81.9,-7.5926513671875,-51.26000213623047
46.49143367,9.898180888,1767.6875,2006.0,-0.9741004551724206,0.0001197545279865,-9.23,-65.78881166,-11.639657974243164,-85.1570816040039
40.41195035,-3.67806112,671.09375,2012.0,-0.27195815753410524,9.496220627625007e-06,-2.55,-9.8,-8.468042373657227,-58.592140197753906
37.53,121.4,27.091797,1988.0,-0.6932812268869771,0.0010045520029962,-10.4,-69.0,-7.449146747589111,-53.488258361816406
-1.43,-48.48,4.737793,1965.0,-0.7236440382959123,0.0,-0.5,-5.6,-2.114065647125244,-0.7018814086914062
51.6,-1.1,55.042969,2006.0,-0.2135209154397959,2.3855260224081576e-05,-4.26,-21.1,-6.13540506362915,-38.335548400878906
48.75,-91.62,405.375,1980.0,0.6994583270516471,1.304732995777158e-05,-24.8,-187.0,-19.952360153198242,-154.78292846679688
6.9506,79.8795,3.7172852,2009.0,0.9760105506323683,4.315291153034195e-05,-5.07,-25.55,-4.025869846343994,-18.593482971191406
51.77,-104.2,553.34375,1976.0,-0.23030567023061196,0.0,-10.6,-88.0,-13.877246856689453,-105.71939849853516
51.6,-1.1,55.042969,2011.0,0.29671281927349075,0.000174232176505,-4.85,-32.9,-6.512064456939697,-41.860511779785156
33.21722222,-87.54305556,64.535156,2005.0,-0.33752289959411347,0.0,-8.8,-52.9,-3.419332981109619,-12.917213439941406
22.32555556,-81.18527778,4.9055176,1984.0,0.7295575540864875,0.0,-0.99,-0.9,-2.114065647125244,-0.7018814086914062
-46.88,37.87,0.0,2009.0,0.29671281927349075,6.906317139510065e-05,-4.51,-30.47,-5.507032871246338,-32.454933166503906
-27.43,153.08,5.7802734,1984.0,0.2386727660059501,0.0,-2.19,-6.9,-3.501821994781494,-13.689186096191406
54.5275,9.5486,43.292969,2013.0,-0.680773409477016,0.0,-4.666,-33.5652,-7.310978889465332,-48.9007568359375
52.1042,8.7519,134.42188,1992.0,0.6994583270516471,0.0,-6.11,-40.0,-9.317216873168945,-65.7046890258789
45.32,-75.67,112.08594,2011.0,0.9510565162951535,2.607871465443168e-05,-13.10329718,-91.94703786,-10.989988327026367,-79.7155532836914
36.78,3.052222222,139.10156,2001.0,0.741222010848596,0.0,-4.36,-28.0,-4.300024509429932,-21.159156799316406
46.72738634,8.186782163,600.90625,2019.0,0.2386727660059501,0.0002052146883215,-13.35,-97.46,-11.946588516235352,-87.7278823852539
-13.0,-38.52,39.933594,1968.0,-0.970063921851507,2.3282520487555303e-05,-1.9,8.3,-2.017019748687744,0.20632171630859375
-0.166666667,-78.48333333,2781.625,2008.0,-0.9634705485641486,2.4417277018073943e-05,-9.22,-61.62,-7.282949447631836,-51.117103576660156
0.604166667,-77.81944444,2835.75,2015.0,0.29671281927349075,0.0,-5.25,-29.8,-9.531490325927734,-83.1972427368164
28.58,77.2,222.79688,2005.0,0.2386727660059501,0.0,-1.95,-9.3,-2.152884006500244,-1.0651626586914062
5.93,116.06,4.5031738,2013.0,-0.7236440382959123,0.0003594123700167,-7.46,-45.1,-6.671432018280029,-43.351951599121094
40.8203002,0.493333172,52.294922,2001.0,-0.2884824328806098,0.0,-5.06,-23.3,-5.832743167877197,-35.503089904785156
9.28,123.15,1077.8125,1997.0,0.9510565162951535,0.0009181733475998,-4.59,-19.0,-5.416052341461182,-31.603492736816406
37.11611111,14.82,981.1875,1999.0,-0.9741004551724206,0.0,-6.8,-33.0,-6.065046787261963,-37.677101135253906
-35.07,173.28,71.449219,1985.0,0.9760105506323683,0.0,-7.6,-50.1,-4.833776950836182,-26.154273986816406
78.07,13.63,0.0,1961.0,-0.2135209154397959,0.0,-6.2,-48.3,-7.780646324157715,-52.834617614746094
-18.91472222,47.55805556,1278.5,2011.0,0.2386727660059501,6.695931369904429e-05,-8.534721171,-54.76073194,-5.196485996246338,-29.548683166503906
31.62,25.95,0.0,1987.0,0.9510565162951535,2.564394162618555e-05,-3.93,-28.6,-3.171865940093994,-10.601295471191406
-22.94916667,-46.54916667,855.53125,1998.0,0.8452490573530633,0.0,-6.91,-38.33,-5.008459568023682,-27.789039611816406
51.93,-10.25,33.068359,1977.0,-0.9741004551724206,0.0001067443008651,-3.71,-28.6,-5.7538933753967285,-34.765174865722656
24.91,91.84533333,16.452148,2011.0,-0.680773409477016,0.0,-10.36998461,-74.846292,-6.900105953216553,-46.36177062988281
44.09,11.08,1145.625,1974.0,0.9760105506323683,0.0001417530002072,-7.6,-48.4,-8.503850936889648,-58.892066955566406
7.0,-73.08333333,1079.75,2005.0,0.29671281927349075,0.0,-8.15,-58.08,-8.364806175231934,-66.58940124511719
44.13333333,6.333333333,881.625,2005.0,0.2386727660059501,0.0,-11.0,-78.32,-8.226624488830566,-58.609764099121094
47.81666667,13.71777778,1616.0625,2020.0,0.895839290734909,0.0,-6.67,-45.13,-10.874889373779297,-78.75150299072266
37.1644591,-5.611393166,86.394531,2018.0,0.9760105506323683,0.0,-5.92,-37.6,-4.5147385597229,-23.168556213378906
36.98,35.3,22.958008,1983.0,0.6994583270516471,2.072099050565157e-05,-6.87,-33.8,-4.855612277984619,-26.358619689941406
39.95,32.88,920.125,1979.0,0.29671281927349075,2.2169984731590372e-05,-6.29,-40.2,-5.502180576324463,-32.409523010253906
48.78,-123.13,148.02344,2001.0,-0.9741004551724206,3.292690962553024e-05,-9.64,-65.6,-7.75460147857666,-55.46961212158203
-0.743055556,-90.30222222,1.7120972,2015.0,0.9510565162951535,2.8425036362023093e-05,-4.088861268,-22.48760432,-3.3198609352111816,-11.986305236816406
13.07,123.91,325.17188,1997.0,-0.680773409477016,0.0,-4.47,-26.0,-5.335989475250244,-30.854225158691406
41.8,-6.733333333,678.8125,1988.0,-0.9634705485641486,4.419102697283961e-05,-4.46,-24.8,-5.594374179840088,-33.272315979003906
-65.07944444,-63.9775,286.6875,1971.0,0.9760105506323683,2.2375887190844905e-06,-9.02,-76.9,-8.874862670898438,-73.8290786743164
46.65772518,8.292706832,1061.3125,2014.0,-0.9741004551724206,0.0,-7.88,-49.1,-10.181737899780273,-72.9457778930664
26.27,50.62,2.3325195,1975.0,0.2386727660059501,0.0,0.89,19.2,-1.0489869117736816,9.265647888183594
4.05,114.81,27.053711,2010.0,-0.9997685019798909,0.0002334368618903,-8.35,-58.98,-6.461579322814941,-43.379127502441406
51.35,12.43,125.46484,2007.0,-0.9587178169872964,0.0,-7.56,-54.7,-7.290583610534668,-49.794532775878906
19.24921667,-99.25580556,2983.5,2013.0,0.6354323008901774,0.0,-3.71,-25.8,-5.910379886627197,-36.229652404785156
43.587,13.51533333,153.78906,2001.0,-0.9587178169872964,3.287861090939259e-06,-6.05,-33.4,-5.334776401519775,-30.842872619628906
38.98916547,-3.920273851,626.8125,2019.0,-0.9587178169872964,0.0,-3.9,-21.9,-5.314154148101807,-30.649879455566406
-7.315277778,72.42805556,2.3126221,1965.0,-0.9587178169872964,1.6622390830889344e-05,-2.4,-5.0,-3.8972840309143066,-17.390113830566406
46.60305556,13.67138889,2148.125,2018.0,0.5595892624101765,0.0,-8.025,-45.16,-9.189974784851074,-68.51529693603516
53.8713,8.7058,4.7202148,2008.0,-0.27195815753410524,2.509718615328893e-05,-9.26,-60.45,-9.189329147338867,-64.6335220336914
47.6772,9.19,442.90625,2010.0,-0.2884824328806098,0.0002076770470011,-13.44,-104.41,-11.990070343017578,-88.09207916259766
58.38277778,21.81416667,5.9343262,2016.0,-0.7116566222817751,0.0001320790324825,-14.75,-107.4,-10.64980697631836,-76.86624908447266
51.73333333,36.26666667,193.03906,1996.0,-0.9634705485641486,0.0,-9.8,-67.5,-8.650704383850098,-61.755714416503906
-5.8,-35.2,40.765625,1974.0,0.9510565162951535,9.013542876346035e-05,-4.55,-25.7,-3.322287082672119,-12.009010314941406
-40.35,-9.88,37.345703,1999.0,0.9760105506323683,7.818551966920495e-05,-4.68,-26.1,-4.656668186187744,-24.496803283691406
-9.55,16.37,1154.5,1973.0,-0.2884824328806098,0.0,-6.48,-51.7,-4.317007541656494,-21.318092346191406
33.46555556,126.9333333,5.9509277,1996.0,0.4937755501599772,6.628413302678382e-06,-5.2,-6.0,-4.258780002593994,-20.773170471191406
1.53,110.34,7.5837402,2013.0,-0.9587178169872964,3.038832437596284e-05,-7.86,-50.9,-6.544358253479004,-45.000770568847656
52.1,5.18,1.7967529,1982.0,0.2386727660059501,3.073046400459134e-06,-8.73,-62.5,-8.542217254638672,-59.213417053222656
-34.93,138.58,24.027344,1962.0,0.741222010848596,0.0,-4.5,-26.1,-4.451658725738525,-22.578224182128906
-5.8,-61.27,46.498047,1990.0,0.6994583270516471,0.000179776805453,-3.79,-15.5,-6.247917652130127,-39.38849639892578
6.433333333,81.13333333,73.40625,1983.0,0.9760105506323683,0.0,-3.99,-18.7,-4.568113803863525,-23.668067932128906
49.38,-82.12,243.30469,2000.0,-0.27195815753410524,0.0,-24.83,-184.0,-15.035720825195312,-145.46780395507812
-3.72,-38.55,19.124023,1976.0,-0.970063921851507,0.0,-0.74,4.3,-1.6603760719299316,3.5439682006835938
22.31666667,114.1666667,34.056641,1987.0,0.29671281927349075,0.0001525085972389,-4.5,-26.4,-6.712979793548584,-43.74077606201172
28.58,77.2,222.79688,2005.0,0.741222010848596,0.0,-0.5,-0.87,-1.6167054176330566,3.9526596069335938
-0.37,-78.55,3064.0,2001.0,-0.2135209154397959,0.0,-10.92,-78.5,-8.179237365722656,-63.904518127441406
22.31666667,114.1666667,34.056641,1980.0,0.9721181966290613,0.0,-1.71,-4.9,-3.6207032203674316,-14.801734924316406
46.72738634,8.186782163,600.90625,1983.0,0.9510565162951535,0.0,-14.34,-104.7,-13.251043319702148,-98.6537857055664
28.276976,84.30961,2101.5,2016.0,0.3777079652039649,0.0006934137200005,0.641550801,10.56159672,1.1393980979919434,29.745628356933594
39.95,32.88,920.125,1997.0,-0.2135209154397959,0.0,-8.19,-53.4,-4.481985569000244,-22.862037658691406
42.85,-80.27,228.9375,1977.0,-0.2884824328806098,8.198632713174447e-06,-12.6,-88.0,-10.114709854125977,-94.73648834228516
45.03527778,24.28416667,223.875,2019.0,-0.2135209154397959,0.0,-4.52,-30.1,-6.467787265777588,-41.446144104003906
46.39864119,6.233803787,434.125,2023.0,-0.2135209154397959,3.709846350830048e-05,-5.08,-34.61,-6.425329685211182,-41.048805236816406
62.89179444,27.62542222,94.585938,2006.0,-0.9587178169872964,0.0,-12.93,-92.7,-10.800714492797852,-78.1302261352539
4.05,114.81,27.053711,2006.0,-0.3697245428906732,0.0,-6.44,-33.66,-6.866888523101807,-45.181129455566406
-34.05,115.0249,77.78125,2005.0,-0.8674563547295971,5.583521669905167e-06,-2.78,-13.5,-2.9753479957580566,-8.762184143066406
28.58,77.2,222.79688,1969.0,0.9510565162951535,0.0,-3.55,-10.0,-1.8981385231018066,1.3188705444335938
-75.58333333,-20.56666667,105.53516,1990.0,0.29671281927349075,1.7108740629973237e-07,-18.73,-149.2,-19.023584365844727,-151.95932006835938
54.5275,9.5486,43.292969,2010.0,-0.2884824328806098,1.5099923075467814e-05,-11.66,-79.8,-10.220104217529297,-73.26712799072266
-0.331666667,31.76111111,1281.8125,2021.0,-0.680773409477016,0.0,-1.07,5.9,-1.3886475563049316,6.086936950683594
35.27,-75.55,0.0,1964.0,0.2802306751992159,0.0,-3.2,-14.3,-5.214682102203369,-29.718971252441406
50.3119,11.8758,564.53125,1983.0,-0.7236440382959123,0.0,-10.82,-79.0,-10.45541763305664,-75.23807525634766
39.46666667,-6.333333333,410.0,2013.0,-0.7236440382959123,0.0003509730740915,-0.19,-8.8,-5.91765832901001,-36.297767639160156
45.80666667,15.97,120.36328,1992.0,0.9562348265919056,0.0,-11.3,-72.5,-9.665071487426758,-68.6182632446289
-30.08,-51.18,244.72656,1973.0,0.6994583270516471,9.96776725514792e-05,-6.41,-35.2,-6.0353264808654785,-37.398963928222656
-65.07944444,-63.9775,286.6875,1975.0,-0.7236440382959123,4.589925437256977e-07,-12.32,-105.0,-8.670270919799805,-91.19493865966797
48.18427778,16.389575,201.11719,2002.0,-0.8758917051442433,3.121173358522356e-05,-11.33,-82.7,-7.459368705749512,-52.36444091796875
46.17378583,8.788556051,407.5,2018.0,0.2386727660059501,0.0,-9.39,-68.0,-11.263668060302734,-82.00785064697266
-27.43,153.08,5.7802734,1988.0,-0.7116566222817751,0.0,-4.07,-20.5,-2.3979249000549316,-3.3583755493164062
-65.07944444,-63.9775,286.6875,1990.0,-0.680773409477016,2.181134530270833e-06,-8.89,-66.2,-8.081096649169922,-93.16490936279297
-75.58333333,-20.56666667,105.53516,1980.0,-0.27195815753410524,1.4027328105654574e-08,-13.57,-96.6,-20.301849365234375,-163.98825073242188
17.46,106.62,2.4233398,2014.0,-0.7236440382959123,0.0,-3.04,-8.1,-5.298384189605713,-30.502296447753906
59.96666667,30.3,3.7930908,1983.0,0.2386727660059501,6.30757267572335e-06,-16.6,-127.0,-15.246091842651367,-115.3639907836914
46.39864119,6.233803787,434.125,1996.0,0.2386727660059501,5.945271368545946e-06,-13.81,-100.3,-11.038585662841797,-80.12259674072266
38.43055556,27.15111111,13.000488,2020.0,0.9562348265919056,8.586153126088902e-05,-4.74,-27.8,-5.064260959625244,-28.311256408691406
10.30666667,-84.80472222,1457.5,2004.0,0.1882267098432442,0.0,-1.6,5.0,0.4655308723449707,-4.3271942138671875
64.13,-21.93,12.141602,2021.0,-0.9587178169872964,0.0,-8.27,-57.6,-8.312019348144531,-57.285316467285156
43.933,-60.007,2.6035156,2019.0,0.7295575540864875,2.173213488276815e-06,-5.69,-34.58,-6.866888523101807,-45.181129455566406
41.93333333,45.48333333,0.0,2017.0,0.9760105506323683,0.0,-9.78,-70.6,-8.881120681762695,-62.05200958251953
6.166666667,102.2833333,3.2288818,2021.0,-0.9587178169872964,0.0,-8.41,-56.3,-6.122479438781738,-40.276893615722656
36.9275,14.72555556,541.25,1999.0,-0.680773409477016,0.0,-4.2,-15.0,-4.093801975250244,-19.229225158691406
37.30268,-2.90198,1735.125,2015.0,0.741222010848596,0.0,-0.37,-4.0,-5.348120212554932,-30.967750549316406
47.47051111,21.49041944,105.30859,2003.0,0.4093559588156213,0.0,6.64,10.7,-8.502573013305664,-58.88135528564453
7.266666667,80.6,481.4375,1993.0,0.6994583270516471,0.0,-2.5,-6.0,-4.861677646636963,-26.415382385253906
49.04,37.577,66.21875,2018.0,0.741222010848596,1.08237845779513e-05,-9.71,-67.7,-7.905976295471191,-53.884361267089844
38.98916547,-3.920273851,626.8125,2017.0,0.741222010848596,0.0,-3.1,-16.2,-5.357824802398682,-31.058570861816406
-65.07944444,-63.9775,286.6875,1977.0,0.29671281927349075,3.007826981721101e-07,-12.41,-97.8,-9.436042785644531,-82.86984252929688
13.07176111,-59.48972222,45.302734,1974.0,0.6994583270516471,1.055397206073394e-05,3.81,24.7,-0.9907593727111816,9.810569763183594
-24.78,-65.4,1227.625,1982.0,-0.2884824328806098,3.1366631446871907e-05,-6.0,-35.0,-3.9894776344299316,-18.252906799316406
52.141,-106.6244,507.71875,1996.0,0.6994583270516471,0.0,-16.41,-128.57,-23.25697898864746,-182.46188354492188
30.11222222,78.3025,353.9375,2006.0,-0.9587178169872964,0.0,-8.2,-58.7,-8.163818359375,-63.684547424316406
66.49686111,25.75518056,108.88672,2012.0,-0.9634705485641486,1.5232280020427424e-05,-11.43,-81.1,-11.555252075195312,-84.45011138916016
11.17694444,-4.304111111,435.625,2011.0,-0.680773409477016,9.348370076622814e-05,-5.246854464,-31.8337043,-4.644537448883057,-24.383277893066406
46.64833333,14.31833333,448.71875,2002.0,-0.2884824328806098,1.8806123989634216e-05,-14.45,-104.2,-13.45054817199707,-100.3248062133789
12.38,-5.47,359.875,2015.0,-0.2135209154397959,6.436163675971329e-05,-6.73,-42.0,-4.807089328765869,-25.904518127441406
-31.15583333,136.8052778,166.9375,2011.0,-0.2135209154397959,0.0,-7.66,-54.1,-2.2911744117736816,-2.3593521118164062
51.6,-1.1,55.042969,2007.0,-0.2135209154397959,0.0,-6.04,-38.5,-6.1517815589904785,-38.488807678222656
-33.95833333,18.46111111,109.49609,1996.0,0.2802306751992159,0.0002635112323332,-3.5,-7.0,-3.399923801422119,-12.735572814941406
51.93,-10.25,33.068359,1999.0,-0.9587178169872964,0.0,-5.53,-35.55,-5.363890171051025,-31.115333557128906
38.03333333,114.4166667,86.800781,2001.0,0.2386727660059501,0.0,-13.25,-77.1,-7.354676246643066,-50.55943298339844
-34.23583333,142.0866667,49.828125,2007.0,-0.9587178169872964,0.0,-1.49,-10.3,-3.356253147125244,-12.326881408691406
-34.58,-58.48,21.585938,1963.0,-0.2135209154397959,0.0,-4.3,-23.6,-3.725027561187744,-15.778053283691406
41.91172742,2.763346411,139.71094,2021.0,0.6994583270516471,7.940493560454343e-06,-5.71,-37.0,-6.060801029205322,-37.637367248535156
-16.49888889,-68.12305556,3582.75,1999.0,0.9510565162951535,0.0001496314507676,-17.62,-126.25,-11.568487167358398,-112.2592544555664
-0.37,-78.55,3064.0,1997.0,-0.9741004551724206,6.118862802395597e-05,-5.61,-25.3,-8.413228988647461,-67.2428970336914
45.0,136.6,361.35938,1998.0,0.9760105506323683,0.0,-8.4,-54.0,-13.169195175170898,-97.9682388305664
-31.48388889,145.8294444,259.60938,2010.0,0.9510565162951535,0.0,-3.27,-14.6,-3.7323060035705566,-15.846168518066406
-20.67777778,139.4875,339.82812,2008.0,-0.23030567023061196,0.0,-0.14,-11.4,-2.492544651031494,-4.243873596191406
56.9,35.9,136.57812,1981.0,0.6994583270516471,2.259191933262628e-05,-15.1,-118.0,-16.305002212524414,-124.2332534790039
38.05011111,23.8675,438.375,2002.0,-0.09453674981719933,0.0,-6.81,-43.55,-5.9453253746032715,-36.74311065673828
39.28333333,-7.416666667,492.75,1991.0,0.29671281927349075,0.0,-4.21,-24.1,-4.307302951812744,-21.227272033691406
-27.47,-58.83,60.339844,1984.0,-0.27195815753410524,0.0,-7.1,-60.0,-5.619848728179932,-33.510719299316406
-18.91472222,47.55805556,1278.5,2020.0,-0.7116566222817751,1.7507054508314468e-05,-0.9,5.6,-3.923971652984619,-17.639869689941406
47.833185,1.940433,113.78516,2014.0,0.9510565162951535,0.0,-8.9,-60.1,-7.710308074951172,-52.24547576904297
-45.35,-72.07,583.1875,1996.0,0.9562348265919056,0.0,-8.5,-65.0,-9.165084838867188,-77.9697036743164
9.0,38.73,2329.125,1993.0,0.9760105506323683,0.0,-0.25,13.1,0.19320058822631836,20.890647888183594
8.35,80.38333333,84.476562,1986.0,-0.2884824328806098,0.0,-5.88,-34.0,-5.70415735244751,-34.299720764160156
4.466666667,101.3833333,1451.4375,2000.0,-0.9634705485641486,0.0001156537982751,-9.12,-50.8,-7.952045917510986,-62.31702423095703
23.64,88.85,18.375977,2017.0,-0.9587178169872964,0.0,-7.61,-51.5,-7.39064884185791,-52.653663635253906
21.32,103.91,609.09375,2021.0,-0.2135209154397959,0.0006949441740289,-10.72,-80.0,-7.307436943054199,-51.466468811035156
-20.901,55.484,83.28125,2013.0,-0.2884824328806098,6.530624432343757e-06,-5.56,-33.8,-2.5240845680236816,-4.539039611816406
28.46344137,-16.2553441,36.554688,2014.0,0.741222010848596,3.2288119200529763e-06,1.43,4.7,-2.4949707984924316,-4.266578674316406
-20.67652,-66.63797,3679.0,2010.0,0.9510565162951535,0.0,-11.74,-84.6,-10.998926162719727,-104.1332778930664
-41.47,-72.93,43.574219,1989.0,0.6994583270516471,0.0,-6.0,-41.0,-6.221533298492432,-39.141578674316406
-6.18,106.83,5.1230469,1985.0,0.741222010848596,0.000133943001856,-4.81,-25.3,-5.8024163246154785,-35.219276428222656
40.41195035,-3.67806112,671.09375,2000.0,-0.23030567023061196,0.0,-6.74,-48.6,-4.876234531402588,-26.551612854003906
-5.8,-35.2,40.765625,1976.0,0.2802306751992159,0.0,-1.2,4.6,-1.9903321266174316,0.45607757568359375
41.05916667,-100.7463889,918.34375,1999.0,-0.6744436188329457,0.0,-15.4,-111.0,-6.866888523101807,-45.181129455566406
49.0975,19.59,572.9375,2020.0,-0.23030567023061196,3.5790082620223984e-05,-6.37,-45.6,-6.998245716094971,-46.25217056274414
47.81666667,13.71777778,1616.0625,2018.0,-0.9997685019798909,0.0,-5.532,-27.16,-9.790401458740234,-69.66800689697266
-5.8,-35.2,40.765625,1976.0,0.9721181966290613,7.636433292645961e-05,-1.94,2.7,-3.3150086402893066,-11.940895080566406
32.2361,-110.9439,753.21875,1990.0,-0.7236440382959123,0.0,-5.844444444,-30.77777778,-6.652008533477783,-47.203529357910156
52.2914,10.4464,80.6875,1994.0,0.9760105506323683,0.0,-6.4,-51.1,-8.551170349121094,-59.28839874267578
32.37,-64.68,1.0638428,1964.0,-0.27195815753410524,5.114181476528756e-06,-3.2,-9.4,-4.329138278961182,-21.431617736816406
51.3744,11.2919,162.88281,2003.0,-0.7236440382959123,0.0,-12.02,-86.2,-10.043619155883789,-71.7889175415039
40.41195035,-3.67806112,671.09375,2020.0,0.6994583270516471,7.499526691390201e-05,-2.69,-16.8,-7.1800537109375,-47.80414962768555
44.096,10.183,357.125,2022.0,0.741222010848596,5.88367365708109e-05,-3.91,-24.32,-5.583456516265869,-33.170143127441406
20.03333333,110.35,20.03418,1996.0,0.7295575540864875,9.364478319184856e-05,-4.44,-22.4,-3.7565674781799316,-16.073219299316406
0.05,32.45,1135.4375,2019.0,-0.9587178169872964,3.530266258167103e-05,-2.21,-2.8,-1.7719788551330566,2.4995346069335938
46.37222222,6.470833333,387.75,1993.0,0.2386727660059501,0.0,-6.57,-52.8,-10.677942276000977,-77.1019058227539
47.47051111,21.49041944,105.30859,2007.0,-0.6152845999633277,0.000128544474137,-2.94,-24.88,-8.853591918945312,-62.99169921875
48.8281,9.2,313.79688,1978.0,-0.9587178169872964,1.1687828191497829e-05,-5.71,-38.6,-6.978028297424316,-45.9549674987793
7.0,125.25,1722.75,1995.0,0.6994583270516471,0.0,-10.5,-71.1,-6.2439751625061035,-39.351600646972656
48.22,11.59,494.59375,1999.0,0.29671281927349075,0.0,-6.66,-44.05,-7.425437927246094,-49.85945129394531
4.7,-74.13,2551.125,1989.0,-0.2135209154397959,1.2891531696368476e-05,-15.03,-107.0,-7.410635948181152,-53.829017639160156
8.92,-79.6,11.163086,1977.0,-0.9741004551724206,6.429342465708032e-05,-3.4,-15.6,-6.144503116607666,-38.420692443847656
9.6678,80.0065,5.8981934,2017.0,-0.9587178169872964,1.8108314179698937e-05,-5.86,-39.0,-3.826925754547119,-16.731666564941406
51.93,-10.25,33.068359,2016.0,-0.970063921851507,9.49125114857452e-06,-5.82,-32.5,-5.121275424957275,-28.844825744628906
71.3,-156.78,0.0,1968.0,0.6994583270516471,2.209227386629209e-05,-4.2,-18.2,-20.17744255065918,-156.66818237304688
46.20239,7.84117,1546.1875,2019.0,0.29671281927349075,0.00012304293341,-3.79,-18.96,-10.296836853027344,-73.90982818603516
41.64083945,-4.754446679,735.625,2007.0,-0.2884824328806098,0.0,-8.68,-67.05,-8.905418395996094,-62.255531311035156
-0.331666667,31.76111111,1281.8125,2013.0,0.29671281927349075,0.0,-2.16,-6.77,-1.4226136207580566,5.769065856933594
-20.901,55.484,83.28125,2019.0,-0.2135209154397959,0.0,-1.11,2.9,-2.5337891578674316,-4.629859924316406
30.27,35.58,1330.375,1967.0,0.9510565162951535,0.0,-5.59,-19.9,-3.2761902809143066,-11.577613830566406
13.07176111,-59.48972222,45.302734,1983.0,-0.9587178169872964,1.997089566430077e-05,-2.8,-12.3,-3.322287082672119,-12.009010314941406
-33.95833333,18.46111111,109.49609,2005.0,0.741222010848596,0.0,-3.22,-26.0,-3.2276673316955566,-11.123512268066406
47.81666667,13.71777778,1616.0625,2022.0,-0.6354323008901775,0.0,-13.546,-93.33,-11.166473388671875,-81.19376373291016
23.95277778,90.27916667,23.626953,2016.0,-0.7116566222817751,0.0,-10.12,-76.3,-6.76567268371582,-44.23390197753906
47.8008,11.0108,974.96875,1995.0,0.9760105506323683,0.0,-10.58,-76.1,-11.294361114501953,-82.26493072509766
46.22030867,7.33848445,481.70312,2016.0,-0.9634705485641486,0.0,-3.93,-34.8,-8.22614574432373,-56.851234436035156
46.72738634,8.186782163,600.90625,2007.0,0.741222010848596,5.5457257985835895e-05,-12.84,-96.7,-8.462926864624023,-58.549293518066406
0.73,32.53,1143.6875,2000.0,0.6994583270516471,3.188569098711014e-05,3.3,36.9,-1.9175477027893066,1.1372299194335938
48.24861111,16.35638889,200.63281,1977.0,-0.9587178169872964,0.0,-6.22,-41.5,-7.7096686363220215,-52.24011993408203
55.7,37.51666667,199.46875,2017.0,-0.2884824328806098,1.6819642041809857e-05,-14.99,-106.0,-15.547906875610352,-117.8919448852539
50.3119,11.8758,564.53125,1992.0,0.2386727660059501,0.000125746577396,-9.65,-72.3,-10.324972152709961,-74.1454849243164
49.0975,19.59,572.9375,2001.0,0.2386727660059501,0.0,-13.23,-100.2,-12.601373672485352,-93.2122573852539
67.15,32.35,0.0,1998.0,-0.680773409477016,7.873898721300066e-05,-9.1,-68.2,-10.59532642364502,-77.08221435546875
46.57248471,8.332719621,1924.0,2007.0,-0.9587178169872964,0.0,-11.74,-77.83,-10.844196319580078,-78.49442291259766
28.58,77.2,222.79688,1966.0,0.9760105506323683,0.0,4.3,36.8,-1.8593201637268066,1.6821517944335938
4.05,114.81,27.053711,2007.0,0.9070138128026359,0.0,0.32,7.23,-6.516310214996338,-41.900245666503906
51.93,-10.25,33.068359,2018.0,0.9760105506323683,3.4409079034958268e-06,-4.53,-29.8,-5.699305057525635,-34.254310607910156
35.76472222,-106.3569444,2466.0,1991.0,-0.4405187843504952,0.0001098954380722,-6.55,-57.0,-9.330257415771484,-58.96284484863281
-23.0,-47.13333333,635.21875,1997.0,-0.2884824328806098,9.878011042019352e-06,-8.98,-46.51,-3.5479187965393066,-14.120582580566406
38.79273611,-9.105733333,36.355469,2002.0,-0.20510449986861926,0.0,-0.9,-1.1,-4.045279026031494,-18.775123596191406
46.72738634,8.186782163,600.90625,2017.0,-0.9741004551724206,6.236071840248769e-06,-6.97,-44.7,-9.695764541625977,-68.8753433227539
38.98916547,-3.920273851,626.8125,2013.0,-0.7236440382959123,0.0001652992650633,-11.35,-86.7,-7.467111110687256,-50.148597717285156
54.0967,13.4056,1.5458374,2005.0,-0.2884824328806098,3.105032737948932e-05,-11.95,-88.8,-10.575632095336914,-76.2449722290039
50.06166667,19.84861111,356.8125,1986.0,-0.7236440382959123,9.401779607287608e-06,-9.76,-69.0,-11.447826385498047,-83.55033111572266
36.15,-5.35,1.5737915,1999.0,-0.9741004551724206,0.0,-3.31,-15.05,-4.537786960601807,-23.384254455566406
33.65694444,73.26611111,580.9375,1997.0,0.2386727660059501,0.0,-6.68,-43.29,-4.775549411773682,-25.609352111816406
50.06166667,19.84861111,356.8125,1980.0,-0.6932812268869771,0.0,-6.81,-48.1,-6.866888523101807,-45.181129455566406
-0.166666667,-78.48333333,2781.625,2009.0,0.9760105506323683,3.570045737433247e-05,-14.5,-103.51,-10.061145782470703,-90.7538833618164
-40.35,-9.88,37.345703,1970.0,-0.9587178169872964,2.859390178855392e-06,-2.78,-18.0,-4.392218112945557,-22.021949768066406
0.065481835,18.31282815,311.70312,2020.0,0.6932812268869777,5.4482879932038486e-05,-3.685550373,-12.38336628,-2.429464817047119,-3.6535415649414062
47.81666667,13.71777778,1616.0625,2020.0,0.8631421280499114,0.0,-12.057,-83.82,-10.27276611328125,-73.73214721679688
46.72738634,8.186782163,600.90625,2008.0,-0.6932812268869771,0.000129855267005,-8.31,-53.88,-6.504482746124268,-41.78955841064453
44.95,5.78,906.125,1998.0,0.9760105506323683,0.0,-7.62,-54.1,-7.499612808227539,-50.48072814941406
76.76666667,-18.66666667,0.0,2014.0,0.2386727660059501,0.0,-13.98,-97.9,-19.08671760559082,-147.87545776367188
36.98,35.3,22.958008,2014.0,0.9760105506323683,3.818123150267638e-05,-2.25,-11.0,-4.258780002593994,-20.773170471191406
48.22,11.59,494.59375,1990.0,0.29671281927349075,3.285057391622104e-05,-10.77,-77.4,-8.858100891113281,-61.85919952392578
56.97,24.07,4.2321777,1982.0,0.9760105506323683,4.223633823130513e-06,-11.4,-80.0,-10.294279098510742,-73.8884048461914
-34.38,-58.28,0.0,1992.0,-0.970063921851507,0.0,-5.1,-32.0,-3.1451783180236816,-10.351539611816406
81.6,-16.67,27.780273,1965.0,0.6994583270516471,0.0,-29.6,-227.1,-24.822324752807617,-195.57296752929688
-25.73,28.18,1326.75,1974.0,0.6994583270516471,1.2045866242260672e-05,-3.92,-20.7,-3.8390564918518066,-16.845191955566406
53.23,6.55,7.7121582,1970.0,0.6994583270516471,0.0002244902134407,-11.95,-83.4,-8.05048942565918,-55.09477996826172
36.62,127.46,80.589844,2000.0,-0.7116566222817751,7.322497367567848e-06,-10.15,-63.75,-6.866888523101807,-45.181129455566406
-31.95,115.97,20.375,2009.0,0.2386727660059501,0.0,-5.67,-34.0,-3.1597352027893066,-10.487770080566406
2.883333333,101.7833306,55.289062,2005.0,-0.2884824328806098,0.0001992959878407,-10.19,-65.1,-6.866888523101807,-45.181129455566406
46.78,23.61,336.76562,2022.0,-0.9741004551724206,1.1208700016140938e-05,-7.7,-50.4,-8.99738883972168,-63.50739288330078
34.88,35.88,0.0,1993.0,0.9510565162951535,0.0,-4.12,-17.9,-4.147177219390869,-19.728736877441406
-34.05,115.0249,77.78125,2008.0,0.9427611433904207,0.0,-3.69,-18.7,-4.253927707672119,-20.727760314941406
4.501352778,-74.29085833,2725.25,1999.0,0.6994583270516471,0.0,-9.75,-64.05,-9.054437637329102,-76.3910903930664
38.28,21.79,113.0625,2005.0,0.9760105506323683,0.0,-6.97,-44.1,-5.075178623199463,-28.413429260253906
52.1042,8.7519,134.42188,2010.0,0.741222010848596,0.0,-6.69,-47.71,-6.866888523101807,-45.181129455566406
52.1042,8.7519,134.42188,1981.0,-0.2135209154397959,8.601204172009602e-05,-6.87,-49.1,-6.25731897354126,-39.476478576660156
78.91666667,11.93333333,38.650391,1994.0,-0.2135209154397959,0.0,-9.94,-78.4,-11.693370819091797,-85.60697174072266
60.18008889,24.83286111,14.698242,2014.0,-0.680773409477016,0.0,-11.09,-75.8,-8.625288009643555,-61.703269958496094
25.21916667,91.66277778,913.15625,2008.0,-0.8800122039735356,0.000361505895853,-5.95,-35.6,-6.936156272888184,-46.16938018798828
-46.88,37.87,0.0,2010.0,0.741222010848596,3.337915586598683e-06,-3.3619406,-16.63934523,-5.419691562652588,-31.637550354003906
12.69325,-7.995494444,382.5625,1973.0,-0.9587178169872964,0.0,2.16,3.1,-4.617849826812744,-24.133522033691406
32.2361,-110.9439,753.21875,2009.0,-0.9587178169872964,0.0003255490155424,-4.808333333,-34.50224657,-7.225358009338379,-50.295448303222656
45.46666667,13.61666667,0.5645752,2005.0,0.741222010848596,0.0,-5.94,-47.36,-5.9576897621154785,-36.672401428222656
46.22030867,7.33848445,481.70312,2001.0,-0.680773409477016,9.24129199120216e-06,-4.87,-36.2,-6.294924259185791,-39.828407287597656
40.98333333,15.61666667,602.15625,2003.0,-0.680773409477016,0.0,-5.1,-30.0,-4.818006992340088,-26.006690979003906
47.81666667,13.71777778,1616.0625,2018.0,-0.6287628145958345,0.0,-5.922,-33.43,-11.335285186767578,-82.60770416259766
-26.41388889,146.2558333,302.09375,2014.0,-0.2884824328806098,0.0,-1.82,-0.4,-3.754141330718994,-16.050514221191406
51.387367,-0.325697,10.34082,2021.0,-0.5380051715382992,0.0,-8.6256226,-57.89062747,-6.866888523101807,-45.181129455566406
-33.95833333,18.46111111,109.49609,2000.0,-0.8958392907349089,0.0,-2.58,-8.0,-3.0723938941955566,-9.670387268066406
28.276976,84.30961,2101.5,2017.0,-0.9760105506323682,0.0,-2.792549505,-7.962649189,-7.942524433135986,-60.527320861816406
4.466666667,101.3833333,1451.4375,2018.0,-0.7236440382959123,0.0001460500934626,-10.27,-69.0,-8.616384506225586,-70.1413345336914
46.60305556,13.67138889,2148.125,2018.0,0.09453674981719912,4.017550963908434e-05,-7.349,-63.48,-9.764823913574219,-69.45377349853516
52.2914,10.4464,80.6875,1979.0,-0.7236440382959123,4.005349182989448e-05,-11.38,-82.8,-9.53718376159668,-67.5470962524414
-46.42,168.32,-0.90939331,1988.0,0.9562348265919056,4.21617369283922e-05,-7.17,-47.4,-6.866888523101807,-45.181129455566406
46.96666667,28.9,90.308594,2019.0,-0.9741004551724206,0.0,-8.92,-61.7,-9.002609252929688,-63.875709533691406
-12.43,130.87,16.515625,1991.0,-0.7236440382959123,6.817960820626467e-05,-1.28,-0.1,-3.472708225250244,-13.416725158691406
47.37233597,8.083138245,397.48438,2017.0,-0.7236440382959123,0.0,-13.37,-99.2,-11.025796890258789,-80.0154800415039
46.60305556,13.67138889,2148.125,2002.0,-0.970063921851507,6.1214100242068525e-06,-6.54,-39.9,-7.742688179016113,-55.87745666503906
32.37,-64.68,1.0638428,1964.0,-0.9634705485641486,3.195677209077985e-06,-2.4,-12.4,-5.363890171051025,-31.115333557128906
4.05,114.81,27.053711,2008.0,-0.2553532951161881,5.075666558695957e-05,-4.34,-30.22,-6.866888523101807,-45.181129455566406
37.1644591,-5.611393166,86.394531,2001.0,0.9510565162951535,0.0,-4.9,-25.5,-4.83499002456665,-26.165626525878906
-45.35,-72.07,583.1875,1990.0,-0.9587178169872964,0.0,-11.7,-92.0,-9.654834747314453,-84.9570083618164
55.7,37.51666667,199.46875,2019.0,0.6994583270516471,4.6928966185078025e-05,-15.11,-108.7,-16.18222999572754,-123.2049331665039
-27.17,-109.43,140.28906,2005.0,-0.2884824328806098,1.122792355090496e-06,-0.51,5.9,-3.1403260231018066,-10.306129455566406
49.7478,6.6581,259.26562,1981.0,-0.2135209154397959,0.0,-5.41,-36.1,-6.264294147491455,-39.54175567626953
-3.12,-60.02,49.394531,1983.0,-0.7236440382959123,0.0,-2.98,-11.1,-3.0529847145080566,-9.488746643066406
44.038,10.18,783.40625,2019.0,-0.9611297838723007,0.0,-6.52,-37.96,-6.1178154945373535,-38.170936584472656
51.6,-1.1,55.042969,1984.0,0.6994583270516471,2.8511462005553767e-05,-7.9,-55.0,-7.768899917602539,-55.803131103515625
53.23,6.55,7.7121582,2009.0,0.9760105506323683,3.3573523978702724e-06,-8.29,-59.79,-7.570801258087158,-51.89380645751953
53.23,6.55,7.7121582,1996.0,0.6994583270516471,2.1935420591034926e-05,-12.3,-85.0,-8.195718765258789,-59.08423614501953
25.7325,-80.16323611,3.5220947,2000.0,-0.9242907221930934,0.0001943755632964,-2.59,-7.6,-3.6643738746643066,-15.210426330566406
19.53,-96.91,1381.3125,2019.0,0.9510565162951535,0.0,-3.18,-10.8,-1.4565796852111816,5.451194763183594
-65.07944444,-63.9775,286.6875,1991.0,-0.2135209154397959,2.304161036456073e-07,-12.68,-95.2,-9.589198112487793,-86.09884643554688
-27.43,153.08,5.7802734,2007.0,-0.7236440382959123,0.0,-3.23,-8.2,-2.0922303199768066,-0.49753570556640625
14.64,121.04,42.933594,2019.0,-0.9587178169872964,0.0001236934622284,-7.33,-49.6,-7.479844093322754,-54.378761291503906
49.04,37.577,66.21875,2015.0,-0.7236440382959123,0.0,-11.72,-84.8,-10.823734283447266,-78.32303619384766
43.91281944,4.888775,30.959961,2000.0,-0.9634705485641486,0.0,-5.41,-33.8,-4.938101291656494,-27.130592346191406
59.28333333,39.86666667,117.19141,1983.0,0.9760105506323683,0.0,-13.9,-104.0,-14.069524765014648,-105.5092544555664
53.8713,8.7058,4.7202148,1980.0,-0.27195815753410524,0.0,-7.1,-52.8,-9.040979385375977,-63.390968322753906
46.29,-64.15,0.0,2008.0,-0.9634705485641486,0.0,-7.3,-47.2,-7.563430309295654,-51.594635009765625
13.73,100.5,5.7392578,2008.0,-0.6932812268869771,0.0,-7.24,-49.28,-6.866888523101807,-45.181129455566406
-34.05,115.0249,77.78125,2007.0,0.9721181966290613,3.6303949855209794e-06,-2.66,-9.9,-4.261206150054932,-20.795875549316406
38.66038889,-27.22009444,77.109375,1999.0,-0.6152845999633277,2.3930479073897004e-06,-1.355,-0.7,-3.4799866676330566,-13.484840393066406
46.89,7.49,659.34375,2019.0,0.9760105506323683,0.0,-13.24,-94.0,-11.317380905151367,-82.4577407836914
-75.58333333,-20.56666667,105.53516,1986.0,-0.9587178169872964,4.203599035935002e-07,-33.96,-255.7,-22.22821044921875,-177.72946166992188
49.0422,12.1019,370.21875,1983.0,-0.9587178169872964,2.3247806893778037e-05,-6.95,-46.6,-7.883595943450928,-53.69690704345703
-34.05,115.0249,77.78125,2017.0,0.6680638642135335,2.057724032056285e-06,-1.15,4.4,-3.933676242828369,-17.730690002441406
50.06166667,19.84861111,356.8125,1986.0,0.9510565162951535,0.0,-9.69,-73.5,-11.66523551940918,-85.3713150024414
46.49143367,9.898180888,1767.6875,2002.0,-0.2884824328806098,1.6749141650507227e-05,-20.71,-160.2265018,-15.281900405883789,-115.6639175415039
-8.77,-63.92,52.0,1972.0,-0.7116566222817751,0.0001332027022726,-3.99,-20.0,-4.626341342926025,-24.212989807128906
-33.95833333,18.46111111,109.49609,1995.0,-0.7236440382959123,0.0,-4.6,-25.0,-2.9996094703674316,-8.989234924316406
49.0392,8.365,112.44141,2009.0,0.6994583270516471,5.3492916777031496e-05,-11.45,-84.55,-10.010368347167969,-71.51041412353516
46.60305556,13.67138889,2148.125,2001.0,-0.33752289959411347,5.551157300942577e-06,-20.97,-155.4,-13.271505355834961,-98.8251724243164
-33.95833333,18.46111111,109.49609,2001.0,-0.2802306751992161,0.0,-4.93,-23.0,-3.4896912574768066,-13.575660705566406
43.68333333,-1.066666667,17.238281,2001.0,-0.9587178169872964,1.270844313694397e-05,-2.3,-10.0,-4.717321872711182,-25.064430236816406
51.83,6.25,9.5,2005.0,0.9510565162951535,1.7158392438432202e-05,-7.74,-54.0,-7.661891937255859,-52.643409729003906
46.06666667,14.51666667,298.53125,2001.0,-0.5808002734538013,7.822455518180504e-05,-7.71,-45.19,-7.453253746032715,-50.092430114746094
9.29255,123.1759167,823.65625,1997.0,0.2386727660059501,0.0,-3.26,-15.0,-4.045279026031494,-18.775123596191406
46.22030867,7.33848445,481.70312,2016.0,-0.7116566222817751,2.4057684640865773e-05,-14.3,-104.7,-11.887760162353516,-87.23514556884766
46.98141401,6.607999655,1046.0625,2023.0,-0.2884824328806098,0.0,-11.18,-82.18,-12.862264633178711,-95.3974380493164
-46.42,168.32,-0.90939331,2007.0,0.9510565162951535,0.0,-6.75,-45.4,-6.866888523101807,-45.181129455566406
36.15,-5.35,1.5737915,1975.0,-0.7236440382959123,0.0002385462285019,-6.92,-42.0,-4.813154697418213,-25.961280822753906
-75.58333333,-20.56666667,105.53516,2018.0,-0.4862727071086902,5.829389448519106e-07,-20.295,-156.73,-22.036922454833984,-177.77291870117188
32.2361,-110.9439,753.21875,1981.0,0.741222010848596,0.0,-9.6,-63.0,-6.866888523101807,-45.181129455566406
-22.94916667,-46.54916667,855.53125,1998.0,-0.9988797155850335,1.1602620588746504e-06,-2.79,-3.82,-2.764273166656494,-6.786842346191406
-12.43,130.87,16.515625,1977.0,-0.7236440382959123,0.0,-1.43,-2.6,-3.419332981109619,-12.917213439941406
-27.43,153.08,5.7802734,1965.0,0.6994583270516471,2.3089474780135788e-05,-3.9,-23.6,-3.807516574859619,-16.550025939941406
33.96666667,-4.983333333,500.04688,2008.0,-0.970063921851507,0.0,-6.14,-40.09,-4.531721591949463,-23.327491760253906
-2.53,140.72,68.566406,1973.0,0.2386727660059501,8.000971865840256e-05,-3.77,-21.2,-5.883692264556885,-35.979896545410156
-6.88,39.2,52.724609,1962.0,-0.680773409477016,0.0,-1.2,-4.4,-2.036428928375244,0.02468109130859375
36.846389,-2.356942,16.541016,2018.0,0.9510565162951535,0.0,-4.31,-26.8,-4.752501010894775,-25.393653869628906
49.38,-82.12,243.30469,2010.0,-0.9741004551724206,1.6814869013614953e-05,-15.37,-109.5,-13.107809066772461,-97.4540786743164
37.77,-25.65,137.14062,1962.0,-0.9587178169872964,5.511029030458303e-06,-3.6,-16.2,-3.676504611968994,-15.323951721191406
50.3381,7.6,86.441406,1988.0,-0.6932812268869771,6.442806807172019e-06,-4.36,-25.0,-6.356791019439697,-40.407386779785156
46.37222222,6.470833333,387.75,1996.0,0.6994583270516471,5.445076385512948e-05,-14.375,-106.5,-11.30459213256836,-82.35062408447266
14.64,121.04,42.933594,2016.0,-0.27195815753410524,0.0,-5.6,-37.9,-5.451231479644775,-31.932716369628906
64.13,-21.93,12.141602,1999.0,0.6994583270516471,4.15993454225827e-05,-9.68,-65.85,-8.774972915649414,-61.162940979003906
51.83,6.25,9.5,1978.0,-0.9741004551724206,0.0,-4.34,-23.4,-7.3038859367370605,-48.83689498901367
38.71,-27.19,479.5,1999.0,0.9510565162951535,3.64902189176064e-05,-4.82,-21.05,-3.516378879547119,-13.825416564941406
46.22030867,7.33848445,481.70312,1995.0,-0.9587178169872964,2.7215113732381724e-05,-11.87,-85.8,-8.392589569091797,-57.96015167236328
78.91666667,11.93333333,38.650391,2014.0,-0.9741004551724206,2.0245732230250724e-05,-11.6,-84.7,-10.244942665100098,-74.08861541748047
4.05,114.81,27.053711,2008.0,-0.20510449986861926,8.463330595986918e-05,-9.43,-61.8,-7.202004432678223,-49.962257385253906
36.88,30.7,0.0,2013.0,0.9510565162951535,2.78649567917455e-05,-0.43,4.11,-4.694273471832275,-24.848731994628906
43.54983333,13.60116667,546.1875,2020.0,0.7295575540864875,0.0,-5.83,-35.1,-5.774515628814697,-34.958168029785156
-22.399288,-47.543743,626.78125,2013.0,-0.2135209154397959,0.0,-1.45,3.2,-3.691061496734619,-15.460182189941406
46.98141401,6.607999655,1046.0625,2001.0,-0.9741004551724206,0.0,-9.26,-66.5,-10.030830383300781,-71.68180084228516
45.65,13.75,0.0,2002.0,-0.7236440382959123,7.72287148720352e-06,-7.3,-42.9,-5.96072244644165,-36.700782775878906
13.73,100.5,5.7392578,2009.0,-0.2884824328806098,0.0,-2.71,-10.0,-4.777975559234619,-25.632057189941406
58.38277778,21.81416667,5.9343262,2020.0,-0.6932812268869771,0.0,-10.55,-69.9,-7.2397661209106445,-50.95818328857422
-1.68218,29.22716,1527.1875,2017.0,-0.9741004551724206,0.0001292326778639,-1.41,3.2,-2.3542542457580566,-2.9496841430664062
23.82611111,78.7625,537.75,2004.0,0.2802306751992159,0.0,-9.5,-71.0,-3.147604465484619,-10.374244689941406
40.7930564,-4.010553289,1892.5,2020.0,0.2386727660059501,6.699082587147132e-05,-12.48,-83.2,-10.872331619262695,-78.7300796508789
51.93,-10.25,33.068359,2007.0,0.9760105506323683,3.133945574518293e-05,-5.58,-38.53,-5.843660831451416,-35.605262756347656
62.89179444,27.62542222,94.585938,2011.0,0.2386727660059501,8.38758387544658e-06,-18.14,-137.6,-17.0979061126709,-130.87448120117188
-7.315277778,72.42805556,2.3126221,1978.0,0.29671281927349075,8.243196134571917e-06,-0.54,4.2,-3.5042481422424316,-13.711891174316406
4.427,117.9086111,399.76562,2007.0,-0.680773409477016,0.0,-9.97,-66.5,-6.9366888999938965,-48.118141174316406
-16.3258,-67.92107222,4088.875,1983.0,0.29671281927349075,4.926420297124423e-05,-12.55,-85.1,-7.948873043060303,-60.617897033691406
51.3744,11.2919,162.88281,2007.0,0.741222010848596,0.0001209170368383,-6.41,-47.3,-7.047530174255371,-46.69415283203125
72.4,-78.0,469.17188,1992.0,0.2386727660059501,0.0,-40.97,-321.1,-34.36786651611328,-275.5248718261719
41.02444444,40.52,10.936523,2008.0,-0.23030567023061196,7.364262728515314e-06,-5.8,-34.04,-4.861677646636963,-26.415382385253906
51.35,12.43,125.46484,1992.0,0.2802306751992159,0.0,-8.3,-58.7,-8.031946182250977,-54.93946075439453
52.1,5.18,1.7967529,1985.0,-0.7236440382959123,0.0,-8.3,-50.4,-7.881038188934326,-53.67548370361328
37.77,-25.65,137.14062,1995.0,-0.9741004551724206,1.014339432003908e-05,-3.16,-13.4,-3.545492649078369,-14.097877502441406
47.4,28.49166667,94.726562,2019.0,0.9760105506323683,0.0,-9.84,-68.0,-9.424642562866211,-66.6044692993164
28.22,-177.37,0.0,1976.0,0.2386727660059501,0.0,-0.63,6.3,-3.3489747047424316,-12.258766174316406
64.13,-21.93,12.141602,2017.0,-0.9587178169872964,9.552222763886677e-05,-10.69,-79.9,-8.340154647827148,-57.520973205566406
28.58,77.2,222.79688,1962.0,0.29671281927349075,0.0,2.6,7.5,-0.7384400367736816,12.171897888183594
49.0422,12.1019,370.21875,1989.0,-0.680773409477016,0.0,-6.4,-42.5,-6.819389343261719,-44.73660659790039
46.98141401,6.607999655,1046.0625,2017.0,0.9510565162951535,0.0,-10.33,-71.5,-11.839162826538086,-86.8281021118164
7.334444444,80.62638889,475.8125,2018.0,0.2386727660059501,0.0,-5.41,-29.9,-5.30081033706665,-30.525001525878906
9.357072,-75.289167,200.4375,2009.0,-0.9587178169872964,0.0002220380265498,-4.25,-22.6,-5.433035373687744,-31.762428283691406
64.13,-21.93,12.141602,2018.0,-0.7236440382959123,4.805083790415665e-06,-5.77,-45.7,-9.509048461914062,-67.31143951416016
45.46666667,13.61666667,0.5645752,2003.0,0.06880242680231986,3.167014483551611e-06,-4.0,-22.99,-8.008926391601562,-54.74665069580078
28.58,77.2,222.79688,1974.0,-0.2884824328806098,0.0,-1.58,8.9,-2.7036194801330566,-6.219215393066406
43.49111613,-3.800555816,50.095703,2007.0,0.9510565162951535,4.260868536221096e-06,-7.31,-44.99,-5.780580997467041,-35.014930725097656
-23.0,-47.13333333,635.21875,1998.0,0.811539059007361,8.287247328553349e-05,-7.89,-32.42,-4.843481540679932,-26.245094299316406
0.05,32.45,1135.4375,1961.0,0.9760105506323683,0.000146398509969,-3.9,-13.0,-3.472708225250244,-13.416725158691406
51.83,6.25,9.5,1987.0,-0.9741004551724206,0.0,-9.59,-67.6,-7.305642604827881,-48.85019302368164
40.8203002,0.493333172,52.294922,2020.0,0.7295575540864875,0.0,-4.83,-32.6,-4.448019504547119,-22.544166564941406
37.11611111,14.82,981.1875,2001.0,0.2386727660059501,3.511118848109618e-06,-9.1,-48.0,-8.236566543579102,-56.65332794189453
33.96666667,-4.983333333,500.04688,2012.0,0.6994583270516471,0.0,-3.92,-23.57,-4.752501010894775,-25.393653869628906
-65.07944444,-63.9775,286.6875,2000.0,-0.23030567023061196,1.237164337065972e-06,-16.08,-121.5,-9.650787353515625,-85.80239868164062
46.49143367,9.898180888,1767.6875,2005.0,-0.2884824328806098,0.000228127115406,-22.09,-167.6129753,-15.159128189086914,-114.6355972290039
41.13,121.1,29.197266,1987.0,-0.9587178169872964,0.0,-8.43,-49.6,-7.292979717254639,-50.41685485839844
-35.15833333,147.4572222,211.74219,2011.0,-0.7236440382959123,0.0001064030075212,-3.38,-13.7,-3.463003635406494,-13.325904846191406
50.3381,7.6,86.441406,1988.0,0.9562348265919056,2.595355181256309e-05,-9.91,-78.2,-8.322250366210938,-57.371009826660156
-23.8,133.88,544.75,1966.0,-0.680773409477016,0.0,-7.3,-34.3,-1.9830536842346191,0.5241928100585938
51.01666667,-114.0166667,1033.25,1994.0,-0.2884824328806098,0.0,-23.5,-185.5,-21.585546493530273,-194.23703002929688
65.11666667,57.1,53.808594,1981.0,0.741222010848596,4.947508205077611e-05,-12.1,-85.0,-13.148733139038086,-97.7968521118164
47.98,-55.82,119.36328,2002.0,-0.9587178169872964,0.0,-7.67,-50.5,-7.092981338500977,-47.92839813232422
28.50444444,-16.30333333,570.6875,2010.0,0.6870527672236669,1.60504100676917e-06,-3.45,-13.87,-3.4702820777893066,-13.394020080566406
25.46411667,-80.33465278,4.0249023,2004.0,-0.9398560579418953,0.0,-2.72,-16.9,-3.856039524078369,-17.004127502441406
-17.60166667,-149.5583333,949.28125,2000.0,-0.2553532951161881,2.031378062383737e-05,-5.72,-35.9,-3.467855930328369,-13.371315002441406
4.466666667,101.3833333,1451.4375,2015.0,-0.9741004551724206,0.0001104731563827,-5.68,-28.7,-7.443251609802246,-53.404151916503906
-0.743055556,-90.30222222,1.7120972,2014.0,-0.6870527672236675,0.0,-1.103077233,0.25933106,-1.6021485328674316,4.088890075683594
23.05,-82.21666667,123.02734,2013.0,0.741222010848596,1.1761860150727443e-05,0.28,7.7,-2.550772190093994,-4.788795471191406
36.78,3.052222222,139.10156,2004.0,-0.970063921851507,7.328926585614681e-05,-6.04,-39.22,-4.730665683746338,-25.189308166503906
32.37,-64.68,1.0638428,1965.0,0.29671281927349075,1.0177284821111243e-05,-3.4,-18.0,-5.467001438140869,-32.080299377441406
19.53,-96.91,1381.3125,2021.0,0.6994583270516471,5.39628672413528e-05,-2.49,-0.3,-2.143179416656494,-0.9743423461914062
52.93,4.78,0.63311768,1983.0,-0.680773409477016,1.0457913958816787e-05,-4.76,-30.2,-6.579238414764404,-42.489158630371094
47.07777778,15.44888889,370.03125,2001.0,0.741222010848596,3.1260606192518026e-05,-5.35,-38.6,-7.754429340362549,-52.615028381347656
50.7,5.47,141.75781,1969.0,0.29671281927349075,1.442729353584582e-05,-4.96,-35.0,-7.415526866912842,-49.77643585205078
47.81666667,13.71777778,1616.0625,2003.0,0.4635502709028509,0.0002933510695584,-18.27,-132.9,-10.120351791381836,-72.4316177368164
49.0422,12.1019,370.21875,1987.0,-0.7236440382959123,3.263696635258384e-05,-11.05,-77.6,-11.002777099609375,-79.82266998291016
47.4,28.49166667,94.726562,2021.0,0.29671281927349075,0.0002367851266171,-7.88,-53.8,-6.901537895202637,-45.47134780883789
41.7787,2.5047,614.3125,2012.0,0.9562348265919056,0.0,-2.87,-14.81,-7.815176010131836,-53.12383270263672
51.18,8.4889,841.375,2005.0,-0.2884824328806098,3.322420161566697e-05,-9.24,-61.7,-10.184295654296875,-72.96720123291016
13.52,2.09,210.4375,2017.0,0.29671281927349075,0.0,-3.46,-17.7,-2.672079563140869,-5.924049377441406
33.46555556,126.9333333,5.9509277,1997.0,0.06880242680231986,6.029782525729388e-06,-6.8,-22.0,-6.753921031951904,-44.123924255371094
50.06166667,19.84861111,356.8125,1975.0,0.9760105506323683,0.0,-9.65,-70.1,-11.565483093261719,-84.53580474853516
6.9506,79.8795,3.7172852,2009.0,-0.2884824328806098,7.075542089296505e-05,-5.34,-30.17,-6.311300754547119,-39.981666564941406
53.23,6.55,7.7121582,1994.0,0.6994583270516471,3.36525117745623e-05,-8.11,-51.6,-8.162771224975586,-58.52375030517578
78.91666667,11.93333333,38.650391,2018.0,-0.2884824328806098,0.0,-10.05,-67.4,-11.261110305786133,-81.9864273071289
-17.97472,-67.08,3703.375,2011.0,0.2386727660059501,0.0,-21.44,-156.0,-10.697820663452148,-99.8373794555664
47.81666667,13.71777778,1616.0625,2003.0,0.5667017562911176,0.000120071490528,-15.51,-107.3,-9.762266159057617,-69.4323501586914
25.62,88.66,39.710938,2018.0,-0.2884824328806098,0.0,-2.97,-19.6,-5.854578495025635,-35.707435607910156
45.46666667,13.61666667,0.5645752,2002.0,-0.8498170915275277,0.0,-2.11,-3.24,-6.16997766494751,-38.659095764160156
-46.42,168.32,-0.90939331,2006.0,-0.680773409477016,0.0,-7.33,-44.3,-6.866888523101807,-45.181129455566406
-21.2,-159.8,7.8220215,1983.0,0.9760105506323683,2.3680044250795614e-05,-2.11,-6.6,-4.515951633453369,-23.179908752441406
-27.17,-109.43,140.28906,2004.0,0.9562348265919056,9.938377843354829e-06,-1.62,-5.2,-3.4120545387268066,-12.849098205566406
30.67,104.02,504.75,1996.0,0.2802306751992159,0.0006359860999509,-5.6,-38.8,-5.96072244644165,-36.700782775878906
48.24861111,16.35638889,200.63281,1991.0,0.741222010848596,1.1683027878461871e-05,-12.37,-90.0,-7.29787015914917,-48.79096221923828
47.4828,11.0622,716.1875,1995.0,-0.9741004551724206,2.394571856711991e-05,-8.06,-63.3,-10.07686996459961,-72.06742095947266
-9.55,16.37,1154.5,1979.0,0.2386727660059501,0.0,-6.93,-40.3,-4.093801975250244,-19.229225158691406
48.545,13.3528,478.40625,2008.0,-0.6932812268869771,0.0,-5.62,-35.1,-6.464148044586182,-41.412086486816406
34.71666667,10.68333333,23.232422,1994.0,0.29671281927349075,0.0,1.4,6.0,-3.7905335426330566,-16.391090393066406
63.52,-116.0,238.64844,2005.0,-0.7236440382959123,0.0,-24.61,-187.8,-24.116384506225586,-189.66012573242188
42.54633333,-6.590833333,533.15625,2003.0,0.6994583270516471,0.0,-8.01,-55.89,-7.379398345947266,-49.47383117675781
43.71,10.4,9.4057617,1992.0,-0.27195815753410524,0.0,-6.07,-41.4,-6.621241092681885,-42.882240295410156
-0.694444444,-90.325,182.40625,1996.0,-0.27195815753410524,0.0,-0.6,3.6,-1.5972962379455566,4.134300231933594
43.71,10.4,9.4057617,2001.0,-0.9587178169872964,0.0,-5.15,-32.0,-4.907774448394775,-26.846778869628906
45.32,-75.67,112.08594,2001.0,0.6994583270516471,2.5137182092294097e-05,-13.5,-93.2,-14.391801834106445,-108.2085952758789
-20.299175,57.47873889,391.1875,2020.0,0.7295575540864875,6.477542774518952e-05,-0.84,3.7,-3.598867893218994,-14.597389221191406
-65.07944444,-63.9775,286.6875,2020.0,0.2386727660059501,2.3894748395555554e-06,-9.84,-78.4,-9.619073867797852,-84.00103759765625
1.53,110.34,7.5837402,2013.0,-0.9741004551724206,0.0001849073159974,-1.22,1.7,-6.435247421264648,-43.405372619628906
41.13333333,-8.6,59.621094,1996.0,-0.970063921851507,2.1714895410696045e-06,-3.5,-19.6,-4.877447605133057,-26.562965393066406
39.28333333,-7.416666667,492.75,1998.0,-0.9741004551724206,1.0867069249798078e-05,-4.08,-24.6,-5.568899631500244,-33.033912658691406
4.036666667,9.734166667,39.230469,2011.0,-0.9587178169872964,4.500020440900698e-05,-1.56,-6.49,-3.657095432281494,-15.142311096191406
51.6,-1.1,55.042969,2005.0,-0.2884824328806098,0.0001085554540622,-9.83,-66.3,-7.957770824432373,-54.31818389892578
46.98141401,6.607999655,1046.0625,2014.0,0.9510565162951535,0.0,-12.12,-87.3,-11.864740371704102,-87.0423355102539
49.7703,9.9578,265.90625,1988.0,-0.23030567023061196,0.0,-6.0,-44.0,-6.348299503326416,-40.327919006347656
54.5283,11.0603,1.9006348,2001.0,-0.2135209154397959,5.2536497605615295e-06,-6.54,-43.9,-6.49022912979126,-41.656166076660156
-53.0,-70.833333,32.589844,2015.0,-0.2884824328806098,6.0443584516178817e-05,-8.46,-50.7,-8.580106735229492,-69.6237564086914
2.816666667,101.5833333,1.5,2002.0,0.6994583270516471,5.033708657720126e-05,-5.441,-27.76,-5.825464725494385,-35.434974670410156
47.07777778,15.44888889,370.03125,1974.0,0.741222010848596,1.0969212098643766e-06,-9.73,-73.2,-7.941784858703613,-54.184288024902344
38.00194982,-1.170837424,61.660156,2015.0,0.2386727660059501,0.0,-12.36,-93.0,-5.827284336090088,-35.452003479003906
50.92,5.78,111.17188,1981.0,0.9760105506323683,0.0001240154815604,-6.2,-40.0,-8.191285133361816,-56.30112838745117
-27.17,-109.43,140.28906,2007.0,-0.9587178169872964,1.6403134850406786e-06,2.16,-24.6,-2.8928589820861816,-7.990211486816406
58.75,-94.06,16.645508,1992.0,-0.970063921851507,7.315491984627442e-06,-16.39,-123.9,-18.26424217224121,-140.64352416992188
-1.040555556,-80.465,36.576172,2016.0,0.2386727660059501,0.0,-4.7,-27.3,-2.8152222633361816,-7.263648986816406
-33.45,-70.7,507.65625,2011.0,-0.2135209154397959,0.0,-7.72,-48.9,-6.15056848526001,-38.477455139160156
-75.58333333,-20.56666667,105.53516,1986.0,0.6994583270516471,0.0,-15.13,-112.3,-17.830223083496094,-143.37179565429688
35.13,-111.67,2151.0,1966.0,-0.7236440382959123,0.0,-9.3,-56.4,-7.114710807800293,-48.716835021972656
-1.5075,-77.94388889,958.9375,2014.0,-0.7236440382959123,0.0001088859717128,-7.62,-51.5,-3.501821994781494,-13.689186096191406
54.6789,13.4342,38.980469,2007.0,0.741222010848596,7.632564120285679e-06,-6.98,-53.16,-7.185328960418701,-47.84833526611328
10.00036389,-84.10913333,1157.3125,2017.0,-0.2967128192734901,0.0001928498531924,-4.05449875,-26.655833,-5.902077674865723,-37.626625061035156
22.31666667,114.1666667,34.056641,1993.0,0.9760105506323683,7.025394097581739e-06,1.23,7.0,-3.613424777984619,-14.733619689941406
46.64833333,14.31833333,448.71875,1995.0,0.6994583270516471,0.0,-14.68,-111.7,-13.716554641723633,-102.5528335571289
52.141,-106.6244,507.71875,1992.0,0.2802306751992159,1.977230022021104e-05,-18.2,-144.4,-13.511934280395508,-100.8389663696289
44.13333333,6.333333333,881.625,2018.0,-0.9741004551724206,0.0,-9.56,-66.0,-6.8918867111206055,-46.86414337158203
-7.315277778,72.42805556,2.3126221,1991.0,-0.2135209154397959,0.0,-4.06,-20.9,-3.8390564918518066,-16.845191955566406
-33.95833333,18.46111111,109.49609,2000.0,-0.05161966722325418,3.316224319860339e-05,-1.73,0.0,-3.414480686187744,-12.871803283691406
18.30388889,-65.74583333,553.1875,2007.0,0.13727877211326478,9.318357479060067e-05,-1.62,4.0,-1.9903321266174316,0.45607757568359375
5.383333333,103.1,10.330566,2018.0,-0.2135209154397959,3.865957478410565e-05,-6.84,-40.4,-6.579844951629639,-42.494834899902344
-37.32,-64.33,166.05469,1999.0,0.2386727660059501,0.0,-4.4,-27.0,-6.017736911773682,-37.234352111816406
8.92,-79.6,11.163086,1977.0,0.741222010848596,0.0,-3.75,-19.0,-4.052557468414307,-18.843238830566406
16.73,-169.52,0.0,1973.0,0.2386727660059501,8.816820809443016e-06,-1.32,1.3,-2.3057312965393066,-2.4955825805664062
-34.05,115.0249,77.78125,2007.0,-0.49377555015997737,1.143072609011142e-06,-1.91,-8.7,-3.2713379859924316,-11.532203674316406
52.4672,13.4019,47.5625,1997.0,0.9760105506323683,0.0,-5.87,-46.5,-8.860658645629883,-61.88062286376953
39.95,32.88,920.125,2002.0,-0.888057322629493,0.0,-6.96,-45.9,-5.610144138336182,-33.419898986816406
41.67805556,26.55916667,95.183594,2010.0,-0.2884824328806098,0.0,-10.26874836,-66.48838106,-9.644609451293945,-68.4468765258789
54.35333333,-6.648333333,61.966797,2019.0,0.29671281927349075,0.0,-10.19,-73.5,-6.266113758087158,-39.55878448486328
31.95765,35.84828333,916.125,2017.0,0.2386727660059501,9.35162006499013e-06,-5.33,-21.4,-4.841055393218994,-26.222389221191406
32.18,118.18,39.578125,1988.0,0.2802306751992159,0.0,-9.87,-68.6,-6.721926212310791,-43.824501037597656
42.7728,-0.33149,1302.3125,2019.0,0.9510565162951535,0.0001235908857779,-7.41,-52.7,-8.863216400146484,-61.90204620361328
46.39864119,6.233803787,434.125,2016.0,0.6994583270516471,0.0,-9.84,-69.14,-12.000301361083984,-88.17777252197266
39.95,32.88,920.125,2022.0,-0.2884824328806098,0.0,-12.26,-90.5,-10.007810592651367,-71.4889907836914
40.67,109.85,1068.9375,1989.0,0.741222010848596,0.0001052874140441,-2.59,-34.3,-6.866888523101807,-45.181129455566406
18.30388889,-65.74583333,553.1875,2006.0,0.6152845999633276,0.0004037786857225,-1.6,2.0,-2.9510865211486816,-8.535133361816406
38.03333333,114.4166667,86.800781,1989.0,0.741222010848596,8.42316967464285e-06,-2.95,-34.2,-6.58939790725708,-42.58423614501953
64.13,-21.93,12.141602,2013.0,0.9760105506323683,0.0,-9.1,-61.5,-8.3233060836792,-58.29016876220703
47.4828,11.0622,716.1875,2005.0,0.741222010848596,0.0,-8.76,-62.75,-9.143289566040039,-64.2479019165039
31.62,-97.22,151.59375,1964.0,0.2802306751992159,0.0,-8.5,-56.4,-5.68474817276001,-34.118080139160156
43.49111613,-3.800555816,50.095703,2011.0,-0.680773409477016,4.544639068626566e-06,-1.85,-6.1,-4.062262058258057,-18.934059143066406
-1.55085,29.26785,2256.25,2015.0,-0.2135209154397959,4.7846413508523256e-05,0.002,19.14,-0.18042612075805664,17.394065856933594
6.906666667,79.87,14.911133,1987.0,0.9760105506323683,0.0001235505915246,-3.55,-17.3,-4.666372776031494,-24.587623596191406
42.58834633,-5.651107617,911.78125,2002.0,-0.680773409477016,4.43469725723844e-05,-2.97,-20.31,-5.100653171539307,-28.651832580566406
58.1,6.57,0.0,1977.0,0.9510565162951535,6.050177944416646e-06,-7.23,-50.3,-8.209709167480469,-56.428382873535156
4.05,114.81,27.053711,2007.0,-0.22192151300416674,0.0001580602984176,-4.99,-32.0,-7.193841934204102,-49.845802307128906
-7.315277778,72.42805556,2.3126221,1978.0,0.6994583270516471,2.9315035135368817e-05,-4.25,-21.8,-3.4896912574768066,-13.575660705566406
53.32,-60.42,46.541016,1961.0,-0.2884824328806098,0.0,-13.7,-89.2,-15.286483764648438,-148.08108520507812
25.07,110.08,385.5,1983.0,0.29671281927349075,0.0,-6.4,-39.3,-4.441954135894775,-22.487403869628906
4.05,114.81,27.053711,2008.0,-0.970063921851507,0.0,-7.89,-46.3,-6.786213397979736,-47.266395568847656
35.68,139.77,22.099609,1961.0,-0.9741004551724206,0.0,-8.0,-49.6,-6.866888523101807,-45.181129455566406
56.9,35.9,136.57812,1981.0,0.9760105506323683,2.439032869006041e-05,-10.6,-80.0,-12.56556510925293,-92.9123306274414
28.58,77.2,222.79688,1978.0,-0.680773409477016,0.0,-3.54,-26.1,-6.226008415222168,-39.21733474731445
-26.41388889,146.2558333,302.09375,2013.0,0.6994583270516471,2.841345485649072e-05,-1.65,-7.1,-5.283827304840088,-30.366065979003906
3.783333333,103.3333333,8.0805664,2015.0,-0.680773409477016,0.0,-6.73,-42.0,-5.6956658363342285,-34.220252990722656
49.38,-82.12,243.30469,2008.0,0.2386727660059501,0.0,-20.33,-149.4,-19.904787063598633,-153.54348754882812
49.7703,9.9578,265.90625,2003.0,0.741222010848596,1.3096844668325502e-05,-5.33,-36.0,-6.983426094055176,-46.157230377197266
36.15,-5.35,1.5737915,1964.0,0.9721181966290613,6.8562217165890615e-06,-4.9,-27.3,-3.8293519020080566,-16.754371643066406
36.98,35.3,22.958008,2005.0,0.6994583270516471,0.0,-9.23,-42.09,-4.593588352203369,-23.906471252441406
33.46555556,126.9333333,5.9509277,1996.0,0.2219215130041655,6.220838258741423e-05,-6.0,-29.0,-6.866888523101807,-45.181129455566406
-5.8,-35.2,40.765625,1975.0,-0.9587178169872964,0.0,-0.86,4.4,-1.5536255836486816,4.542991638183594
64.69939722,-148.2525028,121.98047,2004.0,-0.07738647923346322,6.013848178554326e-05,-13.75,-116.1,-17.02117347717285,-130.23178100585938
-38.73263889,-72.58922222,110.76172,1990.0,0.9510565162951535,0.0,-7.4,-53.0,-6.017736911773682,-37.234352111816406
32.6925,74.84611111,295.85938,2004.0,0.7295575540864875,0.0,-3.1,-10.65,0.7318053245544434,25.931175231933594
64.58,40.5,0.0,1984.0,0.9562348265919056,0.0,-16.8,-109.0,-15.036355972290039,-113.6072769165039
46.60305556,13.67138889,2148.125,2002.0,-0.9741004551724206,0.0,-10.65,-73.8,-8.241236686706543,-59.51891326904297
32.81333333,130.7291667,25.359375,2019.0,0.9760105506323683,0.0001530826702946,-4.49,-23.5,-4.596014499664307,-23.929176330566406
11.13,2.93,286.40625,2016.0,0.2802306751992159,0.0,-5.24,-25.3,-3.259207248687744,-11.418678283691406
41.78,-87.75,186.0,1979.0,0.6994583270516471,0.0,-12.91,-96.0,-11.335285186767578,-82.60770416259766
-22.94805556,17.1525,1690.0,1966.0,0.9510565162951535,7.629381434526294e-05,-9.8,-65.1,-3.9652161598205566,-18.025856018066406
41.02444444,40.52,10.936523,2017.0,-0.9741004551724206,3.880876829498448e-05,-7.73,-41.8,-6.270359516143799,-39.59851837158203
-45.35,-72.07,583.1875,1997.0,0.741222010848596,0.0,-13.57,-100.3,-9.194107055664062,-78.3837661743164
45.80666667,15.97,120.36328,1986.0,-0.9587178169872964,0.0002404516999376,-5.91,-45.0,-7.034045219421387,-47.15855407714844
49.0422,12.1019,370.21875,1990.0,0.6994583270516471,8.696785516804084e-05,-9.92,-75.0,-12.412099838256836,-91.6269302368164
59.96666667,30.3,3.7930908,1982.0,0.741222010848596,6.732252222718671e-05,-9.0,-43.0,-9.50393295288086,-67.26859283447266
-0.743055556,-90.30222222,1.7120972,2013.0,-0.35367612217637207,0.0,-0.129320826,5.929285038,-1.6506714820861816,3.6347885131835938
32.46666667,46.71666667,11.349121,2023.0,-0.1712931441814778,0.0,0.74,15.68,-2.8006653785705566,-7.127418518066406
43.03916667,16.09055556,0.0,2003.0,0.29671281927349075,1.2399321349221282e-05,-4.93,-29.3,-4.836203098297119,-26.176979064941406
38.79273611,-9.105733333,36.355469,2003.0,0.9611297838723007,0.0,0.37,4.6,-4.792532444000244,-25.768287658691406
40.41195035,-3.67806112,671.09375,2009.0,-0.2884824328806098,0.0,-8.48,-53.99,-8.448860168457031,-58.43146514892578
51.6,-1.1,55.042969,1985.0,0.741222010848596,0.0,-7.8,-57.0,-6.705094814300537,-43.66698455810547
43.78,87.62,900.71875,1992.0,-0.23030567023061196,1.6033447536756285e-05,-8.98,-67.7,-6.849270343780518,-45.01625061035156
33.21722222,-87.54305556,64.535156,2006.0,-0.2884824328806098,8.864963456289843e-05,-4.6,-26.5,-3.7662720680236816,-16.164039611816406
47.8008,11.0108,974.96875,1996.0,-0.6932812268869771,1.7276739527005702e-05,-8.53,-59.2,-6.816886901855469,-44.713191986083984
24.35,109.4,101.74609,1992.0,0.2386727660059501,0.0,-4.13,-30.2,-2.948660373687744,-8.512428283691406
6.166666667,102.2833333,3.2288818,1994.0,-0.2884824328806098,0.0,-6.86,-42.1,-6.44595193862915,-41.241798400878906
66.49686111,25.75518056,108.88672,2012.0,0.6994583270516471,3.729703894350678e-05,-20.36,-149.3,-18.028928756713867,-138.67257690429688
-35.07,173.28,71.449219,1978.0,0.2386727660059501,0.0,-7.11,-52.9,-4.855612277984619,-26.358619689941406
-4.633888889,-79.71638889,2753.5,2008.0,0.6994583270516471,0.0,-14.17,-102.69,-8.80593490600586,-72.8456802368164
8.92,-79.6,11.163086,1988.0,0.9562348265919056,0.0,2.64,13.6,-3.2664856910705566,-11.486793518066406
49.0422,12.1019,370.21875,2006.0,-0.2884824328806098,0.0,-7.54,-63.85,-11.680582046508789,-85.4998550415039
13.93111111,-89.86,744.46875,1996.0,-0.9932568492674143,0.0,-5.54,-31.31,-6.7015838623046875,-45.204505920410156
74.72,-94.98,67.636719,1990.0,0.741222010848596,0.0,-27.85,-217.0,-26.275129318237305,-207.74142456054688
46.98141401,6.607999655,1046.0625,1999.0,0.29671281927349075,0.0,-4.21,-19.5,-9.234090805053711,-65.00843048095703
64.69403056,-148.2163528,127.09766,2004.0,-0.17976658572556214,0.0,-12.91,-101.3,-17.06721305847168,-130.61740112304688
39.95,32.88,920.125,1967.0,0.741222010848596,0.0,-4.05,-28.9,-5.64592981338501,-33.754798889160156
43.73238889,7.423583333,8.8959961,2017.0,0.2386727660059501,9.10557428142056e-05,-3.29,-23.2,-6.650354862213135,-43.154701232910156
50.8325,15.14777778,828.84375,2011.0,-0.680773409477016,0.0,-6.19,-38.6,-6.888729572296143,-45.36406326293945
-35.07,173.28,71.449219,1987.0,-0.7236440382959123,3.957284934585914e-05,-5.73,-38.7,-3.613424777984619,-14.733619689941406
22.31666667,114.1666667,34.056641,2014.0,-0.9741004551724206,6.087272413424216e-05,-6.03,-37.2,-5.55312967300415,-32.886329650878906
52.8911,11.7294,21.530273,2002.0,0.2386727660059501,8.360265928786248e-05,-9.54,-67.7,-9.236648559570312,-65.02985382080078
46.39864119,6.233803787,434.125,2007.0,0.741222010848596,0.0,-8.45,-61.13651675,-7.489381790161133,-50.39503479003906
36.38,28.1,62.691406,1972.0,0.9562348265919056,0.0,-4.7,-21.1,-4.700338840484619,-24.905494689941406
-22.94805556,17.1525,1690.0,1969.0,0.9510565162951535,0.0001542626123409,-9.33,-62.6,-4.241796970367432,-20.614234924316406
0.453055556,33.195,1174.25,2017.0,0.29671281927349075,0.0,1.69,21.3,-1.7137513160705566,3.0444564819335938
4.466666667,101.3833333,1451.4375,2001.0,0.2386727660059501,0.0,-10.04,-58.55,-6.866888523101807,-45.181129455566406
-1.65,-78.68,2830.5,2018.0,0.741222010848596,7.717543485341594e-05,-19.3,-144.1,-11.437887191772461,-110.3959732055664
48.24861111,16.35638889,200.63281,2014.0,-0.9741004551724206,0.0,-7.53,-50.2,-8.45957088470459,-60.18152618408203
-37.82,144.97,6.1674805,1963.0,0.29671281927349075,0.0,-7.9,-61.0,-4.993902683258057,-27.652809143066406
-37.82,144.97,6.1674805,1976.0,0.2802306751992159,2.14930041693151e-05,-5.73,-30.0,-4.955084323883057,-27.289527893066406
54.6789,13.4342,38.980469,2007.0,-0.2135209154397959,0.0,-8.76,-63.26,-6.704033374786377,-43.65705108642578
-40.68,144.69,82.167969,1981.0,0.6994583270516471,0.0,-1.62,-8.3,-4.719748020172119,-25.087135314941406
52.4672,13.4019,47.5625,2009.0,-0.7236440382959123,1.0233008651994169e-05,-10.96,-76.7,-9.280130386352539,-65.39405059814453
50.3119,11.8758,564.53125,1988.0,-0.23030567023061196,1.9070101188845e-05,-7.49,-55.4,-7.548062801361084,-50.87916564941406
30.62,114.13,25.587891,1986.0,0.9760105506323683,1.5370185792562552e-05,-3.55,-8.1,-4.110785007476807,-19.388160705566406
10.88,-74.78,22.039062,1988.0,-0.9634705485641486,4.839563916902989e-05,-8.48,-59.7,-5.8072686195373535,-35.264686584472656
46.49143367,9.898180888,1767.6875,2006.0,-0.680773409477016,0.0001005065423669,-9.71,-68.85376908,-9.218744277954102,-64.87989044189453
-34.05,115.0249,77.78125,2008.0,0.9242907221930934,4.427772637427552e-06,-2.83,-7.2,-4.251501560211182,-20.705055236816406
41.9,12.5,59.011719,2002.0,-0.24702218048093527,0.0,-5.91,-36.47,-5.12612771987915,-28.890235900878906
-17.83,31.02,1473.25,1961.0,-0.9741004551724206,0.0,-4.2,-21.1,-2.075247287750244,-0.33860015869140625
10.00036389,-84.10913333,1157.3125,2016.0,0.8631421280499114,0.0002915314980782,-4.53441284,-21.38066658,-3.103933811187744,-9.965553283691406
53.93,27.63,218.125,1983.0,0.9760105506323683,1.4234341506380588e-05,-10.1,-65.0,-11.41969108581543,-83.3146743774414
44.78333333,15.31666667,892.09375,2008.0,0.6994583270516471,0.0,-5.86,-34.99,-8.058801651000977,-55.164405822753906
4.693816667,-74.02864167,2599.5,1999.0,-0.680773409477016,0.0,-10.03,-74.9,-7.4956254959106445,-54.86256408691406
46.96666667,28.9,90.308594,2009.0,-0.7236440382959123,0.0,-5.73,-40.76,-9.805747985839844,-69.79654693603516
-19.87086111,-43.96733333,844.875,2010.0,-0.7236440382959123,0.0002554851816967,-7.69,-46.1,-4.011312961578369,-18.457252502441406
1.6,103.6666667,43.185547,2021.0,-0.680773409477016,0.0,-8.32,-58.6,-5.547064304351807,-32.829566955566406
-34.05,115.0249,77.78125,2006.0,0.02581844022713308,7.217584789032117e-05,-0.95,8.2,-3.414480686187744,-12.871803283691406
39.95,32.88,920.125,2002.0,0.8800122039735357,0.0,-6.39,-41.5,-9.308265686035156,-65.62970733642578
41.7787,2.5047,614.3125,2014.0,-0.2135209154397959,0.0,-3.96,-22.3,-5.032721042633057,-28.016090393066406
53.97,-101.1,265.25,1980.0,0.7295575540864875,0.0,-13.1,-93.0,-16.13619041442871,-122.8193130493164
-33.94638889,151.1730556,3.6643066,2006.0,-0.2884824328806098,0.0,-1.32,5.4,-3.351400852203369,-12.281471252441406
64.13,-21.93,12.141602,2008.0,0.6994583270516471,0.0001425618102075,-9.28,-65.61,-8.93739128112793,-62.52332305908203
10.00036389,-84.10913333,1157.3125,2017.0,-0.9886775902323404,0.0004587370785884,-12.89648705,-95.21043293,-7.804703235626221,-60.86688995361328
42.58834633,-5.651107617,911.78125,2005.0,-0.680773409477016,0.0,-5.01,-40.32,-4.973684787750244,-28.07294464111328
-51.7,-57.87,50.568359,1974.0,-0.2884824328806098,3.521601320244372e-05,-5.01,-36.7,-6.784511089324951,-45.41631317138672
48.8281,9.2,313.79688,2010.0,0.9510565162951535,1.5982883269316517e-05,-12.26,-96.49,-9.47323989868164,-67.01151275634766
26.19083333,91.79527778,99.136719,2004.0,0.9721181966290613,0.0,4.2,36.3,-2.2377991676330566,-1.8598403930664062
23.95277778,90.27916667,23.626953,2012.0,-0.23030567023061196,0.0004096637712791,-4.24,-29.7,-5.089735507965088,-28.549659729003906
34.88333333,44.65,224.17188,2024.0,0.6994583270516471,0.0,-3.39,-11.49,-3.914267063140869,-17.549049377441406
47.42692898,9.400776879,758.46875,2021.0,-0.9741004551724206,0.0,-11.34,-78.48,-9.593454360961914,-68.0184097290039
44.12,15.24,20.870117,2001.0,-0.9587178169872964,0.0,-5.67,-32.6,-5.27808141708374,-30.426998138427734
4.05,114.81,27.053711,2008.0,0.6084768701151261,0.0006696683121845,-2.3,-4.01,-6.5414814949035645,-42.13581085205078
0.05,-51.07,16.0,1989.0,-0.9587178169872964,0.0,-2.01,-3.1,-2.0437073707580566,-0.04343414306640625
31.62,-97.22,151.59375,1976.0,0.2802306751992159,0.0,-3.21,-23.4,-5.554342746734619,-32.897682189941406
0.05,32.45,1135.4375,1968.0,-0.23030567023061196,0.0,-0.53,10.0,-3.259207248687744,-11.418678283691406
-7.315277778,72.42805556,2.3126221,1970.0,0.2386727660059501,8.566235919715837e-05,-6.68,-49.4,-3.6740784645080566,-15.301246643066406
-34.93,138.58,24.027344,2013.0,0.29671281927349075,0.0,-7.22,-41.9,-4.057409763336182,-18.888648986816406
1.99,-157.47,0.0,2012.0,0.6932812268869777,1.174320095742587e-05,-3.48,-18.45,-3.9263978004455566,-17.662574768066406
50.06166667,19.84861111,356.8125,2008.0,-0.23030567023061196,0.0,-5.53,-34.6,-7.394425392150879,-49.599693298339844
-46.42,168.32,-0.90939331,1985.0,0.2386727660059501,9.280537778977303e-05,-8.77,-53.6,-6.866888523101807,-45.181129455566406
13.73,100.5,5.7392578,1979.0,0.9760105506323683,0.0002525765448808,-5.42,-40.7,-4.035574436187744,-18.684303283691406
33.96666667,-4.983333333,500.04688,2008.0,-0.9634705485641486,0.0,-6.22,-39.56,-4.025869846343994,-18.593482971191406
45.32,-75.67,112.08594,2001.0,-0.7236440382959123,0.0,-9.6,-61.0,-11.284130096435547,-82.17923736572266
54.5275,9.5486,43.292969,2012.0,0.2386727660059501,0.0,-8.794166667,-57.05113333,-9.94642448425293,-70.9748306274414
19.27116389,-99.20359444,2580.375,2015.0,-0.9242907221930934,0.0005372955347411,-9.932,-64.24,-8.936426162719727,-75.05517578125
41.64083945,-4.754446679,735.625,2021.0,-0.9587178169872964,0.0,-7.08,-46.8,-6.430485248565674,-41.09705352783203
64.13,-21.93,12.141602,1999.0,0.2386727660059501,8.382798114325851e-05,-10.055,-69.1,-9.593454360961914,-68.0184097290039
48.65,-123.43,15.649902,1979.0,-0.7236440382959123,0.000228056393098,-11.3,-83.0,-9.664560317993164,-72.1670913696289
46.98141401,6.607999655,1046.0625,2016.0,-0.6932812268869771,0.0,-6.19,-39.38,-6.582119464874268,-42.51612091064453
50.06166667,19.84861111,356.8125,1981.0,-0.2135209154397959,0.0001510525180492,-7.37,-48.7,-7.177177906036377,-47.73152542114258
31.36971747,36.08922351,731.34375,1968.0,-0.27195815753410524,0.0,-4.38,-20.0,-4.496542453765869,-22.998268127441406
50.11622222,14.39291667,182.82031,2013.0,0.2386727660059501,0.0,-11.17,-83.1,-10.445186614990234,-75.15238189697266
49.0975,19.59,572.9375,2009.0,0.9760105506323683,0.0,-4.03,-34.54,-10.759790420532227,-77.7874526977539
4.05,114.81,27.053711,2010.0,-0.7909456567567774,0.0001966173731489,-16.51,-117.33,-8.10577392578125,-62.856422424316406
40.8203002,0.493333172,52.294922,2013.0,0.2386727660059501,3.2886441658774856e-06,-8.74,-70.8,-6.122061252593994,-38.210670471191406
-53.0,-70.833333,32.589844,1997.0,-0.2884824328806098,0.0,-4.26,-36.3,-8.958301544189453,-75.0195083618164
74.72,-94.98,67.636719,1991.0,0.29671281927349075,6.000243047310505e-06,-22.19,-166.9,-21.742788314819336,-169.77926635742188
50.06166667,19.84861111,356.8125,1977.0,-0.680773409477016,1.0656167432898656e-05,-5.96,-38.7,-6.866888523101807,-45.181129455566406
-34.38,-58.28,0.0,2001.0,-0.680773409477016,0.0,-4.0,-15.0,-3.2034058570861816,-10.896461486816406
0.05,32.45,1135.4375,2019.0,0.29671281927349075,0.0001879451447166,-2.34,-0.9,-2.0825257301330566,-0.40671539306640625
13.55,144.83,113.0,1966.0,-0.2884824328806098,9.021785808727144e-05,-0.6,5.3,-3.404776096343994,-12.780982971191406
38.03333333,114.4166667,86.800781,1988.0,0.2386727660059501,0.0,-16.0,-100.5,-8.0894193649292,-58.340145111083984
-34.82175,-58.57258333,11.479492,2018.0,-0.2135209154397959,0.0,-6.67,-35.3,-3.6643738746643066,-15.210426330566406
59.96666667,30.3,3.7930908,1981.0,0.9760105506323683,1.2735563359456137e-05,-9.0,-69.0,-12.524641036987305,-92.5695571899414
47.8008,11.0108,974.96875,1988.0,-0.7116566222817751,0.0,-14.92,-104.6,-12.284212112426758,-90.5557632446289
36.29166667,81.00833333,2226.875,1991.0,-0.5012418134457756,0.0,2.0,41.2,0.5085997581481934,23.842308044433594
32.83888889,36.25694444,580.21875,1990.0,0.9510565162951535,0.0,-5.23,-21.5,-4.842268466949463,-26.233741760253906
39.95,32.88,920.125,2002.0,0.4559066935084588,5.748197509092279e-05,-3.83,-21.45,-6.747249126434326,-44.061485290527344
-2.53,140.72,68.566406,1984.0,0.2386727660059501,0.0002020963438553,-2.16,-15.8,-5.9868035316467285,-36.944862365722656
22.31666667,114.1666667,34.056641,2014.0,0.6994583270516471,7.857240234443452e-06,-2.72,-5.2,-4.147177219390869,-19.728736877441406
36.83,10.23,0.0,1976.0,0.2386727660059501,0.0,-5.36,-29.5,-5.372381687164307,-31.194801330566406
50.4972,9.9428,920.40625,2012.0,0.9562348265919056,0.0003295615315437,-8.09,-55.67,-9.039701461791992,-63.38025665283203
-25.27,-57.63,54.0,1967.0,-0.2135209154397959,0.0,-3.53,-15.6,-3.8147950172424316,-16.618141174316406
43.97455,10.27266,661.0,2016.0,-0.9634705485641486,0.0,-7.2,-41.89,-5.998934268951416,-37.058387756347656
68.75944444,161.3425,38.8125,2009.0,-0.680773409477016,2.229167330369819e-05,-16.13,-124.3,-17.384374618530273,-133.27389526367188
55.677,12.56,17.620117,2017.0,-0.7236440382959123,1.2519419669843046e-06,-10.75,-73.1,-9.337678909301758,-65.8760757446289
-0.92,-75.4,176.47656,2017.0,-0.2135209154397959,0.0,-1.42,3.5,-3.453299045562744,-13.235084533691406
58.26388889,26.46138889,70.085938,2019.0,-0.2135209154397959,9.61079786065966e-06,-12.4,-89.5,-8.230171203613281,-56.599769592285156
78.07,13.63,0.0,1962.0,-0.2135209154397959,1.7748623577062972e-05,-8.9,-74.4,-7.88743257522583,-53.729042053222656
-46.42,168.32,-0.90939331,2015.0,0.9760105506323683,0.0001721052831271,-8.56,-56.4,-6.866888523101807,-45.181129455566406
33.88,7.86,80.324219,2003.0,-0.9741004551724206,0.0,-1.39,-10.4,-3.962790012359619,-18.003150939941406
8.92,-79.6,11.163086,1992.0,-0.970063921851507,0.0,-6.45,-40.9,-6.454443454742432,-41.321266174316406
53.23,6.55,7.7121582,1991.0,-0.680773409477016,2.3028405848890543e-05,-4.86,-32.1,-6.809874057769775,-44.647560119628906
48.24861111,16.35638889,200.63281,2019.0,-0.7236440382959123,2.349692294956185e-05,-11.21,-80.8,-10.483552932739258,-75.4737319946289
-34.82175,-58.57258333,11.479492,2020.0,0.2802306751992159,0.0,-4.48,-20.7,-4.686995029449463,-24.780616760253906
-8.77,-63.92,52.0,1975.0,-0.2884824328806098,8.875197090674192e-05,-5.55,-31.0,-4.207830905914307,-20.296363830566406
47.833185,1.940433,113.78516,2010.0,-0.9741004551724206,0.0,-5.6,-33.3,-6.384753704071045,-40.705108642578125
-75.58333333,-20.56666667,105.53516,1969.0,-0.2135209154397959,0.0,-30.84,-230.5,-20.28345489501953,-163.78610229492188
26.58333333,106.7166667,1077.9375,1990.0,0.741222010848596,1.829029315558728e-05,-8.42,-55.2,-3.3101563453674316,-11.895484924316406
60.18008889,24.83286111,14.698242,2014.0,-0.2135209154397959,0.0,-8.04,-55.8,-8.369569778442383,-57.76734161376953
4.036666667,9.734166667,39.230469,2016.0,-0.23030567023061196,0.000346344342688,-1.69,-5.4,-2.6939148902893066,-6.128395080566406
46.95222563,7.439320571,542.53125,2010.0,0.741222010848596,4.238251858623698e-05,-9.71,-69.76533091,-8.28260612487793,-57.03894805908203
2.916666667,11.15833333,573.625,1994.0,-0.9886775902323404,4.737223571282812e-05,-8.42,-57.8,-5.539785861968994,-32.761451721191406
46.25,48.03,-22.556641,1981.0,-0.9741004551724206,0.0,-10.9,-80.0,-10.043619155883789,-71.7889175415039
10.00036389,-84.10913333,1157.3125,2017.0,0.2802306751992159,0.0,-10.64025143,-71.48399051,-7.4058709144592285,-57.187843322753906
43.73238889,7.423583333,8.8959961,2022.0,-0.7236440382959123,0.0,-4.7,-25.8,-6.26914644241333,-39.58716583251953
-54.78,-68.28,104.83984,1997.0,0.2386727660059501,0.0,-8.9,-76.0,-8.74063491821289,-71.9140396118164
36.03,129.38,4.7189941,1976.0,-0.7116566222817751,0.0,-5.13,-21.5,-6.826591491699219,-44.804012298583984
52.8,5.05,-4.4990234,1998.0,0.42500033996955416,0.0,-6.19,-45.3,-6.866888523101807,-45.181129455566406
44.13333333,6.333333333,881.625,2013.0,-0.2135209154397959,0.0,-6.87,-46.3,-5.45608377456665,-31.978126525878906
13.73,100.5,5.7392578,1984.0,-0.9634705485641486,0.0,-8.69,-59.5,-7.426019668579102,-53.158302307128906
37.77,-25.65,137.14062,2015.0,0.29671281927349075,1.6609550584689714e-05,-1.44,-2.3,-3.3441224098205566,-12.213356018066406
53.8713,8.7058,4.7202148,1978.0,-0.680773409477016,0.0,-5.96,-42.0,-6.866888523101807,-45.181129455566406
48.24861111,16.35638889,200.63281,1983.0,-0.680773409477016,0.0001154077035607,-6.35,-47.5,-6.525711536407471,-41.98822784423828
51.6,-1.1,55.042969,1992.0,-0.27195815753410524,2.1225250748102557e-05,-8.9,-66.0,-7.840753555297852,-53.33806610107422
23.05,-82.21666667,123.02734,2009.0,-0.680773409477016,5.5232871090993285e-05,-0.5,0.5,-3.176718235015869,-10.646705627441406
13.73,100.5,5.7392578,1986.0,0.6994583270516471,0.0,-0.97,2.8,-4.183569431304932,-20.069313049316406
20.81195,-156.2328,1265.0625,1997.0,-0.9242907221930934,2.883625711547211e-06,-3.8,-16.0,-4.341269016265869,-21.545143127441406
-0.121944444,-67.14916667,97.964844,1972.0,-0.23030567023061196,6.4005063904915e-05,-1.6,-2.0,-3.647390842437744,-15.051490783691406
38.43055556,27.15111111,13.000488,2016.0,-0.9634705485641486,8.35296741570346e-05,-3.53,-19.8,-4.071966648101807,-19.024879455566406
-21.54022,-64.69846,1877.5,2009.0,-0.9741004551724206,8.559905836591497e-05,-0.57,14.3,-2.841909885406494,-7.513404846191406
13.07176111,-59.48972222,45.302734,1989.0,-0.2884824328806098,4.450181677384535e-06,-0.99,4.7,-2.0534119606018066,-0.13425445556640625
46.95222563,7.439320571,542.53125,1987.0,-0.2884824328806098,5.055023939348757e-05,-11.0,-79.8,-12.913419723510742,-95.8259048461914
13.73,100.5,5.7392578,2005.0,0.2386727660059501,0.0,3.63,7.52,-3.734732151031494,-15.868873596191406
51.57,4.93,17.209961,1983.0,0.9760105506323683,1.420067019353155e-05,-10.37,-67.3,-7.60573673248291,-52.414833068847656
51.1622,14.9506,238.80469,2011.0,-0.7236440382959123,7.601167908433126e-06,-3.88,-34.8,-10.652364730834961,-76.8876724243164
37.77,-25.65,137.14062,2019.0,-0.9741004551724206,1.1452131047917646e-06,-3.77,-16.5,-3.7662720680236816,-16.164039611816406
44.13333333,6.333333333,881.625,2021.0,0.6994583270516471,1.3813442819810008e-05,-10.56,-76.5,-8.551170349121094,-59.28839874267578
39.48056611,-0.366386255,14.827637,2019.0,-0.7236440382959123,9.399022928846534e-06,-5.81,-37.6,-5.929789066314697,-36.411293029785156
4.036666667,9.734166667,39.230469,2007.0,0.9510565162951535,0.0001917873305501,-0.65,5.8,-3.118490695953369,-10.101783752441406
6.86,37.74,1889.1875,1999.0,-0.9741004551724206,0.0001196686280309,-2.06,-4.3,-1.0004639625549316,9.719749450683594
36.15,-5.35,1.5737915,1989.0,0.6994583270516471,0.0,-7.08,-49.1,-4.548704624176025,-23.486427307128906
78.07,13.63,0.0,1962.0,0.741222010848596,9.11713796085678e-05,-14.1,-98.4,-9.578107833862305,-67.8898696899414
25.07,110.08,385.5,1984.0,-0.970063921851507,0.0,-7.75,-46.4,-6.866888523101807,-45.181129455566406
-33.45,-70.7,507.65625,2013.0,-0.2135209154397959,0.0,-2.83,-12.0,-6.151175022125244,-38.483131408691406
28.63,-106.07,1444.25,1980.0,0.2802306751992159,0.0,-9.62,-67.6,-6.866888523101807,-45.181129455566406
54.0967,13.4056,1.5458374,2002.0,-0.2135209154397959,8.3724400610663e-05,-5.96,-37.3,-6.642318248748779,-43.079490661621094
-21.25428,-63.4069,394.96875,2011.0,0.2386727660059501,0.0,-5.82,-30.5,-5.362677097320557,-31.103981018066406
35.27,-75.55,0.0,1973.0,-0.680773409477016,0.0,-3.29,-16.2,-4.054983615875244,-18.865943908691406
-5.22,145.8,2.7424316,1976.0,0.2386727660059501,0.0002960463461931,-8.27,-54.8,-5.9898362159729,-36.973243713378906
28.2,113.0666667,44.691406,1990.0,-0.9741004551724206,0.0,-6.76,-44.1,-5.756319522857666,-34.787879943847656
10.3,1.38,439.10938,2018.0,-0.680773409477016,0.0001866105594672,-6.83,-43.4,-4.974493503570557,-27.471168518066406
-1.5075,-77.94388889,958.9375,2020.0,0.2386727660059501,3.931365790776909e-05,-2.05,-16.5,-3.744436740875244,-15.959693908691406
46.60305556,13.67138889,2148.125,1988.0,0.2386727660059501,0.0,-11.6,-84.2,-13.813749313354492,-103.3669204711914
13.52,2.09,210.4375,2018.0,-0.9587178169872964,5.984497693134472e-05,-6.6,-46.6,-4.488050937652588,-22.918800354003906
46.64833333,14.31833333,448.71875,1995.0,-0.2884824328806098,0.0,-21.33,-164.5,-13.670515060424805,-102.1672134399414
-2.53,140.72,68.566406,1977.0,0.2386727660059501,0.0,-4.79,-35.3,-5.861250400543213,-35.769874572753906
6.166666667,102.2833333,3.2288818,1993.0,-0.9741004551724206,0.0001055402317433,-6.41,-40.86,-6.871756553649902,-48.269508361816406
-0.694444444,-90.325,182.40625,2005.0,0.9510565162951535,0.0,-3.84,-19.86,-3.429037570953369,-13.008033752441406
52.2914,10.4464,80.6875,2006.0,-0.9587178169872964,2.642759500304237e-05,-3.67,-22.75,-7.083767890930176,-47.593116760253906
51.18,8.4889,841.375,2008.0,-0.7116566222817751,7.623564306413755e-05,-7.43,-41.7,-10.02827262878418,-71.6603775024414
36.72,3.18,19.595703,2000.0,-0.6744436188329457,0.0,-5.69,-30.8,-3.734732151031494,-15.868873596191406
46.60305556,13.67138889,2148.125,2002.0,-0.5737722679043243,0.0,-10.18,-82.0,-13.000383377075195,-96.5542984008789
-34.38,-58.28,0.0,1987.0,-0.2884824328806098,0.0,-4.1,-22.0,-4.391005039215088,-22.010597229003906
4.05,114.81,27.053711,2010.0,0.9587178169872964,0.0,-7.65,-49.36,-6.849137783050537,-45.015010833740234
48.24861111,16.35638889,200.63281,1965.0,0.741222010848596,0.0,-8.2,-54.5,-7.70711088180542,-52.21869659423828
50.92,5.78,111.17188,2002.0,-0.8214765533024145,0.0,-9.329,-64.78,-6.866888523101807,-45.181129455566406
46.60305556,13.67138889,2148.125,2001.0,0.7526668275320084,7.356144487857819e-05,-6.62,-33.4,-7.593539714813232,-53.303138732910156
36.88,30.7,0.0,2018.0,0.9510565162951535,0.0,-5.01,-18.6,-4.638472080230713,-24.326515197753906
46.60305556,13.67138889,2148.125,1993.0,0.2386727660059501,0.0,-10.78,-80.9,-13.808633804321289,-103.3240737915039
8.92,-79.6,11.163086,1989.0,0.741222010848596,0.0,-4.1,-23.8,-4.759779453277588,-25.461769104003906
50.4972,9.9428,920.40625,2009.0,0.6994583270516471,6.574935832759365e-05,-11.65,-79.4,-10.227777481079102,-73.3313980102539
48.545,13.3528,478.40625,2011.0,-0.2135209154397959,0.0,-7.58,-49.4,-6.774633884429932,-44.297935485839844
-0.1968,-78.436,2400.75,2019.0,-0.2884824328806098,2.232283259218093e-05,-9.32,-64.1,-6.588271141052246,-44.680519104003906
39.03,141.81,81.234375,1985.0,0.2386727660059501,5.400109785114182e-06,-4.94,-21.4,-6.866888523101807,-45.181129455566406
40.8203002,0.493333172,52.294922,2004.0,0.7295575540864875,0.0,-4.64,-29.45,-4.568113803863525,-23.668067932128906
38.05011111,23.866675,444.85938,2009.0,0.9760105506323683,1.109732602344593e-05,-5.88,-38.04,-5.930395603179932,-36.416969299316406
-12.43,130.87,16.515625,1999.0,-0.2884824328806098,5.7032666518352926e-05,-7.84,-51.5,-5.138258457183838,-29.003761291503906
13.73,100.5,5.7392578,1975.0,0.29671281927349075,0.0,-4.3,-27.4,-5.154028415679932,-29.151344299316406
45.37,-63.27,12.535156,1979.0,0.6994583270516471,4.939419795846334e-06,-11.0,-88.0,-13.22035026550293,-98.3967056274414
18.27694444,-65.78583333,628.3125,2007.0,0.5086709438521044,4.799839189217892e-06,-1.48,4.0,-2.982626438140869,-8.830299377441406
-1.1,-79.46166667,78.234375,2018.0,0.9760105506323683,0.0001764398766681,-6.35,-38.7,-4.560835361480713,-23.599952697753906
52.1,5.18,1.7967529,2007.0,-0.8406184056344783,0.0,-4.94,-25.12,-6.866888523101807,-45.181129455566406
24.91,91.84533333,16.452148,2015.0,-0.680773409477016,0.0,-6.56,-41.1,-6.653235912322998,-43.181663513183594
51.93,-10.25,33.068359,2013.0,-0.9587178169872964,3.515235221129842e-06,-3.38,-18.4,-5.338415622711182,-30.876930236816406
43.70555556,-72.28833333,168.71094,1999.0,0.9510565162951535,0.0,-10.4,-72.0,-9.792959213256836,-69.6894302368164
38.98916547,-3.920273851,626.8125,2020.0,0.6994583270516471,4.280624852981418e-05,-2.06,-18.1,-6.501753330230713,-41.764015197753906
36.05,103.88,1519.75,1986.0,-0.2135209154397959,5.67142924410291e-05,-5.65,-34.3,-5.33962869644165,-30.888282775878906
13.07176111,-59.48972222,45.302734,1973.0,-0.9741004551724206,1.1543710570549592e-05,-2.15,-9.3,-2.909842014312744,-8.149147033691406
4.377083333,18.56247222,359.875,2021.0,0.741222010848596,0.0,-3.71,-17.6,-1.4420228004455566,5.587425231933594
13.07176111,-59.48972222,45.302734,1962.0,0.29671281927349075,0.0001560662785777,-3.3,-12.4,-2.0825257301330566,-0.40671539306640625
48.24861111,16.35638889,200.63281,1981.0,-0.2135209154397959,0.0001295039837714,-7.55,-48.6,-6.534809589385986,-42.07337188720703
17.46,106.62,2.4233398,2019.0,0.9760105506323683,1.1332087524351664e-05,-1.21,-4.7,-2.7424378395080566,-6.582496643066406
47.8008,11.0108,974.96875,1980.0,-0.970063921851507,0.0,-15.7,-115.8,-9.76738166809082,-69.4751968383789
1.53,110.34,7.5837402,2018.0,-0.7236440382959123,7.451678538927808e-05,-8.73,-56.0,-7.127075672149658,-52.361732482910156
-0.694444444,-90.325,182.40625,2003.0,-0.680773409477016,4.275172159395879e-06,-1.45,-0.9,-1.6991944313049316,3.1806869506835938
36.87638889,-3.041666667,656.5,2004.0,-0.034421611622745804,1.2544559467642102e-05,-9.71,-63.69,-5.971640110015869,-36.802955627441406
19.2,-96.13,0.0,1979.0,0.741222010848596,0.0,0.35,14.3,-2.1067872047424316,-0.6337661743164062
51.18,8.4889,841.375,2012.0,0.9721181966290613,0.0,-8.38,-55.8,-9.349189758300781,-65.97248077392578
49.0392,8.365,112.44141,1984.0,-0.970063921851507,4.149226515437476e-05,-11.38,-81.9,-8.038555145263672,-56.46147918701172
-6.18,106.83,5.1230469,1975.0,0.741222010848596,3.380239286343567e-05,-3.49,-22.5,-5.7247796058654785,-34.492713928222656
49.0422,12.1019,370.21875,2011.0,0.6994583270516471,6.124759966041893e-05,-6.79,-50.69,-11.974723815917969,-87.96353912353516
38.65,-27.15,85.078125,1999.0,0.6994583270516471,0.0001148863884736,-6.4,-39.75,-4.023443698883057,-18.570777893066406
16.73,-169.52,0.0,1974.0,0.9510565162951535,1.717431246106571e-07,-4.41,-28.9,-3.1888489723205566,-10.760231018066406
49.5971,11.0055,285.1875,2010.0,-0.2135209154397959,1.6727355614420958e-05,-6.3,-41.52,-6.465664386749268,-41.42627716064453
34.57,69.21333333,1788.0,1970.0,-0.2884824328806098,0.0,-4.63,-18.4,-6.834306240081787,-44.87620544433594
51.1622,14.9506,238.80469,2013.0,-0.2135209154397959,0.0,-7.26,-47.5,-6.668550968170166,-43.324989318847656
52.2914,10.4464,80.6875,2002.0,0.2386727660059501,0.0001099458895623,-7.0,-58.5,-9.028190612792969,-63.283851623535156
30.27,35.58,1330.375,2002.0,0.9510565162951535,0.0,-2.885,-12.0,-3.5770325660705566,-14.393043518066406
31.62,25.95,0.0,1985.0,0.6994583270516471,8.606285700807348e-05,-4.95,-23.6,-3.530935764312744,-13.961647033691406
38.66038889,-27.22009444,77.109375,1999.0,-0.32126966169236515,6.511808896902949e-05,-3.515,-20.6,-4.554769992828369,-23.543190002441406
24.35,109.4,101.74609,1989.0,0.2386727660059501,9.11163351702271e-06,-4.28,-21.6,-2.9025635719299316,-8.081031799316406
44.18900278,10.47625833,1371.25,1994.0,-0.2884824328806098,9.598696124157868e-06,-6.72,-35.7,-10.324972152709961,-74.1454849243164
-17.58833333,-149.5805556,473.71875,2001.0,0.9796136916454901,1.1492647900013251e-05,1.25,4.3,-4.045279026031494,-18.775123596191406
-31.95,115.78,12.910645,1999.0,0.9510565162951535,2.0597808543243445e-05,-5.13,-35.6,-3.671652317047119,-15.278541564941406
-65.07944444,-63.9775,286.6875,1972.0,-0.6932812268869771,1.2415335327708334e-06,-14.33,-101.9,-8.983024597167969,-90.35594177246094
14.64,121.04,42.933594,2022.0,-0.2135209154397959,0.0,-8.81,-58.8,-6.866888523101807,-45.181129455566406
40.37,-81.8,372.875,1971.0,0.9760105506323683,1.3221553672337905e-05,-4.87,-19.1,-6.866888523101807,-45.181129455566406
52.88333333,-1.083333333,60.794922,1996.0,-0.27195815753410524,0.0,-8.1,-57.0,-8.03386402130127,-54.955528259277344
10.00036389,-84.10913333,1157.3125,2018.0,-0.4787338401157883,0.0002025053836405,-4.16619222,-17.85798953,-5.857590675354004,-37.301551818847656
50.3119,11.8758,564.53125,2010.0,-0.9741004551724206,0.0,-12.15,-86.61,-8.861936569213867,-61.891334533691406
50.3119,11.8758,564.53125,1986.0,0.741222010848596,0.0,-8.38,-63.5,-9.347909927368164,-65.9617691040039
-2.883333333,-78.98333333,2530.0,1995.0,-0.2884824328806098,3.483863110886887e-05,-9.42,-65.2,-5.4851975440979,-32.250587463378906
36.88,30.7,0.0,2016.0,0.9721181966290613,0.0,-1.11,-5.6,-4.571753025054932,-23.702125549316406
32.36666667,35.75,818.96875,1988.0,0.2386727660059501,0.0,-9.09,-45.29,-5.0387864112854,-28.072853088378906
49.0422,12.1019,370.21875,2000.0,-0.6932812268869771,2.6928133593173698e-05,-5.67,-38.85,-6.370438098907471,-40.53510284423828
49.82,-74.97,386.4375,2010.0,0.741222010848596,0.000174739092472,-5.88,-39.3,-11.560367584228516,-84.49295806884766
-18.91472222,47.55805556,1278.5,2011.0,-0.9741004551724206,1.885473648144398e-05,-1.034543219,4.631543148,-2.541067600250244,-4.697975158691406
9.357072,-75.289167,200.4375,2004.0,-0.27195815753410524,0.0,-1.8,0.22,-4.860464572906494,-26.404029846191406
38.43055556,27.15111111,13.000488,2022.0,0.6994583270516471,0.0,-5.88,-35.0,-5.333563327789307,-30.831520080566406
51.3744,11.2919,162.88281,2008.0,0.9721181966290613,0.0,-10.42,-75.7,-8.927160263061523,-62.43762969970703
46.95222563,7.439320571,542.53125,2004.0,-0.970063921851507,3.638471389422193e-05,-8.55,-55.91,-9.86457633972168,-70.2892837524414
71.3,-156.78,0.0,1964.0,-0.7116566222817751,0.0,-22.1,-166.9,-17.957311630249023,-138.07272338867188
46.60305556,13.67138889,2148.125,2002.0,0.1457991969198751,0.0,-9.92,-67.8,-13.414739608764648,-100.0248794555664
64.58,40.5,0.0,1983.0,-0.9587178169872964,0.0,-9.6,-61.0,-11.818700790405273,-86.6567153930664
-27.43,153.08,5.7802734,1982.0,0.6994583270516471,7.778918370604515e-05,-2.37,-6.2,-3.5479187965393066,-14.120582580566406
-1.1,-79.46166667,78.234375,2019.0,0.29671281927349075,0.0,-4.91,-28.1,-3.1500306129455566,-10.396949768066406
38.98916547,-3.920273851,626.8125,2005.0,-0.2884824328806098,0.0001865107333287,-6.2,-39.42,-7.086414337158203,-46.97353744506836
51.73333333,36.26666667,193.03906,1996.0,-0.970063921851507,0.0,-10.1,-72.5,-9.323233604431152,-66.32544708251953
4.05,114.81,27.053711,2010.0,-0.7236440382959123,6.637908518314362e-05,-7.14,-43.93,-7.0873894691467285,-48.32703399658203
46.64833333,14.31833333,448.71875,1980.0,-0.27195815753410524,0.0,-15.1,-110.0,-13.568204879760742,-101.3102798461914
47.8008,11.0108,974.96875,2002.0,0.29671281927349075,0.0002311161952093,-7.03,-45.13,-8.90030288696289,-62.212684631347656
4.321388889,117.9405556,168.0625,2007.0,-0.7236440382959123,5.635933121084236e-05,-9.86,-68.25,-7.162852764129639,-50.350440979003906
49.7478,6.6581,259.26562,2005.0,-0.9587178169872964,7.89087062003091e-05,-5.1,-33.45,-6.714264869689941,-44.761695861816406
47.07777778,15.44888889,370.03125,1999.0,0.9760105506323683,0.0,-8.34,-57.4,-10.296836853027344,-73.90982818603516
-21.2,-159.8,7.8220215,1986.0,0.29671281927349075,0.0,-5.02,-27.8,-3.8487610816955566,-16.936012268066406
-0.743055556,-90.30222222,1.7120972,2013.0,-0.8543221697498269,5.850784418726107e-06,-0.649710166,2.093966705,-2.050985813140869,-0.11154937744140625
41.91172742,2.763346411,139.71094,2018.0,-0.7236440382959123,0.0,-5.68,-27.3,-6.449894428253174,-41.27869415283203
52.1042,8.7519,134.42188,1991.0,0.9760105506323683,0.0002269305405206,-7.19,-46.7,-8.344292640686035,-58.00945281982422
46.89,7.49,659.34375,2022.0,0.29671281927349075,0.0,-5.29,-31.6,-7.5868964195251465,-51.21179962158203
47.8008,11.0108,974.96875,1987.0,-0.2135209154397959,2.8434875275706872e-05,-8.29,-57.1,-7.729491233825684,-52.406150817871094
38.28,21.79,113.0625,2013.0,0.741222010848596,0.0,-1.43,-2.75,-4.363104343414307,-21.749488830566406
44.0206,10.28423,552.5625,2014.0,-0.9587178169872964,1.2050049008394126e-05,-5.22,-33.47,-5.8509392738342285,-35.673377990722656
76.76666667,-18.66666667,0.0,1995.0,-0.7236440382959123,0.0,-27.19,-202.7,-18.520017623901367,-142.78585815429688
23.05,-82.21666667,123.02734,2010.0,0.741222010848596,0.0002152892411686,-3.12,-18.5,-2.599295139312744,-5.242897033691406
51.35,12.43,125.46484,1989.0,0.29671281927349075,0.0,-7.0,-47.6,-8.132976531982422,-55.785682678222656
52.4672,13.4019,47.5625,1985.0,0.9510565162951535,2.4551643946324475e-05,-9.41,-67.6,-9.129222869873047,-64.13007354736328
47.4828,11.0622,716.1875,1987.0,0.2386727660059501,0.0,-14.09,-103.8,-13.327775955200195,-99.2964859008789
51.1622,14.9506,238.80469,2005.0,-0.680773409477016,0.0,-7.42,-52.5,-6.618208408355713,-42.853858947753906
-21.2,-159.8,7.8220215,1989.0,-0.9741004551724206,0.0,-5.04,-36.1,-3.2276673316955566,-11.123512268066406
-6.88,39.2,52.724609,1967.0,0.29671281927349075,0.0,-1.05,1.4,-2.725454807281494,-6.423561096191406
43.70555556,-72.28833333,168.71094,1998.0,-0.7236440382959123,0.0,-9.5,-66.0,-10.24056625366211,-73.43851470947266
-33.45,-70.7,507.65625,1996.0,-0.27195815753410524,0.0,-12.22,-92.0,-6.257015705108643,-39.47364044189453
53.23,6.55,7.7121582,1988.0,-0.970063921851507,6.496272817457793e-06,-7.16,-41.3,-7.606719017028809,-51.377830505371094
-36.8,-59.83,137.54688,1998.0,-0.9587178169872964,0.0,-4.3,-22.0,-3.7808289527893066,-16.300270080566406
44.42,8.85,5.4519043,1987.0,-0.7236440382959123,0.0,-10.61,-71.5,-6.2439751625061035,-39.351600646972656
47.37233597,8.083138245,397.48438,2008.0,-0.27195815753410524,1.5171850463957526e-05,-16.77,-124.7388782,-12.120515823364258,-89.1846694946289
-9.98,-67.82,123.0,1990.0,0.8880573226294932,0.0,-8.04,-51.6,-6.866888523101807,-45.181129455566406
7.02,125.23,1213.5625,1998.0,0.9510565162951535,0.0,-2.43,-6.6,-4.803450107574463,-25.870460510253906
51.93,-10.25,33.068359,1961.0,0.9760105506323683,4.57629766970058e-06,-7.0,-46.5,-6.483587265014648,-43.198890686035156
49.7703,9.9578,265.90625,1981.0,-0.9587178169872964,1.1640490811259951e-05,-6.71,-45.5,-6.80991268157959,-44.505287170410156
33.87194444,35.50972222,47.953125,2004.0,0.2386727660059501,0.0,-5.36,-23.23,-4.449232578277588,-22.555519104003906
41.02444444,40.52,10.936523,2021.0,-0.9741004551724206,2.5748315238161013e-05,-7.64,-44.4,-6.226992130279541,-39.192665100097656
48.8281,9.2,313.79688,2001.0,0.741222010848596,6.989050598349422e-05,-8.52,-64.2,-7.003888130187988,-46.328617095947266
-41.47,-72.93,43.574219,1965.0,0.6994583270516471,0.0,-7.24,-48.6,-6.2051568031311035,-38.988319396972656
36.98,35.3,22.958008,2007.0,0.29671281927349075,0.0,-1.25,-1.22,-4.266058444976807,-20.841285705566406
51.387367,-0.325697,10.34082,2021.0,-0.9984354211555643,0.0,-7.779398733,-55.07377248,-6.79732608795166,-44.53013229370117
47.81666667,13.71777778,1616.0625,2018.0,-0.4635502709028512,0.0,-11.408,-79.91,-11.166473388671875,-81.19376373291016
52.141,-106.6244,507.71875,1993.0,-0.680773409477016,0.0,-10.8,-82.5,-13.031076431274414,-96.8113784790039
64.13,-21.93,12.141602,2017.0,-0.2884824328806098,2.023936758632772e-05,-8.66,-60.2,-9.506490707397461,-67.2900161743164
53.7122,7.1519,8.8525391,2003.0,0.29671281927349075,0.0,-3.58,-24.48,-6.866888523101807,-45.181129455566406
11.08305556,39.7175,1856.6875,2002.0,0.741222010848596,0.0,0.96,16.7,-0.6365418434143066,13.125511169433594
50.06166667,19.84861111,356.8125,2003.0,0.9760105506323683,0.0,-9.61,-71.0,-10.501457214355469,-75.62369537353516
39.46666667,-6.333333333,410.0,2002.0,-0.9741004551724206,7.321372686419636e-05,-5.62,-33.32,-5.69445276260376,-34.208900451660156
33.465,35.575,1032.9375,2004.0,-0.7116566222817751,0.0,-5.05,-12.46,-4.991476535797119,-27.630104064941406
53.23,6.55,7.7121582,2004.0,-0.970063921851507,2.201890538344742e-06,-6.01,-39.17,-7.616950035095215,-51.463523864746094
36.88,30.7,0.0,1994.0,-0.2884824328806098,0.0,-6.48,-34.1,-5.646536350250244,-33.760475158691406
47.7,27.88333333,177.36719,2011.0,0.741222010848596,5.030991451349109e-05,-5.469184223,-33.54284877,-7.687927722930908,-52.058021545410156
41.78,-87.75,186.0,1965.0,-0.9741004551724206,0.0,-6.0,-39.1,-7.269414901733398,-48.55262756347656
46.72738634,8.186782163,600.90625,2004.0,-0.6932812268869771,0.0,-6.94,-45.59,-6.4978108406066895,-41.72711944580078
39.28333333,-7.416666667,492.75,1989.0,0.741222010848596,1.812543450796511e-05,-3.97,-23.0,-4.808302402496338,-25.915870666503906
-30.08,-51.18,244.72656,1982.0,0.6994583270516471,0.000128440093249,-7.6,-50.8,-6.1645188331604,-38.608009338378906
9.316666667,42.11666667,1932.8125,2002.0,0.29671281927349075,0.0,-2.01,-0.5,-0.08823251724243164,18.256858825683594
-33.11011944,-64.24918333,408.09375,2017.0,-0.680773409477016,0.0,-3.53,-16.0,-5.613783359527588,-33.453956604003906
-27.17,-109.43,140.28906,2007.0,-0.680773409477016,1.3663468052982353e-05,-2.66,-6.6,-2.8394837379455566,-7.490699768066406
-0.166666667,-78.48333333,2781.625,2009.0,0.29671281927349075,3.1056999432621524e-05,-15.3,-111.45,-9.562326431274414,-83.6371841430664
8.92,-79.6,11.163086,1996.0,-0.970063921851507,6.813674553995952e-05,-1.99,-17.3,-6.471729755401611,-41.48303985595703
53.32,-60.42,46.541016,2006.0,0.741222010848596,2.9012027880526148e-05,-13.07,-97.5,-11.793123245239258,-86.4424819946289
-0.743055556,-90.30222222,1.7120972,2014.0,0.741222010848596,7.436777309521858e-07,-2.712452964,-11.67441992,-3.399923801422119,-12.735572814941406
-6.18,106.83,5.1230469,1990.0,-0.680773409477016,8.042535046115518e-05,-3.58,-18.1,-5.3493332862854,-30.979103088378906
-22.71,-46.46583333,1095.0625,1998.0,0.9984354211555643,1.3425388715404551e-05,-6.37,-39.42,-5.270483493804932,-30.241188049316406
36.15,-5.35,1.5737915,2008.0,-0.7116566222817751,0.000666860549245,-7.14,-38.53,-4.993902683258057,-27.652809143066406
38.43055556,27.15111111,13.000488,2014.0,-0.9741004551724206,1.8087372154695917e-05,-3.46,-10.1,-4.492903232574463,-22.964210510253906
47.67,-124.48,0.0,1963.0,0.741222010848596,0.0001603661366971,-4.0,-26.1,-7.803143501281738,-55.69486999511719
47.25,39.82,80.558594,1981.0,-0.9587178169872964,0.0,-7.5,-51.0,-7.684091091156006,-52.02588653564453
13.73,100.5,5.7392578,1992.0,-0.9634705485641486,0.0,-4.37,-30.1,-7.428740501403809,-53.197120666503906
-16.49888889,-68.12305556,3582.75,2004.0,0.2386727660059501,4.45247715106234e-05,-17.25,-126.6,-10.774003982543945,-100.9242935180664
31.99730278,34.81616111,44.347656,1978.0,0.2386727660059501,0.0,-8.54,-54.3,-4.147177219390869,-19.728736877441406
64.58,40.5,0.0,1983.0,0.741222010848596,0.0,-8.4,-66.0,-11.729179382324219,-85.90689849853516
51.3744,11.2919,162.88281,1999.0,-0.2135209154397959,0.0,-6.92,-51.9,-6.4817376136779785,-41.576698303222656
11.48527778,-3.5225,322.23438,2005.0,-0.9587178169872964,0.0001329983788309,-4.1,-21.8,-4.633619785308838,-24.281105041503906
42.5859,10.07945,19.258789,2015.0,-0.2135209154397959,6.309395303105703e-06,-5.53,-37.9,-3.6546692848205566,-15.119606018066406
52.1,5.18,1.7967529,2006.0,0.13727877211326478,0.0,-9.23,-66.97,-7.688567161560059,-52.063377380371094
26.08333333,119.2833333,13.927246,1986.0,0.741222010848596,0.0,-8.2,-64.5,-3.3392701148986816,-12.167945861816406
12.69325,-7.995494444,382.5625,1994.0,-0.9741004551724206,0.0,-5.12,-28.9,-3.390219211578369,-12.644752502441406
49.0422,12.1019,370.21875,2001.0,-0.2135209154397959,0.0001197763413074,-5.76,-38.95,-6.6459574699401855,-43.113548278808594
43.365884,-8.421399,56.794922,2002.0,-0.2884824328806098,2.3769805920892395e-05,-3.23,-17.9,-5.389364719390869,-31.353736877441406
50.3381,7.6,86.441406,2001.0,0.29671281927349075,0.0,-4.68,-33.4,-6.866888523101807,-45.181129455566406
48.22,11.59,494.59375,1996.0,0.2802306751992159,0.0,-6.09,-41.9,-8.33120346069336,-57.44599151611328
2.933333333,11.98333333,676.84375,1994.0,-0.9307239310379793,0.0,-4.07,-22.8,-4.924757480621338,-27.005714416503906
41.02444444,40.52,10.936523,2016.0,-0.6932812268869771,0.0,-4.68,-22.5,-4.682142734527588,-24.735206604003906
52.8,5.05,-4.4990234,2009.0,0.19667288979357647,0.0,-3.38,-27.5,-8.019796371459961,-54.83769989013672
76.76666667,-18.66666667,0.0,2013.0,-0.680773409477016,0.0,-14.04,-109.5,-14.591306686401367,-109.8796157836914
50.3119,11.8758,564.53125,2003.0,-0.9587178169872964,0.0,-10.52,-73.6,-7.999973773956299,-54.671669006347656
54.5283,11.0603,1.9006348,2007.0,-0.9587178169872964,0.0,-6.96,-49.3,-7.222736358642578,-48.161651611328125
52.8911,11.7294,21.530273,2011.0,0.741222010848596,4.82807854496059e-06,-5.3,-37.9,-6.866888523101807,-45.181129455566406
-37.82,144.97,6.1674805,2008.0,-0.9634705485641486,0.0002214086271123,-1.65,-5.8,-4.97085428237915,-27.437110900878906
12.69325,-7.995494444,382.5625,1969.0,-0.9741004551724206,8.996737597044557e-05,3.06,8.2,-4.694273471832275,-24.848731994628906
-75.58333333,-20.56666667,105.53516,2008.0,-0.6932812268869771,1.1134478780958389e-06,-24.54,-188.33,-21.92183494567871,-177.39669799804688
9.357072,-75.289167,200.4375,2010.0,0.9510565162951535,0.0,-0.205200798,-0.256447569,-3.069967746734619,-9.647682189941406
33.27722222,44.38765833,39.535156,2019.0,0.4482293417404106,1.082572362065548e-05,-2.98,-8.38,-4.008886814117432,-18.434547424316406
41.91172742,2.763346411,139.71094,2012.0,-0.23030567023061196,0.0,-3.03,-17.5,-3.7905335426330566,-16.391090393066406
17.46,106.62,2.4233398,2020.0,-0.6932812268869771,7.250092312460765e-05,-16.36,-121.5,-7.9479660987854,-60.604957580566406
35.68,51.32,1161.1875,1980.0,-0.970063921851507,0.0,-6.91,-47.3,-4.654242038726807,-24.474098205566406
40.41195035,-3.67806112,671.09375,1988.0,-0.7116566222817751,0.0,-6.5,-37.4,-7.629738807678223,-51.570640563964844
-17.83,31.02,1473.25,1967.0,0.2386727660059501,0.0001027565085678,-5.66,-30.3,-5.379660129547119,-31.262916564941406
-3.12,-60.02,49.394531,1979.0,-0.2135209154397959,0.0,-0.4,13.0,-3.162161350250244,-10.510475158691406
39.46666667,-6.333333333,410.0,2011.0,0.6994583270516471,0.0,-7.31,-48.8,-5.87883996963501,-35.934486389160156
-35.15833333,147.4572222,211.74219,2010.0,-0.9741004551724206,0.0,-5.34,-27.6,-3.467855930328369,-13.371315002441406
41.75,44.766667,0.0,2011.0,-0.2135209154397959,0.0,-0.63,-3.1,-4.831350803375244,-26.131568908691406
51.35,12.43,125.46484,1986.0,0.2386727660059501,6.565005151060177e-06,-12.1,-81.2,-10.534708023071289,-75.9021987915039
-27.17,-109.43,140.28906,2012.0,0.9721181966290613,0.0001084094546968,-0.24,9.6,-3.584311008453369,-14.461158752441406
71.3,-156.78,0.0,1966.0,-0.9741004551724206,1.0498212759557646e-05,-16.8,-116.9,-15.455827713012695,-117.1207046508789
-4.62,55.45,13.739746,1963.0,0.741222010848596,0.0001779477897798,-2.6,-10.0,-3.691061496734619,-15.460182189941406
54.6789,13.4342,38.980469,1999.0,0.6994583270516471,0.0,-11.0,-80.1,-10.168949127197266,-72.83866119384766
45.80666667,15.97,120.36328,1994.0,0.9760105506323683,2.4537997887819077e-05,-6.6,-47.4,-9.144569396972656,-64.25861358642578
37.90111111,40.20361111,674.46875,2020.0,0.6994583270516471,0.0,-13.41,-93.5,-6.401978015899658,-40.83026885986328
22.31666667,114.1666667,34.056641,1983.0,-0.9587178169872964,5.897422670386732e-05,-9.64,-70.0,-6.91387939453125,-45.85155487060547
50.3119,11.8758,564.53125,1993.0,0.9510565162951535,3.25195214827545e-05,-6.65,-49.6,-9.933635711669922,-70.86771392822266
50.8325,15.14777778,828.84375,2018.0,-0.2884824328806098,0.0,-12.5,-88.4,-11.161357879638672,-81.15091705322266
47.98,-55.82,119.36328,1997.0,-0.2884824328806098,0.0001771754177752,-12.23,-91.3,-9.163270950317383,-77.9438247680664
4.365694444,18.58725,381.14062,2010.0,0.2386727660059501,0.0,-0.950521093,10.84226788,0.08645009994506836,19.891624450683594
45.80666667,15.97,120.36328,2002.0,-0.4635502709028512,9.474683611188084e-05,-10.03,-71.5,-8.932275772094727,-62.48047637939453
32.2361,-110.9439,753.21875,1985.0,0.6994583270516471,0.0,-9.089417989,-60.41904762,-6.866888523101807,-45.181129455566406
47.59583333,7.594444444,248.26562,2010.0,-0.2884824328806098,0.0002598491264507,-13.41,-102.4,-11.376209259033203,-82.95047760009766
37.15805556,15.02694444,444.70312,1999.0,0.29671281927349075,0.0,-2.8,-6.0,-4.393431186676025,-22.033302307128906
-34.05,115.0249,77.78125,2005.0,-0.9973249731081555,9.781343578652011e-06,-3.2,-5.8,-2.963217258453369,-8.648658752441406
46.49143367,9.898180888,1767.6875,2003.0,-0.9741004551724206,5.1131032705598045e-06,-14.89,-108.3229037,-11.880086898803711,-87.1708755493164
28.46344137,-16.2553441,36.554688,2019.0,0.6994583270516471,0.0,-2.78,-14.2,-2.361532688140869,-3.0177993774414062
36.83,10.23,0.0,2002.0,-0.2884824328806098,3.087627919740044e-05,-4.55,-28.1,-5.395430088043213,-31.410499572753906
46.49143367,9.898180888,1767.6875,2006.0,0.6994583270516471,2.5012432161020115e-05,-16.38,-124.6995517,-15.138666152954102,-114.4642105102539
52.1042,8.7519,134.42188,1985.0,-0.2135209154397959,0.0,-4.24,-29.2,-6.2551960945129395,-39.45661163330078
-21.43846,-65.71519,2957.125,2011.0,0.2386727660059501,0.0,-9.29,-63.8,-8.50845718383789,-68.6015396118164
47.47051111,21.49041944,105.30859,2005.0,-0.7116566222817751,0.0,-10.01,-68.43,-10.15871810913086,-72.75296783447266
40.40725278,-3.686133333,653.5,2001.0,-0.9873494423939864,0.0,-6.17,-41.2,-7.095524311065674,-46.765357971191406
27.7,106.88,860.71875,1986.0,0.29671281927349075,0.0002980851568281,-5.67,-35.4,-5.374807834625244,-31.217506408691406
33.65694444,73.26611111,580.9375,2012.0,0.9721181966290613,0.0,-0.837732342,2.465687732,-1.9976105690002441,0.38796234130859375
51.6,-1.1,55.042969,1986.0,-0.9587178169872964,2.4223108994192444e-05,-10.2,-71.0,-6.233057498931885,-39.249427795410156
52.2914,10.4464,80.6875,1980.0,-0.7116566222817751,4.5912460336694494e-05,-6.46,-41.1,-9.509048461914062,-67.31143951416016
12.13,15.03,294.5,2016.0,0.7295575540864875,0.0,-5.21,-30.0,-1.3983521461486816,5.996116638183594
46.57248471,8.332719621,1924.0,2009.0,0.9510565162951535,0.0,-16.04,-116.6514711,-13.194772720336914,-98.1824722290039
10.88,-74.78,22.039062,1974.0,-0.680773409477016,2.7135394702781923e-05,-5.34,-45.1,-4.898069858551025,-26.755958557128906
0.512102778,25.20643889,414.57812,2018.0,0.2386727660059501,0.0,3.46,45.7,-0.06397104263305664,18.483909606933594
-37.43333333,-65.16666667,308.89062,2000.0,-0.970063921851507,0.0,-5.2,-28.0,-4.202978610992432,-20.250953674316406
4.05,114.81,27.053711,2010.0,0.7469720876965552,0.0,-1.97,-5.85,-6.246704578399658,-39.37714385986328
-34.03,-67.97,581.875,1984.0,0.2802306751992159,0.0001037084148265,-7.2,-47.0,-6.326160907745361,-40.12073516845703
37.1644591,-5.611393166,86.394531,2008.0,0.7295575540864875,0.0,-3.72,-20.83,-4.176290988922119,-20.001197814941406
33.86666667,35.56666667,226.0625,2003.0,0.2386727660059501,2.4594810383860025e-05,-3.11,-6.5,-5.451231479644775,-31.932716369628906
23.95277778,90.27916667,23.626953,2012.0,0.9562348265919056,0.0005676971632055,1.04,1.44,-2.2814698219299316,-2.2685317993164062
-0.37,-78.55,3064.0,1974.0,0.2386727660059501,2.6488754883757792e-05,-4.91,-28.8,-5.441106796264648,-42.63317108154297
41.58194444,12.95694444,36.330078,2001.0,-0.9587178169872964,0.0,-3.02,-11.55,-4.532934665679932,-23.338844299316406
-20.47,-54.67,554.875,1990.0,0.8880573226294932,0.0,-5.21,-31.8,-5.215895175933838,-29.730323791503906
47.81666667,13.71777778,1616.0625,2019.0,-0.655156357209085,0.0,-6.064,-35.15,-11.291803359985352,-82.2435073852539
-51.342,-58.8425,51.390625,2016.0,0.6994583270516471,2.6436139251018176e-06,-11.90418193,-84.763912,-7.582551956176758,-56.08563232421875
33.46555556,126.9333333,5.9509277,1996.0,-0.4482293417404106,4.136490133532789e-06,-7.9,-23.0,-5.240156650543213,-29.957374572753906
11.21944444,-72.36333333,123.19141,2002.0,-0.2884824328806098,0.0,-2.6,-9.5,-4.372808933258057,-21.840309143066406
32.18,118.18,39.578125,1991.0,-0.2884824328806098,0.0,-8.27,-47.3,-4.996328830718994,-27.675514221191406
-37.82,144.97,6.1674805,2007.0,-0.9741004551724206,4.0770391933619976e-05,-0.5,4.7,-4.353399753570557,-21.658668518066406
66.49686111,25.75518056,108.88672,2005.0,0.29671281927349075,0.0002256481675431,-13.25,-100.9,-12.299558639526367,-90.6843032836914
47.47051111,21.49041944,105.30859,2008.0,0.29671281927349075,0.0002308515686308,-6.03,-45.72,-6.866888523101807,-45.181129455566406
48.8281,9.2,313.79688,1991.0,0.2386727660059501,1.216643795487471e-05,-10.93,-83.1,-10.199642181396484,-73.09574127197266
41.91172742,2.763346411,139.71094,2014.0,0.6994583270516471,0.0,-9.09,-63.1,-6.123880863189697,-38.227699279785156
46.37222222,6.470833333,387.75,2000.0,-0.7116566222817751,2.445821883156896e-05,-13.24,-95.2,-10.790483474731445,-78.0445327758789
19.28,166.65,4.0,1968.0,-0.7116566222817751,0.0,-0.25,4.9,-3.7953858375549316,-16.436500549316406
34.71666667,10.68333333,23.232422,2004.0,0.9562348265919056,9.316566865891218e-05,-4.82,-23.8,-4.565687656402588,-23.645362854003906
46.37222222,6.470833333,387.75,2000.0,-0.970063921851507,0.0,-12.07,-86.2,-8.530028343200684,-60.636756896972656
44.0206,10.28423,552.5625,2011.0,-0.2135209154397959,0.0,-5.09,-34.1,-5.110357761383057,-28.742652893066406
-34.05,115.0249,77.78125,2007.0,-0.8996308696522434,0.0,-4.37,-17.6,-2.9704957008361816,-8.716773986816406
-3.823991667,-73.377425,90.707031,2008.0,-0.27195815753410524,0.0001884778612293,-7.01,-51.26,-4.101080417633057,-19.297340393066406
54.6789,13.4342,38.980469,2002.0,0.741222010848596,4.206061930744909e-05,-5.47,-33.9,-7.181652069091797,-47.81753921508789
51.18,8.4889,841.375,2002.0,0.741222010848596,5.206015339354053e-05,-9.3,-65.2,-8.343992233276367,-57.55310821533203
42.29055556,-85.58444444,244.73438,1992.0,-0.8800122039735356,0.0,-3.3,-9.0,-6.866888523101807,-45.181129455566406
19.2,-96.13,0.0,1974.0,-0.680773409477016,1.852692548709456e-05,-1.3,-2.4,-4.059835910797119,-18.911354064941406
45.6,13.93333333,486.53125,2002.0,-0.4635502709028512,0.0001242314610863,-12.56,-89.3,-9.33128547668457,-65.82251739501953
41.75,44.766667,0.0,2015.0,-0.7236440382959123,0.0,-7.61,-53.4,-9.10108757019043,-63.89441680908203
10.00036389,-84.10913333,1157.3125,2016.0,-0.9483615800121716,0.0,-10.81309,-70.111482,-7.0533857345581055,-50.485694885253906
54.35333333,-6.648333333,61.966797,2020.0,-0.27195815753410524,0.0,-10.56,-74.3,-7.594569683074951,-51.27606964111328
-65.07944444,-63.9775,286.6875,1973.0,0.29671281927349075,1.156679677141828e-07,-12.02,-91.6,-9.529735565185547,-82.54421997070312
36.83,10.23,0.0,1976.0,-0.9634705485641486,0.0,0.61,6.9,-3.7128968238830566,-15.664527893066406
47.8747,8.0036,1487.3125,1984.0,-0.27195815753410524,4.688073750003241e-05,-14.74,-105.5,-12.406984329223633,-91.5840835571289
-33.95833333,18.46111111,109.49609,2001.0,0.29671281927349075,6.840643618488684e-05,-3.06,-5.0,-3.399923801422119,-12.735572814941406
13.05,123.97,661.0625,1998.0,-0.2135209154397959,0.0,-4.38,-22.2,-7.186368942260742,-51.022377014160156
46.89,7.49,659.34375,2017.0,-0.9587178169872964,0.0,-8.52,-58.3,-7.831801414489746,-53.263084411621094
-26.61361111,118.5372222,517.78125,2009.0,0.2386727660059501,0.0003147165407426,-8.77,-60.3,-4.745222568511963,-25.325538635253906
-13.0,28.65,1260.6875,1990.0,0.741222010848596,0.0,-3.53,-22.0,-5.693846225738525,-34.203224182128906
5.383333333,103.1,10.330566,2020.0,0.9562348265919056,0.0001241620775545,-2.02,-3.3,-4.925970554351807,-27.017066955566406
36.88,30.7,0.0,2013.0,-0.9741004551724206,0.0,-4.73,-21.81,-4.258780002593994,-20.773170471191406
46.22030867,7.33848445,481.70312,2015.0,0.741222010848596,0.0,-12.44,-95.7,-8.204593658447266,-56.385536193847656
47.6772,9.19,442.90625,1991.0,-0.9741004551724206,0.0,-9.01,-65.7,-9.642051696777344,-68.42545318603516
-75.58333333,-20.56666667,105.53516,1993.0,0.2386727660059501,0.0,-12.72,-96.8,-20.531864166259766,-166.06442260742188
58.1,6.57,0.0,1964.0,0.6994583270516471,0.000168782484252,-6.8,-49.0,-9.095972061157227,-63.85157012939453
42.58834633,-5.651107617,911.78125,2014.0,-0.9587178169872964,0.0,-6.19,-42.1,-6.638830661773682,-43.046852111816406
51.35,12.43,125.46484,2001.0,0.9760105506323683,2.344121458008885e-05,-7.24,-48.8,-8.938669204711914,-62.534034729003906
78.91666667,11.93333333,38.650391,2019.0,-0.2884824328806098,0.0,-11.21,-73.3,-11.261110305786133,-81.9864273071289
64.13,-21.93,12.141602,1998.0,-0.680773409477016,4.7764842747710645e-06,-7.43,-57.5,-8.369569778442383,-57.76734161376953
54.5283,11.0603,1.9006348,2001.0,0.6994583270516471,2.827144089678768e-05,-8.35,-60.0,-9.61903190612793,-68.2326431274414
-34.05,115.0249,77.78125,2016.0,0.9973249731081555,0.0,-11.13,-83.0,-4.028295993804932,-18.616188049316406
54.5275,9.5486,43.292969,2003.0,0.9510565162951535,0.0,-7.73,-52.1,-8.57291030883789,-59.470497131347656
43.71,10.4,9.4057617,2000.0,0.2386727660059501,1.516291604275466e-06,-5.39,-28.4,-6.839461803436279,-44.92445373535156
-65.07944444,-63.9775,286.6875,1999.0,-0.2884824328806098,2.783849595288194e-06,-5.86,-58.1,-9.640690803527832,-85.84690856933594
-0.8968,-89.609,13.19873,2019.0,0.6994583270516471,1.2405513189150952e-05,-1.0,0.4,-2.652670383453369,-5.742408752441406
21.36774444,40.26815278,1971.625,2010.0,0.5877852522924732,0.0,-2.5,-4.17,-2.803091526031494,-7.150123596191406
45.46666667,13.61666667,0.5645752,2003.0,0.5524353131676196,1.9942597191402456e-06,-4.93,-23.7,-6.152388095855713,-38.494483947753906
-1.5075,-77.94388889,958.9375,2018.0,-0.2135209154397959,0.0002935509255621,-3.28,-12.6,-3.7080445289611816,-15.619117736816406
-15.7625,-69.69166667,3955.875,2001.0,0.6994583270516471,0.0001788211811799,-16.58,-120.7,-11.724481582641602,-114.4848403930664
46.60305556,13.67138889,2148.125,2017.0,-0.9992500112396835,0.0,-8.272,-52.02,-8.72944450378418,-63.722938537597656
82.5,-62.33333333,62.875,1989.0,0.741222010848596,0.0,-30.27,-229.4,-27.92232322692871,-221.53805541992188
38.43055556,27.15111111,13.000488,2011.0,0.6994583270516471,0.0001298752031289,-7.041218191,-44.31823946,-5.69445276260376,-34.208900451660156
47.833185,1.940433,113.78516,2003.0,0.9760105506323683,8.301148227474187e-06,-5.8,-41.5,-7.7505927085876465,-52.58289337158203
53.23,6.55,7.7121582,1971.0,0.741222010848596,4.354546035756357e-06,-6.35,-38.4,-6.866888523101807,-45.181129455566406
40.8203002,0.493333172,52.294922,2021.0,0.9510565162951535,0.0,-4.16,-28.2,-5.181929111480713,-29.412452697753906
-75.58333333,-20.56666667,105.53516,1992.0,-0.7116566222817751,4.727209536077546e-06,-21.32,-167.0,-21.906558990478516,-177.35958862304688
-30.08,-51.18,244.72656,1965.0,0.9760105506323683,0.0,-7.0,-45.2,-5.442739963531494,-31.853248596191406
45.32,-75.67,112.08594,2001.0,0.9760105506323683,0.0,-4.1,-32.1,-10.810945510864258,-78.2159194946289
53.32,-60.42,46.541016,2008.0,0.7295575540864875,3.355215449118987e-05,-14.17,-107.8,-13.926290512084961,-104.3095474243164
50.4972,9.9428,920.40625,2003.0,-0.9587178169872964,0.0,-7.57,-44.85,-7.891269207000732,-53.76117706298828
-2.433333333,-54.71666667,57.433594,1989.0,-0.6994583270516471,0.0001126599090639,-4.38,-20.4,-3.463003635406494,-13.325904846191406
13.73,100.5,5.7392578,2009.0,0.9760105506323683,0.0,-3.0,-20.3,-4.171438694000244,-19.955787658691406
-34.05,115.0249,77.78125,2015.0,0.6287628145958344,6.465065234806389e-05,-2.75,-1.0,-3.8633179664611816,-17.072242736816406
50.3381,7.6,86.441406,2007.0,-0.2884824328806098,0.0,-6.72,-47.95,-9.908058166503906,-70.65348052978516
-15.6,-56.1,177.79688,1980.0,-0.27195815753410524,4.0042930777417496e-05,-7.03,-43.7,-4.224813938140869,-20.455299377441406
28.46344137,-16.2553441,36.554688,2008.0,-0.7116566222817751,0.0,1.85,24.22,-2.337271213531494,-2.7907485961914062
24.91,91.84533333,16.452148,2012.0,-0.23030567023061196,0.0004598899104166,-6.1,-40.33,-5.230452060699463,-29.866554260253906
48.18427778,16.389575,201.11719,2002.0,0.811539059007361,2.122500700352248e-05,-7.09,-63.2,-8.787761688232422,-61.270057678222656
50.3119,11.8758,564.53125,1990.0,-0.2135209154397959,0.0,-5.24,-35.4,-7.535233497619629,-50.766014099121094
36.15,-5.35,1.5737915,2002.0,-0.9741004551724206,0.0002029893948929,-3.61,-15.8,-4.560835361480713,-23.599952697753906
-23.0,-47.13333333,635.21875,1997.0,-0.7856498550787144,0.0,-3.26,-8.13,-3.7808289527893066,-16.300270080566406
47.47051111,21.49041944,105.30859,2006.0,-0.5160623910158526,0.0001133301993831,-1.56,-30.35,-9.122827529907227,-64.0765151977539
19.31396667,-99.3094,2965.0,2011.0,-0.7176769136759615,0.0,-9.86,-62.4,-8.291698455810547,-65.5090103149414
47.8008,11.0108,974.96875,1976.0,0.6994583270516471,0.0,-14.91,-109.5,-13.87513542175293,-103.8810806274414
21.32,103.91,609.09375,2018.0,-0.7236440382959123,0.0,-3.3,-24.2,-6.214254856109619,-39.073463439941406
51.6,-1.1,55.042969,1988.0,0.9721181966290613,2.4758732251939364e-05,-5.8,-35.0,-7.430546283721924,-51.15851593017578
-33.11011944,-64.24918333,408.09375,2018.0,-0.2135209154397959,0.0,-7.22,-46.2,-5.68474817276001,-34.118080139160156
51.3744,11.2919,162.88281,2012.0,0.7295575540864875,0.0,-6.48,-43.7,-7.620147228240967,-51.49030303955078
38.05011111,23.8675,438.375,2001.0,0.5234156073655503,0.0,-8.4,-51.8,-6.620937824249268,-42.87940216064453
-3.12,-60.02,49.394531,1990.0,0.6994583270516471,8.706509106559679e-05,-4.0,-18.8,-6.015310764312744,-37.211647033691406
41.13333333,-8.6,59.621094,2000.0,-0.970063921851507,4.145788807363715e-06,-2.72,-14.7,-4.906561374664307,-26.835426330566406
23.03,72.55,52.095703,2007.0,-0.6680638642135333,0.0,0.5,9.9,-5.006033420562744,-27.766334533691406
37.90111111,40.20361111,674.46875,2019.0,0.6994583270516471,0.0,-14.27,-101.0,-6.406527042388916,-40.872840881347656
-46.88,37.87,0.0,2011.0,-0.2135209154397959,6.437335105147213e-05,-4.309725022,-26.53295695,-5.369955539703369,-31.172096252441406
68.5,112.4333333,105.19531,1999.0,-0.680773409477016,2.3857623091316785e-05,-17.6,-138.6,-12.938997268676758,-96.0401382446289
5.383333333,103.1,10.330566,2019.0,0.9760105506323683,6.16160687059164e-05,-4.19,-22.4,-4.896856784820557,-26.744606018066406
51.93,-10.25,33.068359,2015.0,0.9760105506323683,4.604639343597228e-06,-5.01,-27.3,-5.718714237213135,-34.435951232910156
46.095,14.597,283.89062,2007.0,0.29671281927349075,0.0,-5.05,-36.0,-7.076944351196289,-46.940521240234375
51.3,3.75,9.4589844,2001.0,-0.8115390590073611,1.618558235350065e-05,-7.339,-40.77,-5.833349704742432,-35.508766174316406
-3.322222222,-79.6,397.82812,1993.0,0.9510565162951535,1.8737067875918e-05,-6.94,-43.7,-5.352972507476807,-31.013160705566406
47.42692898,9.400776879,758.46875,2019.0,-0.2884824328806098,7.878507312852889e-05,-15.73,-115.04,-12.524641036987305,-92.5695571899414
1.685556,33.616389,1096.9375,2014.0,0.741222010848596,5.64867805223912e-05,-2.94,-11.9,-2.3251404762268066,-2.6772232055664062
7.102222222,-73.06944444,1429.5,2005.0,0.9760105506323683,8.84147229953669e-05,-7.29,-47.66,-6.285219669342041,-39.737586975097656
47.81666667,13.71777778,1616.0625,2022.0,0.24702218048093552,1.2806659469788428e-05,-5.526,-29.35,-13.665399551391602,-102.1243667602539
36.05,103.88,1519.75,1997.0,0.29671281927349075,0.0,-3.5,-32.4,-3.516378879547119,-13.825416564941406
-34.93,138.58,24.027344,1964.0,-0.23030567023061196,7.109303987817839e-05,-5.3,-31.6,-3.6352601051330566,-14.937965393066406
53.23,6.55,7.7121582,1985.0,-0.9741004551724206,0.0,-5.67,-30.0,-7.422560691833496,-49.835350036621094
18.23388889,-65.885,70.4375,2005.0,-0.9992500112396835,4.0188049752032384e-05,-6.19,-37.3,-3.3926453590393066,-12.667457580566406
47.47051111,21.49041944,105.30859,2004.0,-0.6680638642135333,2.0588091501849703e-05,-4.06,-24.35,-7.337098121643066,-50.97039794921875
6.906666667,79.87,14.911133,1983.0,0.9510565162951535,0.0,-3.93,-14.1,-4.497755527496338,-23.009620666503906
-27.43,153.08,5.7802734,1976.0,-0.7116566222817751,0.0,-2.69,-3.4,-1.5051026344299316,4.997093200683594
25.7325,-80.16323611,3.5220947,2006.0,-0.12874817745258066,7.078323687892407e-05,-2.72,-17.6,-2.8637452125549316,-7.717750549316406
37.97,23.72,100.17578,2011.0,-0.9587178169872964,0.0,1.022347084,5.822236075,-3.9991822242736816,-18.343727111816406
47.07777778,15.44888889,370.03125,2002.0,0.741222010848596,0.0,-5.56,-35.8,-7.842671871185303,-53.35413360595703
17.46,106.62,2.4233398,2020.0,0.6994583270516471,0.0,-0.11,8.3,-3.856039524078369,-17.004127502441406
-26.41388889,146.2558333,302.09375,2013.0,0.9510565162951535,0.0,-5.76,-35.9,-5.334776401519775,-30.842872619628906
38.03333333,114.4166667,86.800781,1995.0,-0.7236440382959123,0.0,-6.16,-57.2,-6.866888523101807,-45.181129455566406
50.9269,13.3372,383.375,2022.0,0.741222010848596,1.8668184566195123e-05,-3.95,-22.9,-8.095890045166016,-55.47504425048828
31.2025,29.87666667,-7.1420898,2001.0,0.017213356155834685,3.827963882940821e-05,-9.32,-54.8,-3.729879856109619,-15.823463439941406
35.27,-75.55,0.0,1976.0,-0.970063921851507,0.0,-4.94,-24.1,-4.696699619293213,-24.871437072753906
33.65694444,73.26611111,580.9375,2003.0,0.29671281927349075,0.0,1.61,19.39,-1.3255677223205566,6.677268981933594
33.96666667,-4.983333333,500.04688,2017.0,-0.9741004551724206,0.0,-0.93,-0.3,-4.518377780914307,-23.202613830566406
38.01666667,-7.866666667,279.60938,1989.0,-0.9741004551724206,0.0003887745260726,-5.37,-34.2,-5.1552414894104,-29.162696838378906
43.54983333,13.60116667,546.1875,2014.0,0.2386727660059501,4.708756023319438e-05,-11.7,-79.4,-7.783666610717773,-53.63866424560547
-53.0,-70.833333,32.589844,2002.0,-0.9741004551724206,5.784992390545085e-05,-8.23,-63.3,-8.425018310546875,-67.4111099243164
4.05,114.81,27.053711,2007.0,0.811539059007361,0.0,-3.81,-23.26,-6.213648319244385,-39.067787170410156
47.81666667,13.71777778,1616.0625,2002.0,0.9813064702716093,8.191480446839705e-05,-11.92,-83.5,-11.97728157043457,-87.9849624633789
42.58834633,-5.651107617,911.78125,2019.0,0.2386727660059501,9.669172868598253e-05,-13.09,-97.1,-9.369651794433594,-66.14386749267578
50.92,5.78,111.17188,2004.0,0.6220467484408675,1.0004173418565188e-05,-8.66,-57.02,-8.43045425415039,-58.56065368652344
50.06166667,19.84861111,356.8125,2020.0,-0.6932812268869771,0.000101148696558,-5.32,-33.5,-6.588033199310303,-42.57146453857422
58.1,6.57,0.0,1961.0,-0.9587178169872964,0.0001248635962838,-5.8,-41.0,-7.417764663696289,-49.79518127441406
-18.91472222,47.55805556,1278.5,2019.0,0.6994583270516471,0.0001127974392147,-5.66,-29.6,-5.280188083648682,-30.332008361816406
51.35,12.43,125.46484,2011.0,0.6994583270516471,2.690097790036816e-05,-9.93,-68.9,-10.135698318481445,-72.5601577758789
31.62,25.95,0.0,2003.0,0.017213356155834685,3.846363142656628e-06,-5.0,-20.8,-3.6109986305236816,-14.710914611816406
-40.35,-9.88,37.345703,2000.0,0.2386727660059501,0.0,-3.31,-18.2,-4.620275974273682,-24.156227111816406
46.64833333,14.31833333,448.71875,1997.0,-0.9587178169872964,0.0001079549838323,-8.17,-55.5,-7.585738182067871,-52.16718292236328
34.72,113.65,108.5625,1991.0,-0.7236440382959123,2.738060720730573e-05,-9.21,-61.5,-6.83002233505249,-44.83612060546875
14.43056111,-89.19388889,785.84375,2006.0,0.2386727660059501,5.8519804042589385e-06,-1.67,-7.5,-2.5621657371520996,-6.868690490722656
52.4672,13.4019,47.5625,1983.0,-0.2884824328806098,2.177532951463945e-05,-9.32,-66.8,-10.606325149536133,-76.5020523071289
34.55,38.3,397.04688,1993.0,0.2386727660059501,0.0,-6.66,-36.2,-5.32021951675415,-30.706642150878906
36.78,3.052222222,139.10156,2004.0,0.9721181966290613,3.334275788802188e-06,-5.24,-31.82,-4.9611496925354,-27.346290588378906
40.7930564,-4.010553289,1892.5,2014.0,-0.9741004551724206,0.0,-12.43,-83.2,-10.235450744628906,-73.39566802978516
22.31666667,114.1666667,34.056641,2015.0,0.2386727660059501,1.2428447007550858e-05,-1.23,6.9,-3.244650363922119,-11.282447814941406
36.62,127.46,80.589844,2007.0,0.2386727660059501,0.0,-12.44,-78.75,-6.866888523101807,-45.181129455566406
-65.07944444,-63.9775,286.6875,2010.0,0.9510565162951535,3.265377775581631e-07,-9.52,-77.8,-9.3638334274292,-81.8765869140625
-9.98,-67.82,123.0,1973.0,-0.9741004551724206,0.0001301515294471,-3.4,-12.0,-3.5430665016174316,-14.075172424316406
12.13,15.03,294.5,1978.0,0.29671281927349075,0.0,-2.24,-5.4,-0.44730234146118164,14.896507263183594
44.038,10.18,783.40625,2020.0,-0.9209712877166346,2.8521239073597823e-05,-7.07,-39.76,-6.082029819488525,-37.836036682128906
46.37222222,6.470833333,387.75,1998.0,-0.7236440382959123,0.0,-10.16,-70.5,-10.353107452392578,-74.38114166259766
49.0392,8.365,112.44141,2009.0,0.29671281927349075,0.0,-5.98,-38.55,-6.866888523101807,-45.181129455566406
44.42,8.85,5.4519043,1983.0,0.29671281927349075,0.0,-5.06,-31.3,-4.814367771148682,-25.972633361816406
-0.166666667,-78.48333333,2781.625,2012.0,0.9721181966290613,0.0002182558528147,-17.26,-126.63,-10.273370742797852,-93.7817153930664
44.13333333,6.333333333,881.625,2011.0,-0.9587178169872964,0.0,-4.78,-29.43,-6.894834518432617,-46.670249938964844
40.41195035,-3.67806112,671.09375,1989.0,0.9510565162951535,0.0,-8.72,-65.1,-7.381636619567871,-49.492576599121094
54.5283,11.0603,1.9006348,2004.0,0.2386727660059501,0.0,-12.9,-94.1,-9.88248062133789,-70.43924713134766
-34.05,115.0249,77.78125,2009.0,-0.6016240632249227,1.7393085727235302e-05,-3.11,-11.6,-3.2664856910705566,-11.486793518066406
-0.166666667,-78.48333333,2781.625,2016.0,0.2386727660059501,5.33098318555858e-05,-8.25,-53.9,-6.909693717956543,-53.444175720214844
46.64833333,14.31833333,448.71875,1998.0,0.9510565162951535,5.356372639653273e-05,-9.76,-67.2,-11.30459213256836,-82.35062408447266
49.7703,9.9578,265.90625,2006.0,-0.9741004551724206,5.901269832975231e-05,-9.04,-64.35,-8.208230972290039,-58.407615661621094
-46.42,168.32,-0.90939331,2013.0,0.9510565162951535,5.090974082122557e-05,-5.17,-34.1,-6.866888523101807,-45.181129455566406
-75.58333333,-20.56666667,105.53516,2014.0,-0.680773409477016,0.0,-30.12,-233.5,-21.977493286132812,-177.46749877929688
50.06166667,19.84861111,356.8125,2003.0,-0.2884824328806098,4.438018368091434e-05,-12.94,-91.9,-11.885202407836914,-87.2137222290039
51.387367,-0.325697,10.34082,2021.0,0.6152845999633276,0.0,-7.32,-47.25,-6.731024265289307,-43.909645080566406
-25.27,-57.63,54.0,1967.0,-0.7236440382959123,0.0,-2.05,-7.6,-3.710470676422119,-15.641822814941406
42.58834633,-5.651107617,911.78125,2006.0,0.2386727660059501,0.0005602933233603,-15.0,-107.69,-7.148041248321533,-49.192359924316406
13.55,144.83,113.0,1974.0,-0.7236440382959123,1.0267173820466269e-05,-4.09,-24.2,-4.236944675445557,-20.568824768066406
78.91666667,11.93333333,38.650391,2002.0,-0.2884824328806098,2.9159315090510063e-05,-6.82,-51.5,-11.294361114501953,-82.26493072509766
43.49111613,-3.800555816,50.095703,2011.0,0.9510565162951535,0.0,-5.64,-33.4,-5.809694766998291,-35.287391662597656
-33.95833333,18.46111111,109.49609,2007.0,0.9760105506323683,0.0,-2.72,-2.0,-3.3780884742736816,-12.531227111816406
-34.05,115.0249,77.78125,2009.0,0.3131070409358269,2.0400999346747994e-05,-2.41,2.0,-3.7420105934143066,-15.936988830566406
41.9,12.5,59.011719,2001.0,0.995918996147179,1.4867033314658327e-05,-3.65,-15.2,-5.425756931304932,-31.694313049316406
6.166666667,102.2833333,3.2288818,1982.0,-0.680773409477016,0.0001159695239039,-6.4,-43.0,-6.300989627838135,-39.885169982910156
17.46,106.62,2.4233398,2017.0,0.9760105506323683,0.0,-2.38,-6.9,-2.7666993141174316,-6.809547424316406
9.6678,80.0065,5.8981934,2018.0,-0.2884824328806098,2.8455580832087435e-05,-4.91,-25.8,-5.497328281402588,-32.364112854003906
43.49111613,-3.800555816,50.095703,2009.0,-0.9741004551724206,2.6149951736442745e-05,-5.13,-31.66,-5.585882663726807,-33.192848205566406
49.0392,8.365,112.44141,1983.0,-0.2135209154397959,1.8355656720814292e-05,-6.57,-46.5,-6.1517815589904785,-38.488807678222656
23.64,88.85,18.375977,2017.0,0.29671281927349075,0.0,-3.29,-17.7,-4.261206150054932,-20.795875549316406
78.91666667,11.93333333,38.650391,2006.0,-0.2884824328806098,0.0,-12.98,-93.0,-11.266225814819336,-82.0292739868164
18.483,-69.917,48.189453,2018.0,0.6994583270516471,0.0,-1.23,3.9,-2.536215305328369,-4.652565002441406
17.46,106.62,2.4233398,2018.0,-0.9587178169872964,0.0,-6.35,-36.1,-7.578386306762695,-55.332130432128906
-0.338055556,-77.81,1598.1875,1993.0,-0.8674563547295971,0.0,-9.82,-70.43,-5.519163608551025,-32.568458557128906
43.54983333,13.60116667,546.1875,2021.0,0.9510565162951535,0.0,-8.87,-54.4,-6.297956943511963,-39.856788635253906
43.78,87.62,900.71875,1996.0,-0.23030567023061196,0.0,-8.1,-54.3,-6.866888523101807,-45.181129455566406
49.38,-82.12,243.30469,2009.0,0.2386727660059501,0.0,-24.95,-182.3,-19.842554092407227,-152.99124145507812
6.417169444,2.329255556,12.735352,2013.0,0.9760105506323683,0.0,-4.13,-16.99,-2.9462342262268066,-8.489723205566406
37.13333333,79.93333333,1348.75,1992.0,0.2802306751992159,0.0,-3.8,-20.3,-4.433462619781494,-22.407936096191406
45.0,136.6,361.35938,2000.0,0.7295575540864875,0.0,-5.9,-44.7,-10.058965682983398,-71.9174575805664
-2.883333333,-78.98333333,2530.0,1992.0,-0.6932812268869771,0.0,-4.09,-27.3,-5.430609226226807,-31.739723205566406
36.88,30.7,0.0,2006.0,0.9760105506323683,0.0,-2.43,-9.01,-4.735517978668213,-25.234718322753906
50.9,14.8,240.94531,2014.0,-0.2884824328806098,0.0,-8.45,-60.0,-11.089740753173828,-80.55106353759766
48.8281,9.2,313.79688,2004.0,-0.23030567023061196,2.8941214623046108e-05,-4.44,-33.45,-6.370438098907471,-40.53510284423828
47.8008,11.0108,974.96875,1982.0,-0.9741004551724206,0.0,-13.7,-101.4,-9.746919631958008,-69.3038101196289
-18.9,47.53,1259.9375,1964.0,0.2386727660059501,0.0001580266107339,-4.7,-25.5,-5.411200046539307,-31.558082580566406
39.03,141.81,81.234375,2004.0,0.2802306751992159,0.0,-9.15,-65.2,-7.5541863441467285,-54.293251037597656
5.383333333,103.1,10.330566,2021.0,-0.680773409477016,4.330281626607757e-06,-9.32,-63.6,-5.551916599273682,-32.874977111816406
47.8008,11.0108,974.96875,1993.0,0.6994583270516471,0.0,-12.24,-87.3,-12.836687088012695,-95.1832046508789
50.3381,7.6,86.441406,2003.0,0.29671281927349075,0.0,-6.53,-47.65,-6.866888523101807,-45.181129455566406
-0.411,32.526,1192.1875,2004.0,-0.27195815753410524,0.0001313158281845,3.46,25.7,-0.8112244606018066,11.490745544433594
58.1,6.57,0.0,1964.0,0.9721181966290613,0.0,-5.2,-40.3,-7.672581195831299,-51.929481506347656
47.37233597,8.083138245,397.48438,2012.0,-0.23030567023061196,0.0001515180483693,-5.07,-31.6,-6.522982120513916,-41.962684631347656
52.2914,10.4464,80.6875,1995.0,0.9510565162951535,0.0,-7.88,-59.6,-8.70335578918457,-60.563087463378906
50.06166667,19.84861111,356.8125,1999.0,0.8498170915275278,0.0,-11.53,-85.2,-10.447744369506836,-75.1738052368164
36.846389,-2.356942,16.541016,2014.0,0.2386727660059501,2.566043804108631e-06,-11.43,-80.5,-5.516737461090088,-32.545753479003906
-22.399288,-47.543743,626.78125,2019.0,0.6994583270516471,0.0001825507642934,-7.92,-50.6,-5.303236484527588,-30.547706604003906
50.4972,9.9428,920.40625,2003.0,0.6994583270516471,1.5712228560005315e-05,-10.98,-75.85,-10.342876434326172,-74.29544830322266
53.8713,8.7058,4.7202148,1994.0,-0.2135209154397959,0.0001380937465,-5.28,-44.2,-6.418354511260986,-40.98352813720703
53.32,-60.42,46.541016,2010.0,0.2386727660059501,0.0,-20.71,-153.8,-19.89447593688965,-153.44699096679688
51.93,-10.25,33.068359,1994.0,-0.7236440382959123,3.090802056249231e-05,-5.83,-36.3,-6.732314109802246,-43.749393463134766
10.00036389,-84.10913333,1157.3125,2017.0,-0.7469720876965551,0.0,-3.015768167,-17.59661251,-6.414989471435547,-43.003211975097656
38.03333333,114.4166667,86.800781,2003.0,-0.2135209154397959,0.0,-8.9,-69.0,-7.914409160614014,-60.126197814941406
-0.649,-90.405,450.32812,2015.0,0.255353295116187,0.0,-1.43,-0.91,-1.9466614723205566,0.8647689819335938
42.025,35.15833333,61.443359,2012.0,0.6994583270516471,2.7539144866750576e-05,-11.49,-79.99,-9.463008880615234,-66.92581939697266
-75.58333333,-20.56666667,105.53516,1980.0,0.6994583270516471,2.391544318958983e-07,-16.19,-118.6,-16.657529830932617,-134.26547241210938
47.81666667,13.71777778,1616.0625,2020.0,-0.10310169744743544,0.0,-12.021,-81.6,-10.744443893432617,-77.6589126586914
4.05,114.81,27.053711,2010.0,-0.7176769136759615,0.0,-7.64,-47.48,-7.1605119705200195,-49.370277404785156
40.8203002,0.493333172,52.294922,2001.0,0.2386727660059501,1.3262932043289766e-05,-5.4,-39.5,-5.9898362159729,-36.973243713378906
46.60305556,13.67138889,2148.125,2002.0,0.5737722679043246,0.0,-11.21,-80.4,-8.712108612060547,-61.86328887939453
49.7703,9.9578,265.90625,1999.0,-0.9587178169872964,4.879492917098105e-05,-6.62,-45.7,-6.96059513092041,-47.361351013183594
48.22,11.59,494.59375,1991.0,0.29671281927349075,3.322630436741747e-05,-9.38,-66.6,-8.777530670166016,-61.184364318847656
51.93,-10.25,33.068359,2019.0,0.741222010848596,1.3623593986267224e-05,-5.33,-33.3,-5.690207004547119,-34.169166564941406
49.7478,6.6581,259.26562,1988.0,0.9721181966290613,1.3040709745837376e-05,-4.52,-34.9,-8.640691757202148,-60.03821563720703
38.66038889,-27.22009444,77.109375,1989.0,0.741222010848596,0.0002000652602873,-2.35,-11.1,-4.458937168121338,-22.646339416503906
54.5283,11.0603,1.9006348,2011.0,0.6994583270516471,1.734079523885157e-05,-5.28,-37.0,-9.78272819519043,-69.6037368774414
47.8008,11.0108,974.96875,1979.0,0.6994583270516471,0.0,-14.37,-104.3,-13.880250930786133,-103.9239273071289
-27.43,153.08,5.7802734,1974.0,-0.680773409477016,1.1006693966919556e-05,-4.49,-27.8,-1.9175477027893066,1.1372299194335938
10.30944444,-84.8075,1486.125,2004.0,-0.9997685019798909,0.000141074109706,-7.1,-44.0,-8.035547256469727,-63.41010284423828
49.0392,8.365,112.44141,2001.0,-0.9587178169872964,0.0,-7.67,-50.75,-6.880438327789307,-46.874977111816406
47.4828,11.0622,716.1875,1992.0,0.6994583270516471,9.937297363649122e-06,-14.83,-109.9,-13.880250930786133,-103.9239273071289
46.17378583,8.788556051,407.5,2008.0,0.6994583270516471,0.0,-14.23,-107.37,-11.524559020996094,-84.19303131103516
11.08305556,39.7175,1856.6875,2002.0,-0.2135209154397959,0.0,-0.53,13.31,-1.6894898414611816,3.2715072631835938
-34.05,115.0249,77.78125,2012.0,-0.32126966169236515,1.1732865914382271e-06,-1.49,-2.7,-3.4169068336486816,-12.894508361816406
-24.78,-65.4,1227.625,1985.0,-0.2884824328806098,0.0001432516000932,-3.5,-17.0,-3.953085422515869,-17.912330627441406
6.417169444,2.329255556,12.735352,2019.0,-0.9587178169872964,0.0,-3.83,-22.1,-3.7468628883361816,-15.982398986816406
36.846389,-2.356942,16.541016,2006.0,0.29671281927349075,0.0,-2.59,-14.54,-3.9166932106018066,-17.571754455566406
23.64,88.85,18.375977,2018.0,0.9760105506323683,0.0,-1.18,-0.8,-2.104361057281494,-0.6110610961914062
-40.68,144.69,82.167969,1998.0,-0.7236440382959123,2.830342282322817e-06,-0.29,6.1,-4.120489597320557,-19.478981018066406
38.03333333,114.4166667,86.800781,2000.0,-0.23030567023061196,0.0,-10.1,-69.0,-7.8953633308410645,-59.854469299316406
56.93604,24.09549,1.7421875,2016.0,-0.7116566222817751,6.120233592810109e-05,-14.11,-98.0,-10.524477005004883,-75.8165054321289
50.3119,11.8758,564.53125,2003.0,0.2386727660059501,0.0,-10.9,-81.7,-11.406902313232422,-83.20755767822266
10.25,-67.65,430.0,1964.0,0.7295575540864875,0.0001481761864852,-1.2,-35.4,-5.259565830230713,-30.139015197753906
38.98916547,-3.920273851,626.8125,2014.0,0.9510565162951535,9.678772585175466e-06,-4.16,-26.8,-6.328587055206299,-40.14344024658203
43.49111613,-3.800555816,50.095703,2006.0,-0.2135209154397959,1.6493337170686573e-05,-4.75,-29.58,-3.5479187965393066,-14.120582580566406
48.78,-123.13,148.02344,2009.0,0.741222010848596,3.843319791485556e-05,-13.18,-98.5,-12.007974624633789,-88.2420425415039
43.73238889,7.423583333,8.8959961,2012.0,0.6994583270516471,0.0,-10.91,-75.85,-6.074751377105713,-37.767921447753906
50.8325,15.14777778,828.84375,2015.0,-0.9587178169872964,0.0,-8.18,-49.9,-8.092052459716797,-55.442909240722656
42.58834633,-5.651107617,911.78125,2011.0,-0.9587178169872964,3.375299638719298e-05,-5.93,-42.5,-6.800802230834961,-44.46369934082031
46.72738634,8.186782163,600.90625,2019.0,-0.2135209154397959,0.0,-4.87,-30.78,-6.560587406158447,-42.314613342285156
