Lat,Lon,Alt,Year,JulianDay_Sin,ENSO,NAO,O18 A,H2 A,O18 P,H2 P
52.3,104.2833333,427.25,2011.0,0.29671281927349075,0.4,-1.28,-14.0,-111.2,-13.58233642578125,-98.18544006347656
52.3,104.2833333,427.25,2011.0,-0.2135209154397959,1.6,-1.51,-9.7,-74.1,-18.235218048095703,-135.08119201660156
52.3,104.2833333,427.25,2011.0,-0.680773409477016,0.7,-1.35,-14.2,-101.4,-12.847419738769531,-92.35780334472656
52.3,104.2833333,427.25,2011.0,-0.9587178169872964,1.7,0.54,-13.1,-108.0,-16.059101104736328,-117.82533264160156
52.3,104.2833333,427.25,2011.0,-0.9741004551724206,1.2,0.39,-17.3,-127.0,-15.410083770751953,-112.67884826660156
52.3,104.2833333,427.25,2011.0,-0.7236440382959123,1.8,1.36,-30.1,-224.1,-14.89468765258789,-108.59193420410156
52.3,104.2833333,427.25,2011.0,-0.2884824328806098,4.1,2.52,-27.3,-208.7,-21.20351791381836,-158.61878967285156
52.3,104.2833333,427.25,2012.0,0.2386727660059501,1.8,1.17,-29.0,-218.7,-20.105915069580078,-149.91517639160156
52.3,104.2833333,427.25,2012.0,0.6994583270516471,0.8,0.42,-26.4,-207.4,-18.71243667602539,-138.86537170410156
52.3,104.2833333,427.25,2012.0,0.2802306751992159,-0.7,-2.53,-10.0,-91.8,-13.014446258544922,-93.68226623535156
52.3,104.2833333,427.25,2012.0,-0.23030567023061196,-0.1,-1.32,-13.0,-100.8,-14.217037200927734,-103.21839904785156
52.3,104.2833333,427.25,2012.0,-0.6932812268869771,-0.3,-0.98,-11.0,-87.1,-17.03262710571289,-125.54505920410156
52.3,104.2833333,427.25,2012.0,-0.9634705485641486,0.4,-0.59,-15.0,-107.9,-15.410083770751953,-112.67884826660156
52.3,104.2833333,427.25,2012.0,-0.970063921851507,0.5,-2.06,-29.9,-225.5,-16.001834869384766,-117.37123107910156
52.3,104.2833333,427.25,2012.0,-0.7116566222817751,0.4,-0.58,-22.3,-165.9,-17.471668243408203,-129.02650451660156
52.3,104.2833333,427.25,2013.0,0.2386727660059501,-0.1,0.35,-29.2,-226.2,-17.64346694946289,-130.38880920410156
52.3,104.2833333,427.25,2013.0,0.6994583270516471,-0.4,-0.45,-30.7,-251.3,-17.08034896850586,-125.92347717285156
52.3,104.2833333,427.25,2013.0,0.9510565162951535,2.5,-1.61,-21.8,-169.2,-22.558818817138672,-169.36585998535156
52.3,104.2833333,427.25,2013.0,0.9760105506323683,0.4,0.69,-12.6,-86.7,-20.69766616821289,-154.60755920410156
52.3,104.2833333,427.25,2013.0,0.741222010848596,1.3,0.57,-12.8,-103.1,-20.66903305053711,-154.38050842285156
52.3,104.2833333,427.25,2013.0,0.29671281927349075,2.0,0.52,-12.7,-99.7,-20.39224624633789,-152.18568420410156
52.3,104.2833333,427.25,2013.0,-0.2135209154397959,1.3,0.67,-12.2,-103.6,-17.87253189086914,-132.20521545410156
52.3,104.2833333,427.25,2013.0,-0.680773409477016,0.3,0.97,-10.9,-86.0,-14.951953887939453,-109.04603576660156
52.3,104.2833333,427.25,2013.0,-0.9587178169872964,0.5,0.24,-15.7,-117.2,-15.305095672607422,-111.84632873535156
52.3,104.2833333,427.25,2013.0,-0.9741004551724206,-0.1,-1.28,-16.3,-120.7,-15.467350006103516,-113.13294982910156
52.3,104.2833333,427.25,2014.0,-0.2884824328806098,-0.9,1.86,-29.6,-230.5,-15.085575103759766,-110.10560607910156
52.3,104.2833333,427.25,2015.0,0.2386727660059501,-1.4,1.79,-27.6,-215.2,-15.104663848876953,-110.25697326660156
52.3,104.2833333,427.25,2015.0,0.6994583270516471,0.4,1.32,-25.9,-211.2,-18.674259185791016,-138.56263732910156
52.3,104.2833333,427.25,2015.0,0.9510565162951535,-1.2,1.45,-21.7,-175.3,-19.37099838256836,-144.08753967285156
52.3,104.2833333,427.25,2015.0,0.9760105506323683,-0.1,0.73,-15.3,-112.3,-19.44735336303711,-144.69300842285156
52.3,104.2833333,427.25,2015.0,0.741222010848596,-1.2,0.15,-10.7,-84.6,-17.013538360595703,-125.39369201660156
52.3,104.2833333,427.25,2015.0,0.29671281927349075,-0.9,-0.07,-14.3,-107.2,-17.03262710571289,-125.54505920410156
52.3,104.2833333,427.25,2015.0,-0.2135209154397959,-1.9,-3.18,-9.4,-61.8,-20.869464874267578,-155.96986389160156
52.3,104.2833333,427.25,2015.0,-0.680773409477016,-2.4,-0.76,-12.1,-85.6,-18.216129302978516,-134.92982482910156
52.3,104.2833333,427.25,2015.0,-0.9587178169872964,-2.7,-0.65,-16.3,-127.3,-15.467350006103516,-113.13294982910156
52.3,104.2833333,427.25,2015.0,-0.9741004551724206,-2.8,0.44,-20.7,-158.7,-15.457805633544922,-113.05726623535156
52.3,104.2833333,427.25,2015.0,-0.7236440382959123,-0.8,1.74,-21.3,-169.8,-14.78969955444336,-107.75941467285156
52.3,104.2833333,427.25,2015.0,-0.2884824328806098,-0.9,2.24,-25.5,-201.8,-15.01876449584961,-109.57582092285156
52.3,104.2833333,427.25,2016.0,0.2386727660059501,-3.6,0.12,-33.8,-269.6,-22.596996307373047,-169.66859436035156
52.3,104.2833333,427.25,2016.0,0.6994583270516471,-3.2,1.58,-26.1,-209.1,-20.611766815185547,-153.92640686035156
52.3,104.2833333,427.25,2016.0,0.9562348265919056,-0.1,0.73,-26.0,-202.9,-19.62869644165039,-146.13099670410156
52.3,104.2833333,427.25,2016.0,0.9721181966290613,-2.0,0.38,-12.5,-102.1,-18.674259185791016,-138.56263732910156
52.3,104.2833333,427.25,2016.0,0.7295575540864875,0.7,-0.77,-16.4,-124.2,-18.368839263916016,-136.14076232910156
52.3,104.2833333,427.25,2016.0,0.2802306751992159,1.1,-0.43,-12.4,-103.6,-17.824810028076172,-131.82679748535156
52.3,104.2833333,427.25,2016.0,-0.23030567023061196,0.7,-1.76,-10.9,-82.7,-13.477348327636719,-97.35292053222656
52.3,104.2833333,427.25,2016.0,-0.6932812268869771,1.2,-1.65,-12.1,-89.8,-12.14590835571289,-86.79505920410156
52.3,104.2833333,427.25,2016.0,-0.9634705485641486,2.0,0.61,-14.6,-109.1,-16.173633575439453,-118.73353576660156
52.3,104.2833333,427.25,2016.0,-0.970063921851507,-0.4,0.41,-27.5,-202.8,-15.27646255493164,-111.61927795410156
52.3,104.2833333,427.25,2016.0,-0.7116566222817751,-0.2,-0.16,-27.8,-210.5,-16.746295928955078,-123.27455139160156
52.3,104.2833333,427.25,2016.0,-0.27195815753410524,0.5,0.48,-26.4,-201.1,-16.984905242919922,-125.16664123535156
52.3,104.2833333,427.25,2012.0,-0.27195815753410524,-1.0,0.17,-35.1,-262.7,-16.984905242919922,-125.16664123535156
52.3,104.2833333,427.25,2017.0,0.9510565162951535,1.5,0.74,-17.6,-126.8,-20.659488677978516,-154.30482482910156
52.3,104.2833333,427.25,2017.0,0.9760105506323683,-0.3,1.73,-20.9,-152.0,-19.485530853271484,-144.99574279785156
52.3,104.2833333,427.25,2017.0,0.2386727660059501,0.3,0.48,-30.3,-230.6,-17.633922576904297,-130.31312561035156
52.3,104.2833333,427.25,2017.0,0.6994583270516471,-0.1,1.0,-25.9,-194.9,-18.426105499267578,-136.59486389160156
47.54260867,7.58371693,304.73438,2004.0,0.2386727660059501,-2.2,-0.29,-11.9,-88.50962751,-14.159770965576172,-102.76429748535156
47.54260867,7.58371693,304.73438,2004.0,0.6994583270516471,2.0,-0.14,-9.88,-66.74413536,-10.093868255615234,-70.52308654785156
47.54260867,7.58371693,304.73438,2004.0,0.9562348265919056,0.7,1.02,-9.69,-71.5587575,-8.95570182800293,-61.49781799316406
47.54260867,7.58371693,304.73438,2004.0,0.9721181966290613,-1.5,1.15,-6.1,-40.66799847,-9.30645751953125,-64.27919006347656
47.54260867,7.58371693,304.73438,2004.0,0.7295575540864875,1.7,0.19,-7.01,-50.25006643,-9.950702667236328,-69.38783264160156
47.54260867,7.58371693,304.73438,2004.0,0.2802306751992159,-1.4,-0.89,-7.21,-53.83051048,-7.6171040534973145,-50.88319396972656
47.54260867,7.58371693,304.73438,2004.0,-0.23030567023061196,-0.8,1.13,-5.49,-34.72560691,-8.683687210083008,-59.34083557128906
47.54260867,7.58371693,304.73438,2004.0,-0.6932812268869771,-0.5,-0.48,-4.8,-31.50057387,-8.132499694824219,-54.97010803222656
47.54260867,7.58371693,304.73438,2004.0,-0.9634705485641486,-0.6,0.38,-4.92,-31.38678091,-7.528818607330322,-50.18312072753906
47.54260867,7.58371693,304.73438,2004.0,-0.970063921851507,-0.1,-1.1,-10.75,-76.42100974,-9.060689926147461,-62.33033752441406
47.54260867,7.58371693,304.73438,2004.0,-0.7116566222817751,-1.1,0.73,-10.49,-75.39648751,-11.272598266601562,-79.87001037597656
47.54260867,7.58371693,304.73438,2004.0,-0.27195815753410524,-1.3,1.21,-13.22,-98.71358212,-9.907752990722656,-69.04725646972656
47.54260867,7.58371693,304.73438,2005.0,0.2386727660059501,0.6,1.52,-6.66,-42.77138547,-10.07000732421875,-70.33387756347656
47.54260867,7.58371693,304.73438,2005.0,0.6994583270516471,-5.2,-0.06,-15.78,-115.1328526,-13.840034484863281,-100.22889709472656
47.54260867,7.58371693,304.73438,2005.0,0.9510565162951535,0.5,-1.83,-8.02,-59.70485452,-8.762428283691406,-59.96522521972656
47.54260867,7.58371693,304.73438,2005.0,0.9760105506323683,-1.0,-0.3,-8.51,-58.19910378,-10.074779510498047,-70.37171936035156
47.54260867,7.58371693,304.73438,2005.0,0.741222010848596,-1.3,-1.25,-6.95,-48.05079866,-8.581085205078125,-58.52723693847656
47.54260867,7.58371693,304.73438,2005.0,0.29671281927349075,0.7,-0.05,-5.24,-32.64544918,-9.540294647216797,-66.13343811035156
47.54260867,7.58371693,304.73438,2005.0,-0.2135209154397959,0.3,-0.51,-5.67,-37.45673818,-7.989334583282471,-53.83485412597656
47.54260867,7.58371693,304.73438,2005.0,-0.680773409477016,-0.6,0.37,-6.33,-43.03745941,-7.361792087554932,-48.85865783691406
47.54260867,7.58371693,304.73438,2005.0,-0.9587178169872964,0.6,0.63,-9.610421834,-68.63931346,-7.51688814163208,-50.08851623535156
47.54260867,7.58371693,304.73438,2005.0,-0.9741004551724206,2.0,-0.98,-6.38,-42.73606861,-9.098867416381836,-62.63307189941406
47.54260867,7.58371693,304.73438,2005.0,-0.7236440382959123,-0.3,-0.31,-14.2,-103.3116898,-10.251350402832031,-71.77186584472656
47.54260867,7.58371693,304.73438,2005.0,-0.2884824328806098,-0.0,-0.44,-10.79,-78.0619552,-7.972631931304932,-53.70240783691406
47.54260867,7.58371693,304.73438,2006.0,0.2386727660059501,2.7,1.27,-10.39,-75.03694923,-10.489959716796875,-73.66395568847656
47.54260867,7.58371693,304.73438,2006.0,0.6994583270516471,0.2,-0.51,-11.52,-90.29273588,-10.003196716308594,-69.80409240722656
47.54260867,7.58371693,304.73438,2006.0,0.9510565162951535,2.9,-1.28,-11.23849183,-82.68571664,-12.370201110839844,-88.57362365722656
47.54260867,7.58371693,304.73438,2006.0,0.9760105506323683,1.8,1.24,-10.61,-76.08191291,-8.922296524047852,-61.23292541503906
47.54260867,7.58371693,304.73438,2006.0,0.741222010848596,-0.8,-1.14,-8.47,-60.27743553,-8.779130935668945,-60.09767150878906
47.54260867,7.58371693,304.73438,2006.0,0.29671281927349075,-0.4,0.84,-4.08,-26.00399436,-9.15374755859375,-63.06825256347656
47.54260867,7.58371693,304.73438,2006.0,-0.2135209154397959,-1.0,0.9,-3.64,-26.43863597,-9.206241607666016,-63.48451232910156
47.54260867,7.58371693,304.73438,2006.0,-0.680773409477016,-1.7,-1.73,-8.43,-60.3623681,-8.411672592163086,-57.18385314941406
47.54260867,7.58371693,304.73438,2006.0,-0.9587178169872964,-1.0,-1.62,-7.78,-53.80678357,-8.979562759399414,-61.68702697753906
47.54260867,7.58371693,304.73438,2006.0,-0.9741004551724206,-2.1,-2.24,-6.51,-49.6066388,-8.285209655761719,-56.18104553222656
47.54260867,7.58371693,304.73438,2006.0,-0.7236440382959123,0.1,0.44,-9.18,-67.40884533,-10.046146392822266,-70.14466857910156
47.54260867,7.58371693,304.73438,2006.0,-0.2884824328806098,-0.5,1.34,-11.11,-83.72738599,-8.831624984741211,-60.51393127441406
47.54260867,7.58371693,304.73438,2007.0,0.2386727660059501,-1.3,0.22,-12.87,-93.4449454,-8.733795166015625,-59.73817443847656
47.54260867,7.58371693,304.73438,2007.0,0.6994583270516471,-0.1,-0.47,-9.46,-71.36453487,-10.012741088867188,-69.87977600097656
47.54260867,7.58371693,304.73438,2007.0,0.9510565162951535,0.3,1.44,-12.11,-89.32212676,-9.089323043823242,-62.55738830566406
47.54260867,7.58371693,304.73438,2007.0,0.741222010848596,-0.2,0.66,-7.87,-56.86635214,-9.36849594116211,-64.77113342285156
47.54260867,7.58371693,304.73438,2007.0,0.29671281927349075,0.9,-1.31,-6.28,-44.71481808,-7.306911945343018,-48.42347717285156
47.54260867,7.58371693,304.73438,2007.0,-0.2135209154397959,-0.5,-0.58,-6.05,-43.8169477,-8.819694519042969,-60.41932678222656
47.54260867,7.58371693,304.73438,2007.0,-0.680773409477016,0.7,-0.14,-6.87,-44.13363048,-7.383266925811768,-49.02894592285156
47.54260867,7.58371693,304.73438,2007.0,-0.9587178169872964,0.3,0.72,-6.87,-44.13363048,-7.504957675933838,-49.99391174316406
47.54260867,7.58371693,304.73438,2007.0,-0.9741004551724206,1.2,0.45,-8.99,-60.35032291,-7.550293445587158,-50.35340881347656
47.54260867,7.58371693,304.73438,2007.0,-0.7236440382959123,1.4,0.58,-10.78,-79.00926983,-10.633125305175781,-74.79920959472656
47.54260867,7.58371693,304.73438,2007.0,-0.2884824328806098,2.7,0.34,-8.37,-57.9994607,-10.189311981201172,-71.27992248535156
47.54260867,7.58371693,304.73438,2008.0,0.2386727660059501,2.9,0.89,-10.4,-82.10126519,-10.714252471923828,-75.44252014160156
47.54260867,7.58371693,304.73438,2008.0,0.6994583270516471,4.4,0.73,-8.5,-62.00643014,-10.170223236083984,-71.12855529785156
47.54260867,7.58371693,304.73438,2008.0,0.9562348265919056,2.4,0.08,-7.88,-58.24612426,-9.282596588134766,-64.08998107910156
47.54260867,7.58371693,304.73438,2008.0,0.9721181966290613,1.1,-1.07,-10.73,-81.57874164,-9.821853637695312,-68.36610412597656
47.54260867,7.58371693,304.73438,2008.0,0.7295575540864875,-0.1,-1.73,-6.26,-47.19478668,-8.05375862121582,-54.34571838378906
47.54260867,7.58371693,304.73438,2008.0,0.2802306751992159,1.0,-1.39,-6.51,-47.19496585,-7.576540470123291,-50.56153869628906
47.54260867,7.58371693,304.73438,2008.0,-0.23030567023061196,0.5,-1.27,-4.36,-26.28930766,-6.049440860748291,-38.45216369628906
47.54260867,7.58371693,304.73438,2008.0,-0.6932812268869771,1.7,-1.16,-4.6,-29.45637813,-10.089096069335938,-70.48524475097656
47.54260867,7.58371693,304.73438,2008.0,-0.9634705485641486,2.0,1.02,-8.79,-61.24115279,-7.781744480133057,-52.18873596191406
47.54260867,7.58371693,304.73438,2008.0,-0.970063921851507,2.1,-0.04,-12.8,-91.96888229,-8.256576538085938,-55.95399475097656
47.54260867,7.58371693,304.73438,2008.0,-0.7116566222817751,2.2,-0.32,-12.09,-89.88374997,-11.239192962646484,-79.60511779785156
47.54260867,7.58371693,304.73438,2008.0,-0.27195815753410524,2.4,-0.28,-17.57,-134.4502205,-10.05569076538086,-70.22035217285156
47.54260867,7.58371693,304.73438,2009.0,0.2386727660059501,1.8,-0.01,-10.26,-78.8,-10.781063079833984,-75.97230529785156
47.54260867,7.58371693,304.73438,2009.0,0.6994583270516471,3.1,0.06,-13.21,-99.3,-10.23703384399414,-71.65834045410156
47.54260867,7.58371693,304.73438,2009.0,0.9510565162951535,0.7,0.57,-11.63,-84.9,-9.15374755859375,-63.06825256347656
47.54260867,7.58371693,304.73438,2009.0,0.9760105506323683,1.3,-0.2,-6.23,-47.0,-10.122501373291016,-70.75013732910156
47.54260867,7.58371693,304.73438,2009.0,0.741222010848596,-0.2,1.68,-4.26,-27.1,-9.03205680847168,-62.10328674316406
47.54260867,7.58371693,304.73438,2009.0,0.29671281927349075,0.2,-1.21,-5.9,-44.9,-6.091197490692139,-38.78327941894531
47.54260867,7.58371693,304.73438,2009.0,-0.2135209154397959,0.4,-2.15,-4.42,-25.9,-6.585118770599365,-42.69990539550781
47.54260867,7.58371693,304.73438,2009.0,-0.680773409477016,-0.3,-0.19,-6.51,-44.1,-7.3116841316223145,-48.46131896972656
47.54260867,7.58371693,304.73438,2009.0,-0.9587178169872964,0.5,1.51,-5.48,-34.6,-7.228170871734619,-47.79908752441406
47.54260867,7.58371693,304.73438,2009.0,-0.9741004551724206,-2.0,-1.03,-7.89,-55.9,-8.9246826171875,-61.25184631347656
47.54260867,7.58371693,304.73438,2009.0,-0.7236440382959123,-1.0,-0.02,-13.82,-102.4,-10.270439147949219,-71.92323303222656
47.54260867,7.58371693,304.73438,2009.0,-0.2884824328806098,-1.2,-1.93,-12.32,-90.3,-14.083415985107422,-102.15882873535156
47.54260867,7.58371693,304.73438,2010.0,0.2386727660059501,-1.8,-1.11,-15.69,-117.4,-12.8951416015625,-92.73622131347656
47.54260867,7.58371693,304.73438,2010.0,0.6994583270516471,-2.4,-1.98,-12.81,-99.3,-15.877758026123047,-116.38734436035156
47.54260867,7.58371693,304.73438,2010.0,0.9510565162951535,-1.1,-0.88,-12.5,-93.0,-10.155906677246094,-71.01502990722656
47.54260867,7.58371693,304.73438,2010.0,0.9760105506323683,2.0,-0.72,-8.52,-58.8,-9.926841735839844,-69.19862365722656
47.54260867,7.58371693,304.73438,2010.0,0.741222010848596,1.5,-1.49,-8.21,-58.2,-8.027511596679688,-54.13758850097656
47.54260867,7.58371693,304.73438,2010.0,0.29671281927349075,0.6,-0.82,-8.71,-61.9,-7.7149338722229,-51.65895080566406
47.54260867,7.58371693,304.73438,2010.0,-0.2135209154397959,3.0,-0.42,-5.8,-40.2,-10.05569076538086,-70.22035217285156
47.54260867,7.58371693,304.73438,2010.0,-0.680773409477016,3.0,-1.22,-8.4,-60.2,-10.093868255615234,-70.52308654785156
47.54260867,7.58371693,304.73438,2010.0,-0.9587178169872964,3.7,-0.79,-7.12,-48.8,-9.339862823486328,-64.54408264160156
47.54260867,7.58371693,304.73438,2010.0,-0.9741004551724206,2.9,-0.93,-10.1,-72.0,-8.65028190612793,-59.07594299316406
47.54260867,7.58371693,304.73438,2010.0,-0.7236440382959123,2.1,-1.62,-15.21,-112.6,-11.58279037475586,-82.32972717285156
47.54260867,7.58371693,304.73438,2010.0,-0.2884824328806098,4.8,-1.85,-14.44,-105.9,-14.598812103271484,-106.24574279785156
47.54260867,7.58371693,304.73438,2011.0,0.2386727660059501,3.8,-0.88,-10.25,-76.7,-10.532909393310547,-74.00453186035156
47.54260867,7.58371693,304.73438,2011.0,0.6994583270516471,4.5,0.7,-12.45,-92.0,-10.170223236083984,-71.12855529785156
47.54260867,7.58371693,304.73438,2011.0,0.9510565162951535,4.2,0.61,-9.17,-69.4,-9.874347686767578,-68.78236389160156
47.54260867,7.58371693,304.73438,2011.0,0.9760105506323683,3.1,2.48,-5.43,-37.3,-8.287595748901367,-56.19996643066406
47.54260867,7.58371693,304.73438,2011.0,0.741222010848596,0.6,-0.06,-5.61,-36.5,-9.974563598632812,-69.57704162597656
47.54260867,7.58371693,304.73438,2011.0,0.29671281927349075,0.4,-1.28,-5.81,-38.2,-6.161587238311768,-39.34144592285156
47.54260867,7.58371693,304.73438,2011.0,-0.2135209154397959,1.6,-1.51,-6.6,-42.1,-9.196697235107422,-63.40882873535156
47.54260867,7.58371693,304.73438,2011.0,-0.680773409477016,0.7,-1.35,-5.64,-39.6,-6.236749172210693,-39.93745422363281
47.54260867,7.58371693,304.73438,2011.0,-0.9587178169872964,1.7,0.54,-5.39,-34.7,-7.612331867218018,-50.84535217285156
47.54260867,7.58371693,304.73438,2011.0,-0.9741004551724206,1.2,0.39,-9.76,-69.2,-7.5574517250061035,-50.41017150878906
47.54260867,7.58371693,304.73438,2011.0,-0.2884824328806098,4.1,2.52,-9.34,-65.6,-10.962406158447266,-77.41029357910156
47.54260867,7.58371693,304.73438,2012.0,0.2386727660059501,1.8,1.17,-10.04,-70.4,-10.929000854492188,-77.14540100097656
47.54260867,7.58371693,304.73438,2012.0,0.6994583270516471,0.8,0.42,-15.68,-117.5,-10.203628540039062,-71.39344787597656
47.54260867,7.58371693,304.73438,2012.0,0.9562348265919056,1.2,1.27,-9.38,-68.4,-9.115570068359375,-62.76551818847656
47.54260867,7.58371693,304.73438,2012.0,0.9721181966290613,-0.4,0.47,-8.08,-56.7,-9.268280029296875,-63.97645568847656
47.54260867,7.58371693,304.73438,2012.0,0.7295575540864875,0.1,-0.91,-6.23,-44.0,-9.573699951171875,-66.39833068847656
47.54260867,7.58371693,304.73438,2012.0,0.2802306751992159,-0.7,-2.53,-6.6,-46.2,-5.864518642425537,-36.98579406738281
47.54260867,7.58371693,304.73438,2012.0,-0.23030567023061196,-0.1,-1.32,-5.32,-32.6,-5.698685169219971,-35.67079162597656
47.54260867,7.58371693,304.73438,2012.0,-0.6932812268869771,-0.3,-0.98,-5.84,-37.5,-7.36417818069458,-48.87757873535156
47.54260867,7.58371693,304.73438,2012.0,-0.9634705485641486,0.4,-0.59,-5.62,-37.2,-8.378267288208008,-56.91896057128906
47.54260867,7.58371693,304.73438,2012.0,-0.970063921851507,0.5,-2.06,-10.79,-77.4,-8.812536239624023,-60.36256408691406
47.54260867,7.58371693,304.73438,2012.0,-0.7116566222817751,0.4,-0.58,-12.91,-96.4,-9.950702667236328,-69.38783264160156
47.54260867,7.58371693,304.73438,2013.0,0.2386727660059501,-0.1,0.35,-13.28,-99.0,-9.2301025390625,-63.67372131347656
47.54260867,7.58371693,304.73438,2013.0,0.6994583270516471,-0.4,-0.45,-13.94,-101.5,-10.00796890258789,-69.84193420410156
47.54260867,7.58371693,304.73438,2013.0,0.9510565162951535,2.5,-1.61,-13.26,-97.4,-14.045238494873047,-101.85609436035156
47.54260867,7.58371693,304.73438,2013.0,0.9760105506323683,0.4,0.69,-8.88,-64.1,-9.029670715332031,-62.08436584472656
47.54260867,7.58371693,304.73438,2013.0,0.741222010848596,1.3,0.57,-9.26,-67.8,-9.349407196044922,-64.61976623535156
47.54260867,7.58371693,304.73438,2013.0,0.29671281927349075,2.0,0.52,-7.45,-50.8,-10.909912109375,-76.99403381347656
47.54260867,7.58371693,304.73438,2013.0,-0.2135209154397959,1.3,0.67,-6.98,-49.4,-9.93161392211914,-69.23646545410156
47.54260867,7.58371693,304.73438,2013.0,-0.680773409477016,0.3,0.97,-5.54,-34.8,-6.748566150665283,-43.99598693847656
47.54260867,7.58371693,304.73438,2013.0,-0.9587178169872964,0.5,0.24,-6.81,-43.0,-7.543135166168213,-50.29664611816406
47.54260867,7.58371693,304.73438,2013.0,-0.9741004551724206,-0.1,-1.28,-8.19,-59.0,-9.034442901611328,-62.12220764160156
47.54260867,7.58371693,304.73438,2013.0,-0.7236440382959123,1.2,0.9,-13.15,-96.3,-10.074779510498047,-70.37171936035156
47.54260867,7.58371693,304.73438,2013.0,-0.2884824328806098,0.1,0.95,-17.77,-137.7,-8.967632293701172,-61.59242248535156
47.54260867,7.58371693,304.73438,2014.0,0.2386727660059501,2.4,0.29,-11.27,-85.7,-10.857418060302734,-76.57777404785156
47.54260867,7.58371693,304.73438,2014.0,0.6994583270516471,0.1,1.34,-11.26,-82.7,-10.079551696777344,-70.40956115722656
47.54260867,7.58371693,304.73438,2014.0,0.9510565162951535,-1.5,0.8,-9.36,-71.0,-9.311229705810547,-64.31703186035156
47.54260867,7.58371693,304.73438,2014.0,0.9760105506323683,1.3,0.31,-8.42,-65.1,-9.616649627685547,-66.73890686035156
47.54260867,7.58371693,304.73438,2014.0,0.741222010848596,0.9,-0.92,-7.08,-49.1,-9.616649627685547,-66.73890686035156
47.54260867,7.58371693,304.73438,2014.0,0.29671281927349075,0.3,-0.97,-4.38,-24.7,-6.339351177215576,-40.75105285644531
47.54260867,7.58371693,304.73438,2014.0,-0.2135209154397959,-0.3,0.18,-7.23,-50.2,-8.216012954711914,-55.63233947753906
47.54260867,7.58371693,304.73438,2014.0,-0.680773409477016,-1.2,-1.68,-5.16,-37.1,-8.366336822509766,-56.82435607910156
47.54260867,7.58371693,304.73438,2014.0,-0.9587178169872964,-1.2,1.62,-7.54,-51.5,-7.125568866729736,-46.98548889160156
47.54260867,7.58371693,304.73438,2014.0,-0.9741004551724206,-1.0,-1.27,-6.14,-39.7,-9.03205680847168,-62.10328674316406
47.54260867,7.58371693,304.73438,2014.0,-0.7236440382959123,-1.5,0.68,-18.94,-143.9,-11.35372543334961,-80.51332092285156
47.54260867,7.58371693,304.73438,2014.0,-0.2884824328806098,-0.9,1.86,-12.78,-92.6,-10.079551696777344,-70.40956115722656
47.54260867,7.58371693,304.73438,2015.0,0.2386727660059501,-1.4,1.79,-13.96,-103.8,-10.547225952148438,-74.11805725097656
47.54260867,7.58371693,304.73438,2015.0,0.6994583270516471,0.4,1.32,-12.02,-92.5,-9.864803314208984,-68.70668029785156
47.54260867,7.58371693,304.73438,2015.0,0.9510565162951535,-1.2,1.45,-8.85,-68.0,-9.039215087890625,-62.16004943847656
47.54260867,7.58371693,304.73438,2015.0,0.9760105506323683,-0.1,0.73,-10.12,-75.1,-8.974790573120117,-61.64918518066406
47.54260867,7.58371693,304.73438,2015.0,0.741222010848596,-1.2,0.15,-9.68,-72.3,-9.950702667236328,-69.38783264160156
47.54260867,7.58371693,304.73438,2015.0,0.29671281927349075,-0.9,-0.07,-6.6,-44.3,-6.314297199249268,-40.55238342285156
47.54260867,7.58371693,304.73438,2015.0,-0.2135209154397959,-1.9,-3.18,-3.4,-26.4,-5.930136203765869,-37.50611877441406
47.54260867,7.58371693,304.73438,2015.0,-0.680773409477016,-2.4,-0.76,-4.55,-30.0,-7.33315896987915,-48.63160705566406
47.54260867,7.58371693,304.73438,2015.0,-0.9587178169872964,-2.7,-0.65,-8.48,-62.9,-8.40451431274414,-57.12709045410156
47.54260867,7.58371693,304.73438,2015.0,-0.9741004551724206,-2.8,0.44,-10.96,-79.1,-8.488027572631836,-57.78932189941406
47.54260867,7.58371693,304.73438,2015.0,-0.7236440382959123,-0.8,1.74,-12.41,-93.4,-10.609264373779297,-74.61000061035156
47.54260867,7.58371693,304.73438,2015.0,-0.2884824328806098,-0.9,2.24,-7.68,-53.2,-10.318161010742188,-72.30165100097656
47.54260867,7.58371693,304.73438,2016.0,0.2386727660059501,-3.6,0.12,-14.0,-105.2,-14.016605377197266,-101.62904357910156
47.54260867,7.58371693,304.73438,2016.0,0.6994583270516471,-3.2,1.58,-11.95,-87.3,-10.900367736816406,-76.91835021972656
47.54260867,7.58371693,304.73438,2016.0,0.9562348265919056,-0.1,0.73,-12.39,-95.3,-8.943771362304688,-61.40321350097656
47.54260867,7.58371693,304.73438,2016.0,0.9721181966290613,-2.0,0.38,-8.98,-61.1,-9.984107971191406,-69.65272521972656
47.54260867,7.58371693,304.73438,2016.0,0.7295575540864875,0.7,-0.77,-8.58,-60.4,-9.76458740234375,-67.91200256347656
47.54260867,7.58371693,304.73438,2016.0,0.2802306751992159,1.1,-0.43,-8.78,-65.1,-9.850486755371094,-68.59315490722656
47.54260867,7.58371693,304.73438,2016.0,-0.23030567023061196,0.7,-1.76,-4.3,-27.7,-6.230783939361572,-39.89015197753906
47.54260867,7.58371693,304.73438,2016.0,-0.6932812268869771,1.2,-1.65,-5.1,-30.8,-6.7771992683410645,-44.22303771972656
47.54260867,7.58371693,304.73438,2016.0,-0.9634705485641486,2.0,0.61,-8.52,-58.2,-8.063302993774414,-54.42140197753906
47.54260867,7.58371693,304.73438,2016.0,-0.970063921851507,-0.4,0.41,-8.74,-59.1,-7.5192742347717285,-50.10743713378906
47.54260867,7.58371693,304.73438,2016.0,-0.7116566222817751,-0.2,-0.16,-10.19,-71.1,-10.093868255615234,-70.52308654785156
47.54260867,7.58371693,304.73438,2016.0,-0.27195815753410524,0.5,0.48,-8.56,-60.4,-9.029670715332031,-62.08436584472656
47.54260867,7.58371693,304.73438,2018.0,0.2386727660059501,1.8,1.44,-8.8,-62.8,-10.766746520996094,-75.85877990722656
47.54260867,7.58371693,304.73438,2018.0,-0.2884824328806098,1.7,0.61,-9.0,-64.5,-9.945930480957031,-69.34999084472656
47.54260867,7.58371693,304.73438,2019.0,0.2386727660059501,-0.1,0.59,-9.85,-68.46,-9.483028411865234,-65.67933654785156
47.54260867,7.58371693,304.73438,2019.0,0.6994583270516471,-2.3,0.29,-15.46,-118.68,-13.41530990600586,-96.86097717285156
47.54260867,7.58371693,304.73438,2020.0,-0.23030567023061196,0.7,-1.23,-3.66,-25.74,-5.776233196258545,-36.28572082519531
47.54260867,7.58371693,304.73438,2012.0,-0.27195815753410524,-1.0,0.17,-11.73,-85.6,-11.20101547241211,-79.30238342285156
47.54260867,7.58371693,304.73438,2017.0,0.9510565162951535,1.5,0.74,-9.33,-66.0,-8.960474014282227,-61.53565979003906
47.54260867,7.58371693,304.73438,2017.0,0.741222010848596,0.4,-1.91,-7.14,-49.1,-8.101480484008789,-54.72413635253906
47.54260867,7.58371693,304.73438,2017.0,0.29671281927349075,-0.7,0.05,-5.69,-40.6,-6.5540995597839355,-42.45393371582031
47.54260867,7.58371693,304.73438,2017.0,-0.2135209154397959,1.3,1.26,-4.01,-28.8,-10.08432388305664,-70.44740295410156
47.54260867,7.58371693,304.73438,2017.0,-0.680773409477016,0.9,-1.1,-5.25,-34.0,-6.085232257843018,-38.73597717285156
47.54260867,7.58371693,304.73438,2017.0,-0.9587178169872964,1.0,-0.61,-8.91,-63.1,-8.526205062866211,-58.09205627441406
47.54260867,7.58371693,304.73438,2017.0,-0.9741004551724206,1.5,0.19,-5.6,-36.3,-7.736408710479736,-51.82923889160156
47.54260867,7.58371693,304.73438,2018.0,0.9510565162951535,2.4,-0.93,-11.85,-91.1,-9.969791412353516,-69.53919982910156
47.54260867,7.58371693,304.73438,2018.0,0.9760105506323683,0.8,1.24,-6.42,-47.1,-9.020126342773438,-62.00868225097656
47.54260867,7.58371693,304.73438,2018.0,0.741222010848596,0.6,2.12,-6.47,-42.0,-8.819694519042969,-60.41932678222656
47.54260867,7.58371693,304.73438,2018.0,0.29671281927349075,-0.2,1.09,-5.85,-38.7,-9.683460235595703,-67.26869201660156
47.54260867,7.58371693,304.73438,2018.0,-0.2135209154397959,0.4,1.39,-6.77,-45.3,-9.055917739868164,-62.29249572753906
47.54260867,7.58371693,304.73438,2018.0,-0.680773409477016,-0.5,1.97,-5.39,-33.1,-7.156588077545166,-47.23146057128906
47.54260867,7.58371693,304.73438,2018.0,-0.9587178169872964,-1.5,1.67,-4.56,-29.4,-7.003878116607666,-46.02052307128906
47.54260867,7.58371693,304.73438,2018.0,-0.9741004551724206,0.6,0.93,-16.23,-119.1,-7.4429192543029785,-49.50196838378906
47.54260867,7.58371693,304.73438,2019.0,0.741222010848596,-0.7,-2.62,-8.46,-60.31,-7.855713367462158,-52.77528381347656
47.54260867,7.58371693,304.73438,2019.0,0.29671281927349075,-0.7,-1.09,-5.55,-35.23,-6.687720775604248,-43.51350402832031
47.54260867,7.58371693,304.73438,2019.0,-0.2135209154397959,-0.6,-1.43,-5.65,-38.0,-6.989561557769775,-45.90699768066406
47.54260867,7.58371693,304.73438,2019.0,-0.680773409477016,-0.2,-1.17,-5.4,-34.87,-5.782198429107666,-36.33302307128906
47.54260867,7.58371693,304.73438,2019.0,-0.9587178169872964,-1.9,-0.16,-8.7,-60.16,-7.609945774078369,-50.82643127441406
47.54260867,7.58371693,304.73438,2019.0,-0.9741004551724206,-0.6,-1.41,-7.43,-49.5,-8.922296524047852,-61.23292541503906
47.54260867,7.58371693,304.73438,2019.0,-0.7236440382959123,-1.4,0.28,-11.57,-86.48,-10.322933197021484,-72.33949279785156
47.54260867,7.58371693,304.73438,2020.0,0.6994583270516471,-0.1,1.26,-6.89,-46.73,-9.635738372802734,-66.89027404785156
47.54260867,7.58371693,304.73438,2020.0,0.9562348265919056,-0.2,1.01,-7.18,-50.55,-8.793447494506836,-60.21119689941406
47.54260867,7.58371693,304.73438,2020.0,0.9721181966290613,0.3,-1.02,-6.17,-49.37,-8.65028190612793,-59.07594299316406
47.54260867,7.58371693,304.73438,2020.0,0.7295575540864875,0.7,-0.41,-6.04,-37.39,-9.296913146972656,-64.20350646972656
47.54260867,7.58371693,304.73438,2020.0,0.2802306751992159,-0.6,-0.15,-5.9,-40.35,-6.026772975921631,-38.27241516113281
47.54260867,7.58371693,304.73438,2020.0,-0.6932812268869771,1.8,0.12,-5.98,-40.57,-9.187152862548828,-63.33314514160156
47.54260867,7.58371693,304.73438,2020.0,-0.9634705485641486,1.5,0.98,-7.38,-49.3,-7.423830509185791,-49.35060119628906
47.54260867,7.58371693,304.73438,2020.0,-0.970063921851507,0.8,-0.65,-10.33,-73.8,-8.583471298217773,-58.54615783691406
47.54260867,7.58371693,304.73438,2020.0,-0.7116566222817751,1.1,2.54,-6.44,-42.64,-8.40451431274414,-57.12709045410156
47.54260867,7.58371693,304.73438,2020.0,-0.27195815753410524,3.0,-0.3,-14.36,-106.24,-9.969791412353516,-69.53919982910156
47.54260867,7.58371693,304.73438,2021.0,0.2386727660059501,3.2,-1.11,-11.58,-83.99,-11.320320129394531,-80.24842834472656
47.54260867,7.58371693,304.73438,2021.0,0.6994583270516471,2.5,0.14,-10.9,-80.08,-9.76458740234375,-67.91200256347656
47.54260867,7.58371693,304.73438,2021.0,0.9510565162951535,0.6,0.73,-7.66,-52.14,-8.678915023803711,-59.30299377441406
47.54260867,7.58371693,304.73438,2021.0,0.9760105506323683,0.6,-1.43,-12.37,-90.24,-7.9774041175842285,-53.74024963378906
47.54260867,7.58371693,304.73438,2021.0,0.741222010848596,0.8,-1.24,-9.25,-67.58,-7.2568039894104,-48.02613830566406
47.54260867,7.58371693,304.73438,2021.0,0.29671281927349075,0.7,0.77,-6.23,-42.48,-9.888664245605469,-68.89588928222656
47.54260867,7.58371693,304.73438,2021.0,-0.2135209154397959,2.3,0.03,-7.52,-52.66,-9.874347686767578,-68.78236389160156
47.54260867,7.58371693,304.73438,2021.0,-0.680773409477016,1.0,-0.28,-7.05,-49.84,-7.230556964874268,-47.81800842285156
47.54260867,7.58371693,304.73438,2021.0,-0.9587178169872964,1.3,-0.21,-6.38,-41.48,-7.927296161651611,-53.34291076660156
47.54260867,7.58371693,304.73438,2021.0,-0.9741004551724206,1.2,-2.29,-8.61,-61.91,-8.03944206237793,-54.23219299316406
47.54260867,7.58371693,304.73438,2021.0,-0.7236440382959123,1.6,-0.18,-10.46,-71.94,-10.246578216552734,-71.73402404785156
47.54260867,7.58371693,304.73438,2021.0,-0.2884824328806098,2.5,0.29,-11.89,-89.14,-10.108184814453125,-70.63661193847656
47.54260867,7.58371693,304.73438,2017.0,0.9760105506323683,-0.3,1.73,-9.8,-65.2,-9.079778671264648,-62.48170471191406
47.54260867,7.58371693,304.73438,2019.0,0.9760105506323683,0.2,0.47,-13.58,-99.67,-8.936613082885742,-61.34645080566406
47.54260867,7.58371693,304.73438,2017.0,0.2386727660059501,0.3,0.48,-10.24,-72.0,-9.759815216064453,-67.87416076660156
47.54260867,7.58371693,304.73438,2017.0,-0.7236440382959123,1.5,-0.0,-11.14,-80.7,-10.599720001220703,-74.53431701660156
47.54260867,7.58371693,304.73438,2022.0,0.2386727660059501,0.8,1.08,-9.28,-64.8,-9.912525177001953,-69.08509826660156
47.54260867,7.58371693,304.73438,2022.0,0.6994583270516471,1.8,1.68,-6.84,-44.5,-8.533363342285156,-58.14881896972656
47.54260867,7.58371693,304.73438,2022.0,0.9510565162951535,2.9,0.77,-8.89,-56.5,-9.311229705810547,-64.31703186035156
47.54260867,7.58371693,304.73438,2022.0,0.9760105506323683,2.8,-0.36,-10.67,-76.4,-9.196697235107422,-63.40882873535156
47.54260867,7.58371693,304.73438,2022.0,0.741222010848596,2.4,0.71,-4.02,-24.1,-9.344635009765625,-64.58192443847656
47.54260867,7.58371693,304.73438,2017.0,0.6994583270516471,-0.1,1.0,-12.19,-86.9,-10.399288177490234,-72.94496154785156
47.54260867,7.58371693,304.73438,2017.0,-0.2884824328806098,-0.2,0.88,-12.54,-93.2,-8.45223617553711,-57.50550842285156
47.54260867,7.58371693,304.73438,2018.0,-0.7236440382959123,-0.1,-0.11,-11.95,-87.1,-10.122501373291016,-70.75013732910156
47.54260867,7.58371693,304.73438,2019.0,0.9510565162951535,-0.5,1.23,-6.64,-46.13,-8.948543548583984,-61.44105529785156
47.54260867,7.58371693,304.73438,2019.0,-0.2884824328806098,-0.9,1.2,-10.59,-79.6,-9.258735656738281,-63.90077209472656
47.54260867,7.58371693,304.73438,2018.0,0.6994583270516471,-0.8,1.58,-10.17,-73.4,-10.279983520507812,-71.99891662597656
47.54260867,7.58371693,304.73438,2022.0,0.29671281927349075,2.8,-0.12,-5.16,-32.5,-10.719024658203125,-75.48036193847656
47.54260867,7.58371693,304.73438,2022.0,-0.680773409477016,1.7,1.47,-5.29,-32.1,-7.51688814163208,-50.08851623535156
47.54260867,7.58371693,304.73438,2022.0,-0.9587178169872964,2.7,-1.61,-7.38,-50.7,-9.01535415649414,-61.97084045410156
47.54260867,7.58371693,304.73438,2022.0,-0.9741004551724206,2.8,-0.72,-5.04,-35.1,-8.103866577148438,-54.74305725097656
47.54260867,7.58371693,304.73438,2022.0,-0.7236440382959123,0.5,0.69,-7.83,-57.9,-9.883892059326172,-68.85804748535156
47.54260867,7.58371693,304.73438,2022.0,-0.2884824328806098,3.5,-0.15,-10.25,-74.6,-9.97933578491211,-69.61488342285156
47.54260867,7.58371693,304.73438,2022.0,-0.2135209154397959,1.3,-0.09,-3.67,-22.8,-8.829238891601562,-60.49501037597656
47.54260867,7.58371693,304.73438,2023.0,0.2386727660059501,2.3,1.25,-14.21,-105.5,-10.685619354248047,-75.21546936035156
47.54260867,7.58371693,304.73438,2023.0,0.9510565162951535,0.3,-1.11,-6.51,-46.62,-8.189765930175781,-55.42420959472656
47.54260867,7.58371693,304.73438,2023.0,0.9760105506323683,0.4,-0.63,-7.85,-56.63,-9.888664245605469,-68.89588928222656
47.54260867,7.58371693,304.73438,2023.0,0.741222010848596,-1.7,0.39,-7.05,-50.46,-9.568927764892578,-66.36048889160156
47.54260867,7.58371693,304.73438,2023.0,0.29671281927349075,0.4,-0.58,-5.21,-33.39,-6.87502908706665,-44.99879455566406
47.54260867,7.58371693,304.73438,2023.0,-0.2135209154397959,-0.4,-2.17,-4.19,-29.55,-8.106252670288086,-54.76197814941406
47.54260867,7.58371693,304.73438,2023.0,-0.680773409477016,-1.4,-1.16,-4.95,-34.99,-6.994333744049072,-45.94483947753906
47.54260867,7.58371693,304.73438,2023.0,-0.9587178169872964,-2.1,-0.44,-6.02,-41.03,-7.953543186187744,-53.55104064941406
47.54260867,7.58371693,304.73438,2023.0,-0.9741004551724206,-0.8,-2.03,-10.41,-78.43,-8.698003768920898,-59.45436096191406
47.54260867,7.58371693,304.73438,2023.0,-0.7236440382959123,-1.3,-0.32,-11.44,-86.43,-9.716865539550781,-67.53358459472656
47.54260867,7.58371693,304.73438,2023.0,-0.2884824328806098,-0.4,1.94,-11.58,-86.95,-9.912525177001953,-69.08509826660156
47.54260867,7.58371693,304.73438,2023.0,0.6994583270516471,2.3,0.92,-6.32,-39.55,-9.070234298706055,-62.40602111816406
69.1,-105.1166667,0.0,1989.0,0.9510565162951535,1.8,1.85,-33.61,-251.1,-31.396907806396484,-239.44886779785156
69.1,-105.1166667,0.0,1989.0,0.9760105506323683,2.7,0.28,-32.22,-236.2,-29.44985580444336,-224.00941467285156
69.1,-105.1166667,0.0,1989.0,0.741222010848596,2.0,1.38,-25.12,-188.6,-30.709712982177734,-233.99964904785156
69.1,-105.1166667,0.0,1989.0,0.29671281927349075,1.2,-0.27,-19.12,-144.5,-22.177043914794922,-166.33851623535156
69.1,-105.1166667,0.0,1989.0,-0.2135209154397959,1.5,0.97,-16.47,-126.9,-27.23556137084961,-206.45082092285156
69.1,-105.1166667,0.0,1989.0,-0.680773409477016,-0.5,0.01,-16.53,-127.9,-24.391338348388672,-183.89710998535156
69.1,-105.1166667,0.0,1989.0,-0.9587178169872964,0.8,2.05,-18.92,-155.4,-22.921504974365234,-172.24183654785156
69.1,-105.1166667,0.0,1989.0,-0.9741004551724206,1.3,-0.03,-24.96,-188.7,-25.02126693725586,-188.89222717285156
69.1,-105.1166667,0.0,1989.0,-0.7236440382959123,-0.4,0.16,-33.2,-254.6,-24.219539642333984,-182.53480529785156
69.1,-105.1166667,0.0,1989.0,-0.2884824328806098,-0.9,-1.15,-34.4,-263.8,-24.162273406982422,-182.08070373535156
69.1,-105.1166667,0.0,1990.0,0.2386727660059501,-0.1,1.04,-35.07,-268.0,-30.175228118896484,-229.76136779785156
69.1,-105.1166667,0.0,1990.0,0.6994583270516471,-3.0,1.41,-32.49,-250.8,-30.67153549194336,-233.69691467285156
69.1,-105.1166667,0.0,1990.0,0.9510565162951535,-0.7,1.46,-26.28,-200.1,-31.66415023803711,-241.56800842285156
69.1,-105.1166667,0.0,1990.0,0.9760105506323683,0.3,2.0,-27.89,-217.4,-31.244197845458984,-238.23793029785156
69.1,-105.1166667,0.0,1990.0,0.741222010848596,2.0,-1.53,-33.39,-266.2,-24.524959564208984,-184.95668029785156
69.1,-105.1166667,0.0,1990.0,0.29671281927349075,0.5,-0.02,-23.17,-176.8,-23.389179229736328,-175.95033264160156
69.1,-105.1166667,0.0,1990.0,-0.2135209154397959,0.9,0.53,-15.72,-126.3,-24.467693328857422,-184.50257873535156
69.1,-105.1166667,0.0,1990.0,-0.680773409477016,-0.3,0.97,-20.87,-158.2,-21.556659698486328,-161.41908264160156
69.1,-105.1166667,0.0,1990.0,-0.9587178169872964,-1.2,1.06,-19.14,-147.7,-22.282032012939453,-167.17103576660156
69.1,-105.1166667,0.0,1990.0,-0.9741004551724206,0.4,0.23,-25.71,-194.6,-23.742321014404297,-178.75062561035156
69.1,-105.1166667,0.0,1990.0,-0.7236440382959123,-0.8,-0.24,-27.01,-200.7,-24.811290740966797,-187.22718811035156
69.1,-105.1166667,0.0,1990.0,-0.2884824328806098,-0.4,0.22,-31.2,-240.8,-25.09762191772461,-189.49769592285156
69.1,-105.1166667,0.0,1991.0,0.2386727660059501,1.0,0.86,-35.15,-274.4,-30.690624237060547,-233.84828186035156
69.1,-105.1166667,0.0,1991.0,0.6994583270516471,0.4,1.04,-29.42,-226.1,-31.225109100341797,-238.08656311035156
69.1,-105.1166667,0.0,1991.0,0.9510565162951535,-1.1,-0.2,-30.45,-232.8,-26.605632781982422,-201.45570373535156
69.1,-105.1166667,0.0,1991.0,0.9760105506323683,-1.0,0.29,-27.52,-207.9,-27.54098129272461,-208.87269592285156
69.1,-105.1166667,0.0,1991.0,0.741222010848596,-1.7,0.08,-23.54,-177.4,-25.55575180053711,-193.13050842285156
69.1,-105.1166667,0.0,1991.0,0.29671281927349075,-0.2,-0.82,-17.21,-124.4,-21.50893783569336,-161.04066467285156
69.1,-105.1166667,0.0,1991.0,-0.2135209154397959,0.0,-0.49,-20.45,-151.0,-25.135799407958984,-189.80043029785156
69.1,-105.1166667,0.0,1991.0,-0.680773409477016,-0.7,1.23,-21.29,-160.6,-21.575748443603516,-161.57044982910156
69.1,-105.1166667,0.0,1991.0,-0.9587178169872964,-2.5,0.48,-21.27,-158.0,-23.045581817626953,-173.22572326660156
69.1,-105.1166667,0.0,1991.0,-0.9741004551724206,-1.7,-0.19,-25.26,-185.9,-23.06467056274414,-173.37709045410156
69.1,-105.1166667,0.0,1991.0,-0.7236440382959123,-1.1,0.48,-33.65,-258.1,-23.895030975341797,-179.96156311035156
69.1,-105.1166667,0.0,1991.0,-0.2884824328806098,-2.9,0.46,-31.3,-238.8,-33.70664596557617,-257.7642822265625
69.1,-105.1166667,0.0,1992.0,0.2386727660059501,-4.7,-0.13,-32.78,-255.4,-36.8753776550293,-282.8912353515625
69.1,-105.1166667,0.0,1992.0,0.6994583270516471,-1.5,1.07,-30.01,-231.5,-29.83163070678711,-227.03675842285156
69.1,-105.1166667,0.0,1992.0,0.9562348265919056,-3.3,0.87,-26.42,-201.5,-31.244197845458984,-238.23793029785156
69.1,-105.1166667,0.0,1992.0,0.9721181966290613,-1.7,1.86,-27.49,-208.4,-32.12228012084961,-245.20082092285156
69.1,-105.1166667,0.0,1992.0,0.7295575540864875,0.4,2.63,-25.12,-195.4,-30.194316864013672,-229.91273498535156
69.1,-105.1166667,0.0,1992.0,0.2802306751992159,-1.0,0.2,-22.55,-173.6,-24.544048309326172,-185.10804748535156
69.1,-105.1166667,0.0,1992.0,-0.23030567023061196,-1.0,0.16,-22.23,-171.0,-25.32668685913086,-191.31410217285156
69.1,-105.1166667,0.0,1992.0,-0.6932812268869771,0.6,0.85,-15.93,-130.3,-21.776180267333984,-163.15980529785156
69.1,-105.1166667,0.0,1992.0,-0.9634705485641486,0.1,-0.44,-23.58,-173.2,-23.503711700439453,-176.85853576660156
69.1,-105.1166667,0.0,1992.0,-0.970063921851507,-2.3,-1.76,-21.14,-157.7,-24.33407211303711,-183.44300842285156
69.1,-105.1166667,0.0,1992.0,-0.7116566222817751,-1.1,1.19,-29.46,-223.5,-21.823902130126953,-163.53822326660156
69.1,-105.1166667,0.0,1992.0,-0.27195815753410524,-0.9,0.47,-32.96,-249.9,-25.135799407958984,-189.80043029785156
69.1,-105.1166667,0.0,1993.0,0.2386727660059501,-1.5,1.6,-31.05,-243.7,-30.270671844482422,-230.51820373535156
69.1,-105.1166667,0.0,1993.0,0.6994583270516471,-1.2,0.5,-32.33,-246.1,-28.399974822998047,-215.68421936035156
69.1,-105.1166667,0.0,1993.0,0.9510565162951535,-0.8,0.67,-27.07,-203.5,-30.709712982177734,-233.99964904785156
69.1,-105.1166667,0.0,1993.0,0.9760105506323683,-1.9,0.97,-26.58,-195.2,-29.583477020263672,-225.06898498535156
69.1,-105.1166667,0.0,1993.0,0.741222010848596,-0.6,-0.78,-15.67,-115.7,-22.549274444580078,-169.29017639160156
69.1,-105.1166667,0.0,1993.0,0.29671281927349075,-1.4,-0.59,-20.17,-153.9,-21.957523345947266,-164.59779357910156
69.1,-105.1166667,0.0,1993.0,-0.2135209154397959,-1.3,-3.18,-17.29,-135.4,-16.841739654541016,-124.03138732910156
69.1,-105.1166667,0.0,1993.0,-0.680773409477016,-1.6,0.12,-16.9,-131.0,-24.887645721435547,-187.83265686035156
69.1,-105.1166667,0.0,1993.0,-0.9587178169872964,-1.2,-0.57,-21.63,-161.1,-23.074214935302734,-173.45277404785156
69.1,-105.1166667,0.0,1993.0,-0.9741004551724206,-1.8,-0.71,-24.06,-182.7,-23.06467056274414,-173.37709045410156
69.1,-105.1166667,0.0,1993.0,-0.7236440382959123,-0.1,2.56,-32.03,-241.6,-28.972637176513672,-220.22523498535156
69.1,-105.1166667,0.0,1993.0,-0.2884824328806098,0.3,1.56,-32.02,-245.0,-30.652446746826172,-233.54554748535156
-67.57,-68.13,11.128906,1996.0,0.9721181966290613,1.3,-0.17,-16.43,-129.6,-10.270439147949219,-71.92323303222656
-67.57,-68.13,11.128906,1996.0,0.7295575540864875,0.5,-1.06,-14.79,-115.6,-11.84048843383789,-84.37318420410156
-67.57,-68.13,11.128906,1996.0,0.2802306751992159,1.9,0.56,-14.46,-109.8,-9.969791412353516,-69.53919982910156
-67.57,-68.13,11.128906,1996.0,-0.23030567023061196,1.1,0.67,-17.37,-128.2,-11.129432678222656,-78.73475646972656
-67.57,-68.13,11.128906,1996.0,-0.6932812268869771,1.2,1.02,-17.2,-136.0,-10.489959716796875,-73.66395568847656
-67.57,-68.13,11.128906,1996.0,-0.9634705485641486,1.0,-0.86,-13.73,-116.0,-11.649600982666016,-82.85951232910156
-67.57,-68.13,11.128906,1996.0,-0.970063921851507,1.0,-0.33,-12.24,-96.1,-10.594947814941406,-74.49647521972656
-67.57,-68.13,11.128906,1996.0,-0.7116566222817751,-0.1,-0.56,-11.16,-92.0,-11.00058364868164,-77.71302795410156
-67.57,-68.13,11.128906,1997.0,0.2386727660059501,0.8,-0.49,-9.71,-85.6,-12.064781188964844,-86.15174865722656
-67.57,-68.13,11.128906,1997.0,0.6994583270516471,2.9,1.7,-15.53,-125.3,-9.502117156982422,-65.83070373535156
-67.57,-68.13,11.128906,1997.0,0.9510565162951535,-0.7,1.46,-11.55,-93.1,-10.556770324707031,-74.19374084472656
-67.57,-68.13,11.128906,1997.0,0.9760105506323683,-1.0,-1.02,-12.54,-101.8,-11.81185531616211,-84.14613342285156
-67.57,-68.13,11.128906,1997.0,0.741222010848596,-2.2,-0.28,-10.7,-90.6,-11.573246002197266,-82.25404357910156
-67.57,-68.13,11.128906,1997.0,0.29671281927349075,-2.3,-1.47,-12.53,-102.6,-12.107730865478516,-86.49232482910156
-67.57,-68.13,11.128906,1997.0,-0.2135209154397959,-1.2,0.34,-17.44,-134.3,-11.826171875,-84.25965881347656
-67.57,-68.13,11.128906,1997.0,-0.680773409477016,-2.4,0.83,-15.78,-125.8,-10.948089599609375,-77.29676818847656
-67.57,-68.13,11.128906,1997.0,-0.9587178169872964,-2.4,0.61,-13.58,-110.6,-10.356338500976562,-72.60438537597656
-67.57,-68.13,11.128906,1997.0,-0.9741004551724206,-2.4,-1.7,-16.02,-128.9,-12.05523681640625,-86.07606506347656
-67.57,-68.13,11.128906,1997.0,-0.7236440382959123,-2.0,-0.9,-9.47,-82.3,-11.663917541503906,-82.97303771972656
-67.57,-68.13,11.128906,1997.0,-0.2884824328806098,-1.6,-0.96,-5.56,-57.8,-12.365428924560547,-88.53578186035156
-67.57,-68.13,11.128906,1998.0,0.2386727660059501,-4.4,0.39,-12.35,-103.2,-11.873893737792969,-84.63807678222656
-67.57,-68.13,11.128906,1998.0,0.6994583270516471,-3.4,-0.11,-9.67,-85.6,-11.59710693359375,-82.44325256347656
-67.57,-68.13,11.128906,1998.0,0.9510565162951535,-4.0,0.87,-9.23,-79.2,-11.492118835449219,-81.61073303222656
-67.57,-68.13,11.128906,1998.0,0.9760105506323683,-2.4,-0.68,-11.09,-89.4,-11.821399688720703,-84.22181701660156
-67.57,-68.13,11.128906,1998.0,0.741222010848596,0.4,-1.32,-9.76,-77.3,-12.384517669677734,-88.68714904785156
-67.57,-68.13,11.128906,1998.0,0.29671281927349075,1.6,-2.72,-17.98,-140.3,-13.21487808227539,-95.27162170410156
-67.57,-68.13,11.128906,1998.0,-0.2135209154397959,2.0,-0.48,-9.92,-81.8,-10.394515991210938,-72.90711975097656
-67.57,-68.13,11.128906,1998.0,-0.680773409477016,1.9,-0.02,-9.96,-78.2,-11.850032806396484,-84.44886779785156
-67.57,-68.13,11.128906,1998.0,-0.9587178169872964,1.7,-2.0,-11.89,-95.9,-11.0626220703125,-78.20497131347656
-67.57,-68.13,11.128906,1998.0,-0.9741004551724206,1.8,-0.29,-8.97,-72.9,-11.348953247070312,-80.47547912597656
-67.57,-68.13,11.128906,1998.0,-0.7236440382959123,1.7,-0.28,-10.78,-88.8,-11.88821029663086,-84.75160217285156
-67.57,-68.13,11.128906,1998.0,-0.2884824328806098,2.3,0.87,-10.74,-91.4,-9.945930480957031,-69.34999084472656
-67.57,-68.13,11.128906,1999.0,0.2386727660059501,3.0,0.77,-10.535,-90.2,-10.551998138427734,-74.15589904785156
-67.57,-68.13,11.128906,1999.0,0.6994583270516471,1.6,0.29,-11.245,-84.2,-10.074779510498047,-70.37171936035156
-67.57,-68.13,11.128906,1999.0,0.9510565162951535,2.1,0.23,-9.56,-85.8,-9.583244323730469,-66.47401428222656
-67.57,-68.13,11.128906,1999.0,0.9760105506323683,2.3,-0.95,-9.745,-78.2,-11.663917541503906,-82.97303771972656
-67.57,-68.13,11.128906,1999.0,0.741222010848596,0.4,0.92,-8.38,-68.35,-11.267826080322266,-79.83216857910156
-67.57,-68.13,11.128906,1999.0,0.29671281927349075,0.4,1.12,-10.56,-80.7,-11.601879119873047,-82.48109436035156
-67.57,-68.13,11.128906,1999.0,-0.2135209154397959,0.9,-0.9,-12.93,-100.0,-12.212718963623047,-87.32484436035156
-67.57,-68.13,11.128906,1999.0,-0.680773409477016,0.6,0.39,-13.415,-107.1,-12.465644836425781,-89.33045959472656
-67.57,-68.13,11.128906,1999.0,-0.9587178169872964,-0.1,0.36,-11.535,-96.25,-12.289073944091797,-87.93031311035156
-67.57,-68.13,11.128906,1999.0,-0.9741004551724206,1.6,0.2,-12.605,-103.75,-12.22226333618164,-87.40052795410156
-67.57,-68.13,11.128906,1999.0,-0.7236440382959123,1.7,0.65,-14.535,-115.85,-12.160224914550781,-86.90858459472656
-67.57,-68.13,11.128906,1999.0,-0.2884824328806098,2.4,1.61,-8.46,-79.15,-10.079551696777344,-70.40956115722656
-67.57,-68.13,11.128906,2000.0,0.2386727660059501,1.1,0.6,-8.19,-69.95,-10.804924011230469,-76.16151428222656
-67.57,-68.13,11.128906,2000.0,0.6994583270516471,2.7,1.7,-7.4,-67.15,-9.712093353271484,-67.49574279785156
-67.57,-68.13,11.128906,2000.0,0.9562348265919056,2.2,0.77,-10.36,-84.3,-9.282596588134766,-64.08998107910156
-67.57,-68.13,11.128906,2000.0,0.9721181966290613,2.0,-0.03,-8.51,-71.05,-9.874347686767578,-68.78236389160156
-67.57,-68.13,11.128906,2000.0,0.7295575540864875,0.6,1.58,-10.5,-82.35,-10.356338500976562,-72.60438537597656
-67.57,-68.13,11.128906,2000.0,0.2802306751992159,-0.3,-0.03,-12.5,-96.85,-11.821399688720703,-84.22181701660156
-67.57,-68.13,11.128906,2000.0,-0.23030567023061196,-0.3,-1.03,-8.84,-67.35,-12.799697875976562,-91.97938537597656
-67.57,-68.13,11.128906,2000.0,-0.6932812268869771,1.2,-0.29,-11.02,-88.0,-12.732887268066406,-91.44960021972656
-67.57,-68.13,11.128906,2000.0,-0.9634705485641486,1.4,-0.21,-12.21,-97.1,-12.675621032714844,-90.99549865722656
-67.57,-68.13,11.128906,2000.0,-0.970063921851507,1.8,0.92,-20.61,-165.35,-12.250896453857422,-87.62757873535156
-67.57,-68.13,11.128906,2000.0,-0.7116566222817751,3.0,-0.92,-6.03,-71.75,-10.981494903564453,-77.56166076660156
-67.57,-68.13,11.128906,2000.0,-0.27195815753410524,1.3,-0.58,-9.41,-80.15,-12.265213012695312,-87.74110412597656
-67.57,-68.13,11.128906,2001.0,0.2386727660059501,1.6,0.25,-17.47,-147.7,-10.723796844482422,-75.51820373535156
-67.57,-68.13,11.128906,2001.0,0.6994583270516471,2.8,0.45,-8.71,-81.6,-9.234874725341797,-63.71156311035156
-67.57,-68.13,11.128906,2001.0,0.9510565162951535,1.5,-1.26,-9.35,-76.6,-12.026603698730469,-85.84901428222656
-67.57,-68.13,11.128906,2001.0,0.9760105506323683,0.3,0.0,-13.18,-108.5,-11.492118835449219,-81.61073303222656
-67.57,-68.13,11.128906,2001.0,0.741222010848596,-0.8,-0.02,-9.46,-80.5,-11.492118835449219,-81.61073303222656
-67.57,-68.13,11.128906,2001.0,0.29671281927349075,0.5,-0.2,-14.06,-112.7,-11.501663208007812,-81.68641662597656
-67.57,-68.13,11.128906,2001.0,-0.2135209154397959,-0.3,-0.25,-14.59,-113.3,-12.489505767822266,-89.51966857910156
-67.57,-68.13,11.128906,2001.0,-0.680773409477016,-0.7,-0.07,-13.42,-107.3,-12.766292572021484,-91.71449279785156
-67.57,-68.13,11.128906,2001.0,-0.9587178169872964,0.3,-0.65,-14.43,-117.6,-12.780609130859375,-91.82801818847656
-67.57,-68.13,11.128906,2001.0,-0.9741004551724206,-0.1,-0.24,-10.19,-85.4,-12.761520385742188,-91.67665100097656
-67.57,-68.13,11.128906,2001.0,-0.7236440382959123,1.1,0.63,-14.37,-116.6,-12.470417022705078,-89.36830139160156
-67.57,-68.13,11.128906,2001.0,-0.2884824328806098,-1.4,-0.83,-15.57,-126.7,-12.785381317138672,-91.86585998535156
-67.57,-68.13,11.128906,2002.0,0.2386727660059501,0.7,0.44,-16.6,-133.2,-11.172382354736328,-79.07533264160156
-67.57,-68.13,11.128906,2002.0,0.6994583270516471,1.8,1.1,-18.83,-149.6,-9.511661529541016,-65.90638732910156
-67.57,-68.13,11.128906,2002.0,0.9510565162951535,-0.4,0.69,-8.62,-65.3,-11.439624786376953,-81.19447326660156
-67.57,-68.13,11.128906,2002.0,0.9760105506323683,-0.1,1.18,-14.17,-113.7,-10.890823364257812,-76.84266662597656
-67.57,-68.13,11.128906,2002.0,0.741222010848596,-1.4,-0.22,-17.61,-139.8,-11.530296325683594,-81.91346740722656
-67.57,-68.13,11.128906,2002.0,0.29671281927349075,-0.4,0.38,-15.55,-119.0,-11.463485717773438,-81.38368225097656
-67.57,-68.13,11.128906,2002.0,-0.680773409477016,-1.6,0.38,-12.33,-99.9,-12.503822326660156,-89.63319396972656
-67.57,-68.13,11.128906,2002.0,-0.9587178169872964,-1.0,-0.7,-16.16,-125.0,-12.771064758300781,-91.75233459472656
-67.57,-68.13,11.128906,2002.0,-0.9741004551724206,-0.6,-2.28,-13.16,-103.8,-13.649147033691406,-98.71522521972656
-67.57,-68.13,11.128906,2002.0,-0.2884824328806098,-1.8,-0.94,-11.41,-99.3,-12.914230346679688,-92.88758850097656
-67.57,-68.13,11.128906,2003.0,0.6994583270516471,-1.1,0.62,-12.32,-101.5,-11.520751953125,-81.83778381347656
-67.57,-68.13,11.128906,2003.0,0.9510565162951535,-0.5,0.32,-6.92,-64.2,-11.496891021728516,-81.64857482910156
-67.57,-68.13,11.128906,2003.0,0.9760105506323683,-0.2,-0.18,-15.09,-117.8,-11.549385070800781,-82.06483459472656
-67.57,-68.13,11.128906,2003.0,0.741222010848596,-0.5,0.01,-14.57,-111.0,-11.501663208007812,-81.68641662597656
-67.57,-68.13,11.128906,2003.0,0.29671281927349075,-1.0,-0.07,-13.88,-106.3,-11.468257904052734,-81.42152404785156
-67.57,-68.13,11.128906,2003.0,-0.2135209154397959,0.5,0.13,-10.83,-88.3,-12.164997100830078,-86.94642639160156
-67.57,-68.13,11.128906,2003.0,-0.680773409477016,0.2,-0.07,-15.07,-118.0,-12.766292572021484,-91.71449279785156
-67.57,-68.13,11.128906,2003.0,-0.9587178169872964,-0.2,0.01,-11.05,-86.9,-12.72811508178711,-91.41175842285156
-67.57,-68.13,11.128906,2003.0,-0.9741004551724206,0.0,-1.26,-10.73,-92.9,-13.167156219482422,-94.89320373535156
-67.57,-68.13,11.128906,2003.0,-0.7236440382959123,-0.5,0.86,-10.47,-82.0,-12.460872650146484,-89.29261779785156
-67.57,-68.13,11.128906,2003.0,-0.2884824328806098,1.8,0.64,-0.52,-33.6,-10.098640441894531,-70.56092834472656
-67.57,-68.13,11.128906,2004.0,0.2386727660059501,-2.2,-0.29,-11.52,-87.22,-11.721183776855469,-83.42713928222656
-67.57,-68.13,11.128906,2004.0,0.6994583270516471,2.0,-0.14,-10.58,-88.3,-9.988880157470703,-69.69056701660156
-67.57,-68.13,11.128906,2004.0,0.9562348265919056,0.7,1.02,-6.67,-60.2,-10.332477569580078,-72.41517639160156
-67.57,-68.13,11.128906,2004.0,0.9721181966290613,-1.5,1.15,-16.66,-133.72,-11.181926727294922,-79.15101623535156
-67.57,-68.13,11.128906,2004.0,0.7295575540864875,1.7,0.19,-11.11,-89.86,-9.759815216064453,-67.87416076660156
-67.57,-68.13,11.128906,2004.0,0.2802306751992159,-1.4,-0.89,-10.54,-80.11,-11.783222198486328,-83.91908264160156
-67.57,-68.13,11.128906,2004.0,-0.23030567023061196,-0.8,1.13,-16.15,-125.68,-12.184085845947266,-87.09779357910156
-67.57,-68.13,11.128906,2004.0,-0.6932812268869771,-0.5,-0.48,-16.2,-124.57,-12.780609130859375,-91.82801818847656
-67.57,-68.13,11.128906,2004.0,-0.9634705485641486,-0.6,0.38,-15.52,-118.55,-12.484733581542969,-89.48182678222656
-67.57,-68.13,11.128906,2004.0,-0.970063921851507,-0.1,-1.1,-13.5,-109.8,-13.000129699707031,-93.56874084472656
-67.57,-68.13,11.128906,2004.0,-0.7116566222817751,-1.1,0.73,-12.48,-109.1,-12.460872650146484,-89.29261779785156
-67.57,-68.13,11.128906,2004.0,-0.27195815753410524,-1.3,1.21,-12.48,-104.14,-12.184085845947266,-87.09779357910156
-67.57,-68.13,11.128906,2005.0,0.2386727660059501,0.6,1.52,-7.99,-76.26,-10.413604736328125,-73.05848693847656
-67.57,-68.13,11.128906,2005.0,0.6994583270516471,-5.2,-0.06,-8.79,-75.18,-12.479961395263672,-89.44398498535156
-67.57,-68.13,11.128906,2005.0,0.9510565162951535,0.5,-1.83,-11.6,-92.01,-13.954566955566406,-101.13710021972656
-67.57,-68.13,11.128906,2005.0,0.741222010848596,-1.3,-1.25,-15.44,-120.2,-12.465644836425781,-89.33045959472656
-67.57,-68.13,11.128906,2005.0,-0.2135209154397959,0.3,-0.51,-15.82,-119.67,-12.427467346191406,-89.02772521972656
-67.57,-68.13,11.128906,2005.0,-0.680773409477016,-0.6,0.37,-15.1,-117.33,-12.561088562011719,-90.08729553222656
-67.57,-68.13,11.128906,2005.0,-0.9587178169872964,0.6,0.63,-13.02,-111.8,-12.427467346191406,-89.02772521972656
-67.57,-68.13,11.128906,2005.0,-0.7236440382959123,-0.3,-0.31,-12.39,-102.54,-12.771064758300781,-91.75233459472656
-67.57,-68.13,11.128906,2005.0,-0.2884824328806098,-0.0,-0.44,-11.42,-97.82,-12.541999816894531,-89.93592834472656
-67.57,-68.13,11.128906,2006.0,0.2386727660059501,2.7,1.27,-2.36,-38.26,-10.170223236083984,-71.12855529785156
-67.57,-68.13,11.128906,2006.0,0.6994583270516471,0.2,-0.51,-12.88,-108.25,-11.59710693359375,-82.44325256347656
-67.57,-68.13,11.128906,2006.0,0.9510565162951535,2.9,-1.28,-11.86,-94.85,-12.34634017944336,-88.38441467285156
-67.57,-68.13,11.128906,2006.0,0.9760105506323683,1.8,1.24,-12.42,-100.38,-9.669143676757812,-67.15516662597656
-67.57,-68.13,11.128906,2006.0,0.741222010848596,-0.8,-1.14,-18.88,-148.35,-12.255668640136719,-87.66542053222656
-67.57,-68.13,11.128906,2006.0,0.29671281927349075,-0.4,0.84,-11.35,-87.74,-11.358497619628906,-80.55116271972656
-67.57,-68.13,11.128906,2006.0,-0.2135209154397959,-1.0,0.9,-19.82,-155.6,-12.184085845947266,-87.09779357910156
-67.57,-68.13,11.128906,2006.0,-0.680773409477016,-1.7,-1.73,-14.65,-115.19,-13.625286102294922,-98.52601623535156
-67.57,-68.13,11.128906,2006.0,-0.9587178169872964,-1.0,-1.62,-16.05,-125.53,-13.334182739257812,-96.21766662597656
-67.57,-68.13,11.128906,2006.0,-0.9741004551724206,-2.1,-2.24,-13.27,-108.61,-13.353271484375,-96.36903381347656
-67.57,-68.13,11.128906,2006.0,-0.7236440382959123,0.1,0.44,-15.89,-135.27,-12.52768325805664,-89.82240295410156
-67.57,-68.13,11.128906,2006.0,-0.2884824328806098,-0.5,1.34,-15.95,-126.94,-12.174541473388672,-87.02210998535156
-67.57,-68.13,11.128906,2007.0,0.6994583270516471,-0.1,-0.47,-8.11,-74.4,-11.587562561035156,-82.36756896972656
-67.57,-68.13,11.128906,2007.0,0.9510565162951535,0.3,1.44,-13.61,-103.11,-10.432693481445312,-73.20985412597656
-67.57,-68.13,11.128906,2007.0,0.741222010848596,-0.2,0.66,-10.47,-83.57,-11.45871353149414,-81.34584045410156
-67.57,-68.13,11.128906,2007.0,0.29671281927349075,0.9,-1.31,-14.32,-105.7,-12.919002532958984,-92.92543029785156
-67.57,-68.13,11.128906,2007.0,-0.680773409477016,0.7,-0.14,-14.07,-116.88,-12.761520385742188,-91.67665100097656
-67.57,-68.13,11.128906,2007.0,-0.9587178169872964,0.3,0.72,-9.38,-72.9,-12.408378601074219,-88.87635803222656
-67.57,-68.13,11.128906,2007.0,-0.9741004551724206,1.2,0.45,-15.92,-133.39,-12.465644836425781,-89.33045959472656
-67.57,-68.13,11.128906,2008.0,0.6994583270516471,4.4,0.73,-9.63,-85.35,-9.373268127441406,-64.80897521972656
-67.57,-68.13,11.128906,2008.0,0.9562348265919056,2.4,0.08,-14.13,-116.11,-9.530750274658203,-66.05775451660156
-67.57,-68.13,11.128906,2008.0,0.9721181966290613,1.1,-1.07,-14.29,-116.63,-11.377586364746094,-80.70252990722656
-67.57,-68.13,11.128906,2008.0,0.7295575540864875,-0.1,-1.73,-16.66,-140.02,-13.90207290649414,-100.72084045410156
-67.57,-68.13,11.128906,2008.0,0.2802306751992159,1.0,-1.39,-9.98,-87.2,-12.842647552490234,-92.31996154785156
-67.57,-68.13,11.128906,2008.0,-0.23030567023061196,0.5,-1.27,-13.82,-113.28,-12.394062042236328,-88.76283264160156
-67.57,-68.13,11.128906,2008.0,-0.6932812268869771,1.7,-1.16,-8.32,-66.95,-12.389289855957031,-88.72499084472656
-67.57,-68.13,11.128906,2008.0,-0.9634705485641486,2.0,1.02,-9.82,-83.88,-12.336795806884766,-88.30873107910156
-67.57,-68.13,11.128906,2008.0,-0.970063921851507,2.1,-0.04,-10.62,-88.78,-12.632671356201172,-90.65492248535156
-67.57,-68.13,11.128906,2008.0,-0.7116566222817751,2.2,-0.32,-7.74,-61.81,-12.60403823852539,-90.42787170410156
-67.57,-68.13,11.128906,2009.0,0.2386727660059501,1.8,-0.01,-7.82,-60.01,-10.418376922607422,-73.09632873535156
-67.57,-68.13,11.128906,2009.0,0.6994583270516471,3.1,0.06,-6.89,-70.66,-9.502117156982422,-65.83070373535156
-67.57,-68.13,11.128906,2009.0,0.9510565162951535,0.7,0.57,-9.87,-95.95,-10.332477569580078,-72.41517639160156
-67.57,-68.13,11.128906,2009.0,0.9760105506323683,1.3,-0.2,-17.65,-134.41,-10.117729187011719,-70.71229553222656
-67.57,-68.13,11.128906,2009.0,0.741222010848596,-0.2,1.68,-13.23,-101.29,-10.475643157958984,-73.55043029785156
-67.57,-68.13,11.128906,2009.0,0.29671281927349075,0.2,-1.21,-15.88,-120.24,-12.60403823852539,-90.42787170410156
-67.57,-68.13,11.128906,2009.0,-0.2135209154397959,0.4,-2.15,-16.4,-125.01,-12.847419738769531,-92.35780334472656
-67.57,-68.13,11.128906,2009.0,-0.680773409477016,-0.3,-0.19,-15.96,-125.79,-12.771064758300781,-91.75233459472656
-67.57,-68.13,11.128906,2009.0,-0.9587178169872964,0.5,1.51,-16.08,-127.89,-12.36065673828125,-88.49794006347656
-67.57,-68.13,11.128906,2009.0,-0.9741004551724206,-2.0,-1.03,-15.63,-123.6,-12.751976013183594,-91.60096740722656
-67.57,-68.13,11.128906,2010.0,0.6994583270516471,-2.4,-1.98,-20.25753762,-158.419521,-14.021377563476562,-101.66688537597656
-67.57,-68.13,11.128906,2010.0,0.9510565162951535,-1.1,-0.88,-10.96701,-80.78744939,-11.926387786865234,-85.05433654785156
-67.57,-68.13,11.128906,2010.0,0.741222010848596,1.5,-1.49,-18.06861291,-145.4832326,-12.814014434814453,-92.09291076660156
-67.57,-68.13,11.128906,2010.0,0.29671281927349075,0.6,-0.82,-12.90566442,-103.1693024,-11.773677825927734,-83.84339904785156
-67.57,-68.13,11.128906,2010.0,-0.2135209154397959,3.0,-0.42,-17.99699461,-141.7027569,-11.12466049194336,-78.69691467285156
-67.57,-68.13,11.128906,2010.0,-0.680773409477016,3.0,-1.22,-15.49373275,-125.5242189,-11.663917541503906,-82.97303771972656
-67.57,-68.13,11.128906,2010.0,-0.9587178169872964,3.7,-0.79,-12.86132668,-102.1841523,-11.415763854980469,-81.00526428222656
-67.57,-68.13,11.128906,2010.0,-0.2884824328806098,4.8,-1.85,-10.89945489,-85.89064014,-12.260440826416016,-87.70326232910156
-67.57,-68.13,11.128906,2011.0,0.6994583270516471,4.5,0.7,-10.90448663,-91.07581422,-9.358951568603516,-64.69544982910156
-67.57,-68.13,11.128906,2011.0,0.9760105506323683,3.1,2.48,-13.96722374,-107.234204,-9.487800598144531,-65.71717834472656
-67.57,-68.13,11.128906,2011.0,0.741222010848596,0.6,-0.06,-16.2769796,-126.6336222,-11.258281707763672,-79.75648498535156
-67.57,-68.13,11.128906,2011.0,-0.2135209154397959,1.6,-1.51,-13.02409089,-105.8368321,-12.188858032226562,-87.13563537597656
-67.57,-68.13,11.128906,2011.0,-0.680773409477016,0.7,-1.35,-13.00430426,-98.95951702,-13.5059814453125,-97.57997131347656
-67.57,-68.13,11.128906,2011.0,-0.9587178169872964,1.7,0.54,-15.59015716,-123.0243535,-12.42269515991211,-88.98988342285156
-67.57,-68.13,11.128906,2011.0,-0.7236440382959123,1.8,1.36,-17.37964044,-135.6954795,-12.327251434326172,-88.23304748535156
-67.57,-68.13,11.128906,2012.0,0.2386727660059501,1.8,1.17,-15.19,-125.76,-10.394515991210938,-72.90711975097656
-67.57,-68.13,11.128906,2012.0,0.9562348265919056,1.2,1.27,-12.86,-100.64,-9.812309265136719,-68.29042053222656
-67.57,-68.13,11.128906,2012.0,0.9721181966290613,-0.4,0.47,-15.64,-128.58,-11.501663208007812,-81.68641662597656
-67.57,-68.13,11.128906,2012.0,0.7295575540864875,0.1,-0.91,-15.25,-118.29,-11.926387786865234,-85.05433654785156
-67.57,-68.13,11.128906,2012.0,0.2802306751992159,-0.7,-2.53,-17.1,-131.58,-14.016605377197266,-101.62904357910156
-67.57,-68.13,11.128906,2012.0,-0.23030567023061196,-0.1,-1.32,-15.33,-124.2,-13.10988998413086,-94.43910217285156
-67.57,-68.13,11.128906,2012.0,-0.6932812268869771,-0.3,-0.98,-12.47,-94.64,-12.919002532958984,-92.92543029785156
-67.57,-68.13,11.128906,2012.0,-0.9634705485641486,0.4,-0.59,-12.62,-100.35,-12.737659454345703,-91.48744201660156
-67.57,-68.13,11.128906,2012.0,-0.970063921851507,0.5,-2.06,-15.11,-120.06,-13.405765533447266,-96.78529357910156
-67.57,-68.13,11.128906,2012.0,-0.7116566222817751,0.4,-0.58,-13.06,-108.28,-12.780609130859375,-91.82801818847656
-67.57,-68.13,11.128906,2013.0,0.2386727660059501,-0.1,0.35,-7.41,-75.7,-11.487346649169922,-81.57289123535156
-67.57,-68.13,11.128906,2013.0,0.6994583270516471,-0.4,-0.45,-15.32,-125.48,-11.587562561035156,-82.36756896972656
-67.57,-68.13,11.128906,2013.0,0.9510565162951535,2.5,-1.61,-11.36,-91.68,-13.229194641113281,-95.38514709472656
-67.57,-68.13,11.128906,2013.0,0.9760105506323683,0.4,0.69,-11.23,-86.46,-10.976722717285156,-77.52381896972656
-67.57,-68.13,11.128906,2013.0,0.741222010848596,1.3,0.57,-13.26,-103.37,-9.984107971191406,-69.65272521972656
-67.57,-68.13,11.128906,2013.0,0.29671281927349075,2.0,0.52,-12.85,-95.39,-10.394515991210938,-72.90711975097656
-67.57,-68.13,11.128906,2013.0,-0.2135209154397959,1.3,0.67,-15.18,-117.75,-10.098640441894531,-70.56092834472656
-67.57,-68.13,11.128906,2013.0,-0.680773409477016,0.3,0.97,-13.3,-99.64,-12.45132827758789,-89.21693420410156
-67.57,-68.13,11.128906,2013.0,-0.9587178169872964,0.5,0.24,-14.11,-108.87,-12.60403823852539,-90.42787170410156
-67.57,-68.13,11.128906,2013.0,-0.9741004551724206,-0.1,-1.28,-14.54,-116.26,-13.18624496459961,-95.04457092285156
-67.57,-68.13,11.128906,2013.0,-0.7236440382959123,1.2,0.9,-14.99,-122.65,-12.45132827758789,-89.21693420410156
-67.57,-68.13,11.128906,2013.0,-0.2884824328806098,0.1,0.95,-10.23,-96.0,-12.179313659667969,-87.05995178222656
-67.57,-68.13,11.128906,2014.0,0.6994583270516471,0.1,1.34,-11.39,-88.1,-10.556770324707031,-74.19374084472656
-67.57,-68.13,11.128906,2014.0,0.9510565162951535,-1.5,0.8,-14.25,-112.9,-11.492118835449219,-81.61073303222656
-67.57,-68.13,11.128906,2014.0,0.9760105506323683,1.3,0.31,-13.1,-103.1,-10.036602020263672,-70.06898498535156
-67.57,-68.13,11.128906,2014.0,0.741222010848596,0.9,-0.92,-22.29,-171.8,-11.091255187988281,-78.43202209472656
-67.57,-68.13,11.128906,2014.0,0.29671281927349075,0.3,-0.97,-16.8,-129.6,-12.002742767333984,-85.65980529785156
-67.57,-68.13,11.128906,2014.0,-0.2135209154397959,-0.3,0.18,-13.92,-104.6,-12.403606414794922,-88.83851623535156
-67.57,-68.13,11.128906,2014.0,-0.680773409477016,-1.2,-1.68,-19.54,-153.7,-13.625286102294922,-98.52601623535156
-67.57,-68.13,11.128906,2014.0,-0.9587178169872964,-1.2,1.62,-14.4,-112.1,-12.227035522460938,-87.43836975097656
-67.57,-68.13,11.128906,2015.0,0.2386727660059501,-1.4,1.79,-19.46,-154.1,-10.518592834472656,-73.89100646972656
-67.57,-68.13,11.128906,2015.0,0.6994583270516471,0.4,1.32,-12.15,-96.3,-10.413604736328125,-73.05848693847656
-67.57,-68.13,11.128906,2015.0,0.9510565162951535,-1.2,1.45,-13.94,-107.8,-10.68084716796875,-75.17762756347656
-67.57,-68.13,11.128906,2015.0,0.9760105506323683,-0.1,0.73,-13.01,-102.1,-11.415763854980469,-81.00526428222656
-67.57,-68.13,11.128906,2015.0,0.741222010848596,-1.2,0.15,-15.11,-113.7,-11.53506851196289,-81.95130920410156
-67.57,-68.13,11.128906,2015.0,0.29671281927349075,-0.9,-0.07,-17.59,-131.3,-11.468257904052734,-81.42152404785156
-67.57,-68.13,11.128906,2015.0,-0.2135209154397959,-1.9,-3.18,-16.32,-126.4,-14.66562271118164,-106.77552795410156
-67.57,-68.13,11.128906,2015.0,-0.680773409477016,-2.4,-0.76,-14.83,-112.6,-12.780609130859375,-91.82801818847656
-67.57,-68.13,11.128906,2015.0,-0.9587178169872964,-2.7,-0.65,-16.35,-126.3,-12.656532287597656,-90.84413146972656
-67.57,-68.13,11.128906,2015.0,-0.9741004551724206,-2.8,0.44,-14.19,-113.4,-12.332023620605469,-88.27088928222656
-67.57,-68.13,11.128906,2015.0,-0.7236440382959123,-0.8,1.74,-18.37,-146.6,-12.102958679199219,-86.45448303222656
-67.57,-68.13,11.128906,2016.0,0.9721181966290613,-2.0,0.38,-16.35,-129.3,-11.53506851196289,-81.95130920410156
-67.57,-68.13,11.128906,2016.0,0.7295575540864875,0.7,-0.77,-17.26,-135.9,-11.59710693359375,-82.44325256347656
-67.57,-68.13,11.128906,2016.0,0.2802306751992159,1.1,-0.43,-21.41,-167.9,-10.46609878540039,-73.47474670410156
-67.57,-68.13,11.128906,2016.0,-0.23030567023061196,0.7,-1.76,-15.81,-123.6,-12.34634017944336,-88.38441467285156
-67.57,-68.13,11.128906,2016.0,-0.6932812268869771,1.2,-1.65,-15.88,-124.5,-13.868667602539062,-100.45594787597656
-67.57,-68.13,11.128906,2016.0,-0.9634705485641486,2.0,0.61,-14.58,-113.8,-12.36065673828125,-88.49794006347656
-67.57,-68.13,11.128906,2016.0,-0.7116566222817751,-0.2,-0.16,-16.52,-129.3,-12.766292572021484,-91.71449279785156
-67.57,-68.13,11.128906,2020.0,0.2386727660059501,0.3,1.34,-15.77,-125.0,-10.585403442382812,-74.42079162597656
-67.57,-68.13,11.128906,2020.0,-0.23030567023061196,0.7,-1.23,-17.53,-135.3,-12.317707061767578,-88.15736389160156
-67.57,-68.13,11.128906,1999.0,6.432490598706546e-16,2.4,1.61,-13.73,-110.9,-9.941158294677734,-69.31214904785156
-67.57,-68.13,11.128906,2007.0,0.9760105506323683,-0.2,0.17,-20.4,-166.77,-11.511207580566406,-81.76210021972656
-67.57,-68.13,11.128906,2012.0,-0.27195815753410524,-1.0,0.17,-18.02,-141.31,-12.427467346191406,-89.02772521972656
-67.57,-68.13,11.128906,2017.0,0.9510565162951535,1.5,0.74,-12.24,-97.3,-9.506889343261719,-65.86854553222656
-67.57,-68.13,11.128906,2017.0,0.741222010848596,0.4,-1.91,-13.49,-103.0,-13.983200073242188,-101.36415100097656
-67.57,-68.13,11.128906,2017.0,0.29671281927349075,-0.7,0.05,-13.89,-107.1,-11.468257904052734,-81.42152404785156
-67.57,-68.13,11.128906,2017.0,-0.2135209154397959,1.3,1.26,-13.02,-99.0,-10.08432388305664,-70.44740295410156
-67.57,-68.13,11.128906,2017.0,-0.680773409477016,0.9,-1.1,-15.62,-122.2,-12.866508483886719,-92.50917053222656
-67.57,-68.13,11.128906,2017.0,-0.9587178169872964,1.0,-0.61,-14.0,-106.3,-12.747203826904297,-91.56312561035156
-67.57,-68.13,11.128906,2017.0,-0.9741004551724206,1.5,0.19,-17.2,-135.7,-12.65176010131836,-90.80628967285156
-67.57,-68.13,11.128906,2018.0,0.9510565162951535,2.4,-0.93,-12.91,-100.9,-11.702095031738281,-83.27577209472656
-67.57,-68.13,11.128906,2018.0,0.9760105506323683,0.8,1.24,-9.75,-77.3,-10.322933197021484,-72.33949279785156
-67.57,-68.13,11.128906,2018.0,0.741222010848596,0.6,2.12,-13.92,-107.2,-10.442237854003906,-73.28553771972656
-67.57,-68.13,11.128906,2018.0,0.29671281927349075,-0.2,1.09,-16.12,-126.3,-10.976722717285156,-77.52381896972656
-67.57,-68.13,11.128906,2018.0,-0.2135209154397959,0.4,1.39,-15.72,-122.4,-11.959793090820312,-85.31922912597656
-67.57,-68.13,11.128906,2018.0,-0.680773409477016,-0.5,1.97,-18.06,-140.1,-11.678234100341797,-83.08656311035156
-67.57,-68.13,11.128906,2018.0,-0.9587178169872964,-1.5,1.67,-15.18,-118.3,-12.136363983154297,-86.71937561035156
-67.57,-68.13,11.128906,2018.0,-0.9741004551724206,0.6,0.93,-12.74,-100.6,-12.398834228515625,-88.80067443847656
-67.57,-68.13,11.128906,2019.0,0.741222010848596,-0.7,-2.62,-12.13,-95.0,-14.05478286743164,-101.93177795410156
-67.57,-68.13,11.128906,2019.0,0.29671281927349075,-0.7,-1.09,-16.24,-129.0,-12.236579895019531,-87.51405334472656
-67.57,-68.13,11.128906,2019.0,-0.2135209154397959,-0.6,-1.43,-14.2,-112.1,-13.157611846923828,-94.81752014160156
-67.57,-68.13,11.128906,2019.0,-0.680773409477016,-0.2,-1.17,-13.66,-111.9,-12.947635650634766,-93.15248107910156
-67.57,-68.13,11.128906,2019.0,-0.9587178169872964,-1.9,-0.16,-19.39,-153.1,-12.661304473876953,-90.88197326660156
-67.57,-68.13,11.128906,2019.0,-0.9741004551724206,-0.6,-1.41,-14.75,-116.6,-13.253055572509766,-95.57435607910156
-67.57,-68.13,11.128906,2019.0,-0.7236440382959123,-1.4,0.28,-17.45,-137.2,-12.551544189453125,-90.01161193847656
-67.57,-68.13,11.128906,2020.0,0.6994583270516471,-0.1,1.26,-14.03,-109.0,-10.68084716796875,-75.17762756347656
-67.57,-68.13,11.128906,2020.0,0.9562348265919056,-0.2,1.01,-12.01,-94.5,-11.072166442871094,-78.28065490722656
-67.57,-68.13,11.128906,2020.0,0.9721181966290613,0.3,-1.02,-18.48,-143.9,-12.20794677734375,-87.28700256347656
-67.57,-68.13,11.128906,2020.0,0.7295575540864875,0.7,-0.41,-10.79,-88.1,-11.20101547241211,-79.30238342285156
-67.57,-68.13,11.128906,2020.0,0.2802306751992159,-0.6,-0.15,-16.95,-132.6,-11.453941345214844,-81.30799865722656
-67.57,-68.13,11.128906,2020.0,-0.6932812268869771,1.8,0.12,-16.53,-127.8,-12.522911071777344,-89.78456115722656
-67.57,-68.13,11.128906,2020.0,-0.9634705485641486,1.5,0.98,-13.47,-106.6,-12.394062042236328,-88.76283264160156
-67.57,-68.13,11.128906,2020.0,-0.970063921851507,0.8,-0.65,-15.72,-124.9,-12.747203826904297,-91.56312561035156
-67.57,-68.13,11.128906,2020.0,-0.7116566222817751,1.1,2.54,-13.26,-108.4,-11.224876403808594,-79.49159240722656
-67.57,-68.13,11.128906,2020.0,-0.27195815753410524,3.0,-0.3,-14.06,-108.3,-10.938545227050781,-77.22108459472656
-67.57,-68.13,11.128906,2021.0,0.2386727660059501,3.2,-1.11,-13.8,-111.1,-11.267826080322266,-79.83216857910156
-67.57,-68.13,11.128906,2021.0,0.6994583270516471,2.5,0.14,-19.49,-152.2,-9.440078735351562,-65.33876037597656
-67.57,-68.13,11.128906,2021.0,0.9510565162951535,0.6,0.73,-23.61,-185.4,-10.308616638183594,-72.22596740722656
-67.57,-68.13,11.128906,2021.0,0.9760105506323683,0.6,-1.43,-13.62,-109.4,-13.181472778320312,-95.00672912597656
-67.57,-68.13,11.128906,2021.0,0.741222010848596,0.8,-1.24,-15.81,-123.1,-12.623126983642578,-90.57923889160156
-67.57,-68.13,11.128906,2021.0,0.29671281927349075,0.7,0.77,-15.75,-125.3,-11.07693862915039,-78.31849670410156
-67.57,-68.13,11.128906,2021.0,-0.2135209154397959,2.3,0.03,-16.63,-129.7,-10.337249755859375,-72.45301818847656
-67.57,-68.13,11.128906,2021.0,-0.680773409477016,1.0,-0.28,-17.79,-139.7,-12.312934875488281,-88.11952209472656
-67.57,-68.13,11.128906,2021.0,-0.9587178169872964,1.3,-0.21,-14.28,-112.1,-12.704254150390625,-91.22254943847656
-67.57,-68.13,11.128906,2021.0,-0.9741004551724206,1.2,-2.29,-18.39,-145.1,-13.563247680664062,-98.03407287597656
-67.57,-68.13,11.128906,2021.0,-0.7236440382959123,1.6,-0.18,-11.27,-91.7,-12.646987915039062,-90.76844787597656
-67.57,-68.13,11.128906,2021.0,-0.2884824328806098,2.5,0.29,-12.39,-100.9,-10.07000732421875,-70.33387756347656
49.67,-93.72,427.09375,1997.0,0.6994583270516471,2.9,1.7,-24.16,-191.0,-21.938434600830078,-164.44642639160156
49.67,-93.72,427.09375,1997.0,0.741222010848596,-2.2,-0.28,-13.34,-106.6,-15.93502426147461,-116.84144592285156
49.67,-93.72,427.09375,1997.0,0.29671281927349075,-2.3,-1.47,-10.15,-81.1,-19.161022186279297,-142.42250061035156
49.67,-93.72,427.09375,1997.0,-0.2135209154397959,-1.2,0.34,-8.36,-62.4,-15.228740692138672,-111.24085998535156
49.67,-93.72,427.09375,1997.0,-0.9741004551724206,-2.4,-1.7,-9.89,-72.4,-15.849124908447266,-116.16029357910156
49.67,-93.72,427.09375,1997.0,-0.7236440382959123,-2.0,-0.9,-19.26,-147.1,-17.834354400634766,-131.90248107910156
49.67,-93.72,427.09375,1998.0,0.2386727660059501,-4.4,0.39,-27.28,-214.7,-25.02126693725586,-188.89222717285156
49.67,-93.72,427.09375,1998.0,0.6994583270516471,-3.4,-0.11,-14.14,-106.8,-21.862079620361328,-163.84095764160156
49.67,-93.72,427.09375,1998.0,0.9760105506323683,-2.4,-0.68,-4.42,-22.8,-15.973201751708984,-117.14418029785156
49.67,-93.72,427.09375,1998.0,0.741222010848596,0.4,-1.32,-5.9,-39.2,-16.04001235961914,-117.67396545410156
49.67,-93.72,427.09375,1998.0,0.29671281927349075,1.6,-2.72,-13.89,-103.2,-15.419628143310547,-112.75453186035156
49.67,-93.72,427.09375,1998.0,-0.680773409477016,1.9,-0.02,-7.15,-55.4,-15.01876449584961,-109.57582092285156
49.67,-93.72,427.09375,1998.0,-0.9587178169872964,1.7,-2.0,-10.67,-77.7,-15.88730239868164,-116.46302795410156
49.67,-93.72,427.09375,1998.0,-0.9741004551724206,1.8,-0.29,-9.46,-68.2,-12.947635650634766,-93.15248107910156
49.67,-93.72,427.09375,1998.0,-0.7236440382959123,1.7,-0.28,-20.19,-157.0,-14.121593475341797,-102.46156311035156
49.67,-93.72,427.09375,1998.0,-0.2884824328806098,2.3,0.87,-23.8,-181.7,-19.619152069091797,-146.05531311035156
49.67,-93.72,427.09375,1999.0,0.2386727660059501,3.0,0.77,-25.43,-184.6,-22.482463836669922,-168.76039123535156
49.67,-93.72,427.09375,1999.0,0.6994583270516471,1.6,0.29,-16.78,-124.8,-18.826969146728516,-139.77357482910156
49.67,-93.72,427.09375,1999.0,0.9510565162951535,2.1,0.23,-14.77,-104.2,-19.542797088623047,-145.44984436035156
49.67,-93.72,427.09375,1999.0,0.9760105506323683,2.3,-0.95,-11.53,-80.9,-16.679485321044922,-122.74476623535156
49.67,-93.72,427.09375,1999.0,0.29671281927349075,0.4,1.12,-8.05,-54.5,-20.105915069580078,-149.91517639160156
49.67,-93.72,427.09375,1999.0,-0.2135209154397959,0.9,-0.9,-7.56,-49.3,-16.19272232055664,-118.88490295410156
49.67,-93.72,427.09375,1999.0,-0.680773409477016,0.6,0.39,-12.76,-89.3,-13.830490112304688,-100.15321350097656
49.67,-93.72,427.09375,1999.0,-0.9587178169872964,-0.1,0.36,-12.4,-88.0,-13.725502014160156,-99.32069396972656
49.67,-93.72,427.09375,1999.0,-0.9741004551724206,1.6,0.2,-16.32,-119.5,-13.100345611572266,-94.36341857910156
49.67,-93.72,427.09375,1999.0,-0.7236440382959123,1.7,0.65,-21.52,-159.5,-15.209651947021484,-111.08949279785156
49.67,-93.72,427.09375,1999.0,-0.2884824328806098,2.4,1.61,-12.42,-83.8,-20.506778717041016,-153.09388732910156
49.67,-93.72,427.09375,2000.0,0.2386727660059501,1.1,0.6,-23.55,-175.2,-20.89809799194336,-156.19691467285156
49.67,-93.72,427.09375,2000.0,0.9562348265919056,2.2,0.77,-11.76,-82.2,-19.256465911865234,-143.17933654785156
49.67,-93.72,427.09375,2000.0,0.9721181966290613,2.0,-0.03,-13.89,-109.0,-18.07296371459961,-133.79457092285156
49.67,-93.72,427.09375,2000.0,0.7295575540864875,0.6,1.58,-10.69,-80.4,-18.731525421142578,-139.01673889160156
49.67,-93.72,427.09375,2000.0,0.2802306751992159,-0.3,-0.03,-10.4,-74.8,-14.656078338623047,-106.69984436035156
49.67,-93.72,427.09375,2000.0,-0.23030567023061196,-0.3,-1.03,-9.56,-68.6,-17.366680145263672,-128.19398498535156
49.67,-93.72,427.09375,2000.0,-0.6932812268869771,1.2,-0.29,-9.07,-60.3,-14.20749282836914,-103.14271545410156
49.67,-93.72,427.09375,2000.0,-0.9634705485641486,1.4,-0.21,-15.56,-117.0,-13.534614562988281,-97.80702209472656
49.67,-93.72,427.09375,2000.0,-0.970063921851507,1.8,0.92,-10.52,-70.9,-12.97149658203125,-93.34169006347656
49.67,-93.72,427.09375,2000.0,-0.7116566222817751,3.0,-0.92,-14.04,-96.7,-16.145000457763672,-118.50648498535156
49.67,-93.72,427.09375,2000.0,-0.27195815753410524,1.3,-0.58,-28.29,-209.6,-16.31679916381836,-119.86878967285156
49.67,-93.72,427.09375,2001.0,0.2386727660059501,1.6,0.25,-23.52,-176.5,-19.304187774658203,-143.55775451660156
49.67,-93.72,427.09375,2001.0,0.6994583270516471,2.8,0.45,-19.84,-145.4,-21.27987289428711,-159.22425842285156
49.67,-93.72,427.09375,2001.0,0.9510565162951535,1.5,-1.26,-19.34,-143.6,-16.49814224243164,-121.30677795410156
49.67,-93.72,427.09375,2001.0,0.9760105506323683,0.3,0.0,-23.75,-175.6,-16.431331634521484,-120.77699279785156
49.67,-93.72,427.09375,2001.0,0.741222010848596,-0.8,-0.02,-14.01,-103.2,-16.46950912475586,-121.07972717285156
49.67,-93.72,427.09375,2001.0,0.29671281927349075,0.5,-0.2,-8.14,-55.8,-15.543704986572266,-113.73841857910156
49.67,-93.72,427.09375,2001.0,-0.2135209154397959,-0.3,-0.25,-5.78,-38.7,-14.656078338623047,-106.69984436035156
49.67,-93.72,427.09375,2001.0,-0.680773409477016,-0.7,-0.07,-8.75,-60.7,-14.083415985107422,-102.15882873535156
49.67,-93.72,427.09375,2001.0,-0.9587178169872964,0.3,-0.65,-8.54,-60.0,-15.55324935913086,-113.81410217285156
49.67,-93.72,427.09375,2001.0,-0.9741004551724206,-0.1,-0.24,-15.64,-115.7,-14.446102142333984,-105.03480529785156
49.67,-93.72,427.09375,2001.0,-0.7236440382959123,1.1,0.63,-20.62,-153.4,-15.610515594482422,-114.26820373535156
49.67,-93.72,427.09375,2001.0,-0.2884824328806098,-1.4,-0.83,-14.63,-106.6,-19.199199676513672,-142.72523498535156
49.67,-93.72,427.09375,2002.0,0.2386727660059501,0.7,0.44,-24.94,-190.3,-19.036945343017578,-141.43861389160156
49.67,-93.72,427.09375,2002.0,0.6994583270516471,1.8,1.1,-24.03,-180.4,-19.895938873291016,-148.25013732910156
49.67,-93.72,427.09375,2002.0,0.9510565162951535,-0.4,0.69,-23.21,-175.1,-18.60744857788086,-138.03285217285156
49.67,-93.72,427.09375,2002.0,0.9760105506323683,-0.1,1.18,-11.61,-77.5,-18.235218048095703,-135.08119201660156
49.67,-93.72,427.09375,2002.0,0.741222010848596,-1.4,-0.22,-12.73,-93.0,-16.354976654052734,-120.17152404785156
49.67,-93.72,427.09375,2002.0,0.29671281927349075,-0.4,0.38,-8.49,-59.2,-14.732433319091797,-107.30531311035156
49.67,-93.72,427.09375,2002.0,-0.2135209154397959,-0.8,0.62,-8.32,-64.4,-15.73459243774414,-115.25209045410156
49.67,-93.72,427.09375,2002.0,-0.680773409477016,-1.6,0.38,-10.36,-74.7,-14.17885971069336,-102.91566467285156
49.67,-93.72,427.09375,2002.0,-0.9587178169872964,-1.0,-0.7,-8.2,-52.2,-15.954113006591797,-116.99281311035156
49.67,-93.72,427.09375,2002.0,-0.9741004551724206,-0.6,-2.28,-17.84,-126.5,-16.965816497802734,-125.01527404785156
49.67,-93.72,427.09375,2002.0,-0.7236440382959123,-0.7,-0.18,-21.79,-161.8,-15.333728790283203,-112.07337951660156
49.67,-93.72,427.09375,2002.0,-0.2884824328806098,-1.8,-0.94,-18.29,-133.2,-19.466442108154297,-144.84437561035156
49.67,-93.72,427.09375,2003.0,0.2386727660059501,-0.3,0.16,-23.61,-177.7,-15.371906280517578,-112.37611389160156
49.67,-93.72,427.09375,2003.0,0.6994583270516471,-1.1,0.62,-26.96,-203.1,-18.645626068115234,-138.33558654785156
49.67,-93.72,427.09375,2003.0,0.9510565162951535,-0.5,0.32,-25.98,-198.2,-17.710277557373047,-130.91859436035156
49.67,-93.72,427.09375,2003.0,0.9760105506323683,-0.2,-0.18,-12.27,-87.3,-16.364521026611328,-120.24720764160156
49.67,-93.72,427.09375,2003.0,0.741222010848596,-0.5,0.01,-9.53,-69.3,-16.57449722290039,-121.91224670410156
49.67,-93.72,427.09375,2003.0,0.29671281927349075,-1.0,-0.07,-9.3,-69.7,-18.626537322998047,-138.18421936035156
49.67,-93.72,427.09375,2003.0,-0.2135209154397959,0.5,0.13,-11.05,-84.1,-16.87991714477539,-124.33412170410156
49.67,-93.72,427.09375,2003.0,-0.680773409477016,0.2,-0.07,-8.21,-57.5,-14.045238494873047,-101.85609436035156
49.67,-93.72,427.09375,2003.0,-0.9587178169872964,-0.2,0.01,-12.25,-83.5,-14.05478286743164,-101.93177795410156
49.67,-93.72,427.09375,2003.0,-0.9741004551724206,0.0,-1.26,-17.62,-129.4,-15.868213653564453,-116.31166076660156
49.67,-93.72,427.09375,2003.0,-0.7236440382959123,-0.5,0.86,-21.39,-154.3,-16.278621673583984,-119.56605529785156
49.67,-93.72,427.09375,2003.0,-0.2884824328806098,1.8,0.64,-21.07,-158.5,-19.819583892822266,-147.64466857910156
49.67,-93.72,427.09375,2004.0,0.2386727660059501,-2.2,-0.29,-22.64,-169.2,-19.313732147216797,-143.63343811035156
49.67,-93.72,427.09375,2004.0,0.6994583270516471,2.0,-0.14,-23.31,-184.8,-17.318958282470703,-127.81556701660156
49.67,-93.72,427.09375,2004.0,0.9562348265919056,0.7,1.02,-17.64,-129.8,-18.435649871826172,-136.67054748535156
49.67,-93.72,427.09375,2004.0,0.9721181966290613,-1.5,1.15,-8.95,-69.1,-18.311573028564453,-135.68666076660156
49.67,-93.72,427.09375,2004.0,0.7295575540864875,1.7,0.19,-10.85,-76.4,-18.33066177368164,-135.83802795410156
49.67,-93.72,427.09375,2004.0,0.2802306751992159,-1.4,-0.89,-9.78,-69.8,-19.409175872802734,-144.39027404785156
49.67,-93.72,427.09375,2004.0,-0.23030567023061196,-0.8,1.13,-13.05,-97.0,-17.328502655029297,-127.89125061035156
49.67,-93.72,427.09375,2004.0,-0.6932812268869771,-0.5,-0.48,-9.32,-68.1,-14.427013397216797,-104.88343811035156
49.67,-93.72,427.09375,2004.0,-0.9634705485641486,-0.6,0.38,-10.96,-78.5,-14.011833190917969,-101.59120178222656
49.67,-93.72,427.09375,2004.0,-0.970063921851507,-0.1,-1.1,-10.85,-75.2,-15.896846771240234,-116.53871154785156
49.67,-93.72,427.09375,2004.0,-0.7116566222817751,-1.1,0.73,-11.9,-85.1,-15.925479888916016,-116.76576232910156
49.67,-93.72,427.09375,2004.0,-0.27195815753410524,-1.3,1.21,-17.22,-132.4,-17.46212387084961,-128.95082092285156
49.67,-93.72,427.09375,2005.0,0.2386727660059501,0.6,1.52,-19.89,-153.6,-21.031719207763672,-157.25648498535156
49.67,-93.72,427.09375,2005.0,0.6994583270516471,-5.2,-0.06,-23.46,-175.0,-25.536663055419922,-192.97914123535156
49.67,-93.72,427.09375,2005.0,0.9510565162951535,0.5,-1.83,-23.43,-181.0,-17.910709381103516,-132.50794982910156
49.67,-93.72,427.09375,2005.0,0.9760105506323683,-1.0,-0.3,-20.21,-155.2,-16.364521026611328,-120.24720764160156
49.67,-93.72,427.09375,2005.0,0.741222010848596,-1.3,-1.25,-10.22,-76.9,-16.335887908935547,-120.02015686035156
49.67,-93.72,427.09375,2005.0,0.29671281927349075,0.7,-0.05,-11.33,-79.0,-16.135456085205078,-118.43080139160156
49.67,-93.72,427.09375,2005.0,-0.2135209154397959,0.3,-0.51,-7.07,-43.6,-15.81094741821289,-115.85755920410156
49.67,-93.72,427.09375,2005.0,-0.680773409477016,-0.6,0.37,-7.78,-60.9,-14.150226593017578,-102.68861389160156
49.67,-93.72,427.09375,2005.0,-0.9587178169872964,0.6,0.63,-9.37,-65.6,-13.88775634765625,-100.60731506347656
49.67,-93.72,427.09375,2005.0,-0.9741004551724206,2.0,-0.98,-11.79,-79.7,-13.396221160888672,-96.70960998535156
49.67,-93.72,427.09375,2005.0,-0.7236440382959123,-0.3,-0.31,-14.86,-110.5,-15.066486358642578,-109.95423889160156
49.67,-93.72,427.09375,2005.0,-0.2884824328806098,-0.0,-0.44,-18.97,-139.8,-15.219196319580078,-111.16517639160156
49.67,-93.72,427.09375,2006.0,0.2386727660059501,2.7,1.27,-25.5,-195.4,-22.27248764038086,-167.09535217285156
49.67,-93.72,427.09375,2006.0,0.6994583270516471,0.2,-0.51,-22.98,-173.8,-16.39315414428711,-120.47425842285156
49.67,-93.72,427.09375,2006.0,0.9510565162951535,2.9,-1.28,-23.31,-177.5,-20.08682632446289,-149.76380920410156
49.67,-93.72,427.09375,2006.0,0.9760105506323683,1.8,1.24,-15.67,-112.1,-18.86514663696289,-140.07630920410156
49.67,-93.72,427.09375,2006.0,0.741222010848596,-0.8,-1.14,-11.94,-92.7,-16.326343536376953,-119.94447326660156
49.67,-93.72,427.09375,2006.0,0.29671281927349075,-0.4,0.84,-11.12,-77.5,-15.152385711669922,-110.63539123535156
49.67,-93.72,427.09375,2006.0,-0.2135209154397959,-1.0,0.9,-8.43,-59.2,-16.937183380126953,-124.78822326660156
49.67,-93.72,427.09375,2006.0,-0.680773409477016,-1.7,-1.73,-7.37,-57.0,-14.598812103271484,-106.24574279785156
49.67,-93.72,427.09375,2006.0,-0.9587178169872964,-1.0,-1.62,-7.99,-52.8,-16.106822967529297,-118.20375061035156
49.67,-93.72,427.09375,2006.0,-0.9741004551724206,-2.1,-2.24,-10.97,-74.8,-16.994449615478516,-125.24232482910156
49.67,-93.72,427.09375,2006.0,-0.7236440382959123,0.1,0.44,-20.6,-150.7,-16.106822967529297,-118.20375061035156
49.67,-93.72,427.09375,2006.0,-0.2884824328806098,-0.5,1.34,-17.18,-121.5,-17.757999420166016,-131.29701232910156
49.67,-93.72,427.09375,2007.0,0.2386727660059501,-1.3,0.22,-21.58,-160.0,-17.700733184814453,-130.84291076660156
49.67,-93.72,427.09375,2007.0,0.6994583270516471,-0.1,-0.47,-16.67,-116.7,-16.402698516845703,-120.54994201660156
49.67,-93.72,427.09375,2007.0,0.9510565162951535,0.3,1.44,-15.56,-113.3,-18.37838363647461,-136.21644592285156
49.67,-93.72,427.09375,2007.0,0.741222010848596,-0.2,0.66,-9.3,-59.9,-18.731525421142578,-139.01673889160156
49.67,-93.72,427.09375,2007.0,0.29671281927349075,0.9,-1.31,-8.14,-53.5,-16.746295928955078,-123.27455139160156
49.67,-93.72,427.09375,2007.0,-0.2135209154397959,-0.5,-0.58,-16.57,-123.6,-18.473827362060547,-136.97328186035156
49.67,-93.72,427.09375,2007.0,-0.680773409477016,0.7,-0.14,-10.73,-78.1,-14.197948455810547,-103.06703186035156
49.67,-93.72,427.09375,2007.0,-0.9587178169872964,0.3,0.72,-9.73,-68.8,-13.916389465332031,-100.83436584472656
49.67,-93.72,427.09375,2007.0,-0.9741004551724206,1.2,0.45,-12.4,-85.2,-13.768451690673828,-99.66127014160156
49.67,-93.72,427.09375,2007.0,-0.7236440382959123,1.4,0.58,-22.53,-164.7,-15.228740692138672,-111.24085998535156
49.67,-93.72,427.09375,2007.0,-0.2884824328806098,2.7,0.34,-24.88,-186.5,-19.848217010498047,-147.87171936035156
49.67,-93.72,427.09375,2008.0,0.2386727660059501,2.9,0.89,-22.87,-171.3,-22.711528778076172,-170.57679748535156
49.67,-93.72,427.09375,2008.0,0.6994583270516471,4.4,0.73,-23.97,-186.6,-23.455989837646484,-176.48011779785156
49.67,-93.72,427.09375,2008.0,0.9562348265919056,2.4,0.08,-18.97,-142.0,-20.229991912841797,-150.89906311035156
49.67,-93.72,427.09375,2008.0,0.9721181966290613,1.1,-1.07,-12.9,-91.0,-16.383609771728516,-120.39857482910156
49.67,-93.72,427.09375,2008.0,0.7295575540864875,-0.1,-1.73,-11.8,-82.2,-17.299869537353516,-127.66419982910156
49.67,-93.72,427.09375,2008.0,0.2802306751992159,1.0,-1.39,-13.24,-96.5,-17.099437713623047,-126.07484436035156
49.67,-93.72,427.09375,2008.0,-0.23030567023061196,0.5,-1.27,-10.85,-77.0,-16.34543228149414,-120.09584045410156
49.67,-93.72,427.09375,2008.0,-0.6932812268869771,1.7,-1.16,-9.24,-59.7,-16.125911712646484,-118.35511779785156
49.67,-93.72,427.09375,2008.0,-0.9634705485641486,2.0,1.02,-14.16,-94.8,-13.133750915527344,-94.62831115722656
49.67,-93.72,427.09375,2008.0,-0.970063921851507,2.1,-0.04,-10.26,-69.6,-13.157611846923828,-94.81752014160156
49.67,-93.72,427.09375,2008.0,-0.7116566222817751,2.2,-0.32,-15.41,-109.4,-14.885143280029297,-108.51625061035156
49.67,-93.72,427.09375,2008.0,-0.27195815753410524,2.4,-0.28,-30.82,-225.8,-16.69857406616211,-122.89613342285156
49.67,-93.72,427.09375,2009.0,0.2386727660059501,1.8,-0.01,-24.55,-180.2,-17.443035125732422,-128.79945373535156
49.67,-93.72,427.09375,2009.0,0.6994583270516471,3.1,0.06,-17.4,-128.5,-21.327594757080078,-159.60267639160156
49.67,-93.72,427.09375,2009.0,0.9510565162951535,0.7,0.57,-15.75,-119.6,-18.626537322998047,-138.18421936035156
49.67,-93.72,427.09375,2009.0,0.9760105506323683,1.3,-0.2,-11.58,-80.4,-16.564952850341797,-121.83656311035156
49.67,-93.72,427.09375,2009.0,0.741222010848596,-0.2,1.68,-11.61,-82.3,-18.903324127197266,-140.37904357910156
49.67,-93.72,427.09375,2009.0,0.29671281927349075,0.2,-1.21,-13.52,-102.6,-16.631763458251953,-122.36634826660156
49.67,-93.72,427.09375,2009.0,-0.2135209154397959,0.4,-2.15,-14.45,-106.2,-15.954113006591797,-116.99281311035156
49.67,-93.72,427.09375,2009.0,-0.680773409477016,-0.3,-0.19,-8.73,-59.6,-14.140682220458984,-102.61293029785156
49.67,-93.72,427.09375,2009.0,-0.9587178169872964,0.5,1.51,-8.87,-60.8,-13.787540435791016,-99.81263732910156
49.67,-93.72,427.09375,2009.0,-0.9741004551724206,-2.0,-1.03,-20.78,-149.7,-16.183177947998047,-118.80921936035156
49.67,-93.72,427.09375,2009.0,-0.7236440382959123,-1.0,-0.02,-11.27,-73.4,-15.744136810302734,-115.32777404785156
49.67,-93.72,427.09375,2009.0,-0.2884824328806098,-1.2,-1.93,-22.83,-171.5,-17.328502655029297,-127.89125061035156
49.67,-93.72,427.09375,2010.0,0.2386727660059501,-1.8,-1.11,-16.16,-121.2,-19.332820892333984,-143.78480529785156
49.67,-93.72,427.09375,2010.0,0.6994583270516471,-2.4,-1.98,-26.99,-199.8,-19.046489715576172,-141.51429748535156
49.67,-93.72,427.09375,2010.0,0.9510565162951535,-1.1,-0.88,-11.52,-78.6,-16.31679916381836,-119.86878967285156
49.67,-93.72,427.09375,2010.0,0.9760105506323683,2.0,-0.72,-7.5,-42.8,-16.860828399658203,-124.18275451660156
49.67,-93.72,427.09375,2010.0,0.741222010848596,1.5,-1.49,-9.77,-68.6,-16.612674713134766,-122.21498107910156
49.67,-93.72,427.09375,2010.0,0.29671281927349075,0.6,-0.82,-13.29,-96.5,-15.820491790771484,-115.93324279785156
49.67,-93.72,427.09375,2010.0,-0.2135209154397959,3.0,-0.42,-9.18,-62.7,-18.83651351928711,-139.84925842285156
49.67,-93.72,427.09375,2010.0,-0.680773409477016,3.0,-1.22,-10.67,-75.3,-16.555408477783203,-121.76087951660156
49.67,-93.72,427.09375,2010.0,-0.9587178169872964,3.7,-0.79,-13.28,-95.2,-14.951953887939453,-109.04603576660156
49.67,-93.72,427.09375,2010.0,-0.9741004551724206,2.9,-0.93,-14.65,-105.9,-13.377132415771484,-96.55824279785156
49.67,-93.72,427.09375,2010.0,-0.7236440382959123,2.1,-1.62,-18.78,-138.9,-15.868213653564453,-116.31166076660156
49.67,-93.72,427.09375,2007.0,0.9760105506323683,-0.2,0.17,-9.89,-64.5,-16.908550262451172,-124.56117248535156
23.27,5.6,2246.375,1992.0,0.7295575540864875,0.4,2.63,-0.99,3.0,-0.1539902687072754,6.178393363952637
23.27,5.6,2246.375,1992.0,-0.23030567023061196,-1.0,0.16,3.4,20.0,-2.616420269012451,-10.623587608337402
23.27,5.6,2246.375,1992.0,-0.6932812268869771,0.6,0.85,-0.97,-7.4,-3.6846156120300293,-19.811046600341797
23.27,5.6,2246.375,1993.0,-0.680773409477016,-1.6,0.12,-5.05,-27.2,-2.2816996574401855,-7.744683265686035
23.27,5.6,2246.375,1993.0,-0.9587178169872964,-1.2,-0.57,-4.4,-18.7,-0.7355613708496094,5.736482620239258
23.27,5.6,2246.375,1993.0,-0.9741004551724206,-1.8,-0.71,2.28,5.1,-0.7989630699157715,5.187737464904785
23.27,5.6,2246.375,1993.0,-0.7236440382959123,-0.1,2.56,-7.8,-41.9,-3.5781702995300293,-18.895519256591797
23.27,5.6,2246.375,1994.0,0.2386727660059501,-0.2,1.04,-1.65,2.4,-2.838042736053467,-12.529744148254395
23.27,5.6,2246.375,1994.0,0.9510565162951535,-1.1,1.26,-0.6,12.4,-0.5608420372009277,3.7587082386016846
23.27,5.6,2246.375,1994.0,-0.680773409477016,-2.0,0.38,-1.13,-3.7,-2.031505584716797,-5.587416648864746
23.27,5.6,2246.375,1994.0,-0.9587178169872964,-2.6,-1.32,-2.99,-17.5,-0.6265740394592285,6.679194450378418
23.27,5.6,2246.375,1994.0,-0.9741004551724206,-1.9,-0.97,-11.16,-69.3,-0.6828587055206299,6.190975189208984
23.27,5.6,2246.375,1995.0,0.9510565162951535,1.2,1.25,-6.47,-35.6,0.25794553756713867,8.623456001281738
23.27,5.6,2246.375,1995.0,0.9760105506323683,-1.1,-0.85,-3.52,-15.1,-1.8035273551940918,-3.631962537765503
23.27,5.6,2246.375,1995.0,0.741222010848596,-0.6,-1.49,-3.3,-16.0,-1.5111558437347412,-1.8931300640106201
23.27,5.6,2246.375,1995.0,0.29671281927349075,0.2,0.13,0.87,1.8,-3.2397074699401855,-15.984429359436035
23.27,5.6,2246.375,1995.0,-0.2135209154397959,0.7,-0.22,0.94,7.6,-3.3827433586120605,-17.21466827392578
23.27,5.6,2246.375,1995.0,-0.680773409477016,0.5,0.69,-1.17,-6.2,-3.549895763397217,-18.652332305908203
23.27,5.6,2246.375,1995.0,-0.9587178169872964,0.4,0.31,-1.68,-10.8,-1.8195710182189941,-3.4765784740448
23.27,5.6,2246.375,1995.0,-0.9741004551724206,0.0,0.19,-2.01,-7.3,-1.6440048217773438,-1.9955651760101318
23.27,5.6,2246.375,1995.0,-0.2884824328806098,-0.8,-1.67,-5.9,-38.0,-2.077540874481201,-5.988730430603027
23.27,5.6,2246.375,1996.0,0.9562348265919056,1.9,-0.24,-5.17,-13.3,0.5167193412780762,10.167330741882324
23.27,5.6,2246.375,1996.0,0.9721181966290613,1.3,-0.17,-3.93,-10.4,0.3447861671447754,9.14478588104248
23.27,5.6,2246.375,1998.0,0.741222010848596,0.4,-1.32,-5.73,-36.0,-0.4995589256286621,4.1231794357299805
23.27,5.6,2246.375,1998.0,0.29671281927349075,1.6,-2.72,-1.08,-6.9,-2.5045695304870605,-9.661568641662598
23.27,5.6,2246.375,1998.0,-0.2135209154397959,2.0,-0.48,-2.66,-13.4,-3.639708995819092,-19.424808502197266
23.27,5.6,2246.375,1998.0,-0.680773409477016,1.9,-0.02,-4.43,-24.9,-4.137008190155029,-23.702037811279297
23.27,5.6,2246.375,1998.0,-0.9587178169872964,1.7,-2.0,-3.64,-23.5,-1.4421000480651855,-0.4052741527557373
23.27,5.6,2246.375,1999.0,-0.680773409477016,0.6,0.39,-1.945,-18.4,-3.6513514518737793,-19.524944305419922
23.27,5.6,2246.375,1999.0,-0.9587178169872964,-0.1,0.36,-4.49,-23.75,-3.049039363861084,-13.7158784866333
23.27,5.6,2246.375,2001.0,-0.680773409477016,-0.7,-0.07,0.45,9.35,-3.0966715812683105,-14.754189491271973
23.27,5.6,2246.375,2002.0,0.29671281927349075,-0.4,0.38,-0.62,10.1,-2.922034740447998,-13.252152442932129
23.27,5.6,2246.375,2003.0,0.6994583270516471,-1.1,0.62,-5.11,-20.3,-0.6297855377197266,3.34867787361145
23.27,5.6,2246.375,1999.0,6.432490598706546e-16,2.4,1.61,-11.98,-85.3,-3.0396862030029297,-14.315975189208984
23.27,5.6,2246.375,2000.0,0.16280701293851715,-0.3,-0.03,-2.25,-3.5,-2.0897791385650635,-7.274111747741699
23.27,5.6,2246.375,2000.0,-0.5307300481619331,1.2,-0.29,-4.58,-26.35,-3.832641124725342,-21.08420181274414
23.27,5.6,2246.375,2000.0,-0.5452404385406507,1.2,-0.29,1.53,6.9,-3.8376307487487793,-21.127117156982422
23.27,5.6,2246.375,2001.0,0.5595892624101765,-0.8,-0.02,-1.83,-20.2,-1.9635956287384033,-6.211403846740723
23.27,5.6,2246.375,2001.0,-0.7748840413670406,-0.7,-0.07,4.53,23.55,-2.9070658683776855,-13.123406410217285
23.27,5.6,2246.375,2001.0,-0.7856498550787144,-0.7,-0.07,1.59,12.75,-2.872138500213623,-12.822999000549316
23.27,5.6,2246.375,2001.0,-0.8165380514459157,-0.7,-0.07,1.32,8.5,-2.61393404006958,-10.57766056060791
23.27,5.6,2246.375,2001.0,-0.8359254794186365,-0.7,-0.07,0.17,10.2,-2.4904961585998535,-9.499161720275879
23.27,5.6,2246.375,2001.0,-0.8452490573530633,-0.7,-0.07,0.28,12.45,-2.4347050189971924,-9.011712074279785
23.27,5.6,2246.375,2001.0,-0.8631421280499115,-0.7,-0.07,5.32,33.95,-2.3404622077941895,-8.18172550201416
23.27,5.6,2246.375,2002.0,0.5160623910158528,-1.4,-0.22,-2.53,-12.1,-3.0120701789855957,-14.028157234191895
23.27,5.6,2246.375,2002.0,-0.4862727071086902,-0.8,0.62,-2.34,-3.1,-3.0201640129089355,-14.09615421295166
23.27,5.6,2246.375,2001.0,-0.9997685019798909,-0.1,-0.24,1.49,-2.35,-3.5312957763671875,-17.75469970703125
23.27,5.6,2246.375,2002.0,0.5595892624101765,-1.4,-0.22,2.31,8.8,-2.451958656311035,-9.906975746154785
23.27,5.6,2246.375,2005.0,0.3294084822245304,0.7,-0.05,-1.9,-8.55,-1.8704023361206055,-6.088566780090332
23.27,5.6,2246.375,2005.0,-0.9033558023246842,0.6,0.63,0.52,7.08,-5.498312950134277,-35.28189468383789
23.27,5.6,2246.375,2002.0,-0.9992500112396835,-0.6,-2.28,-1.29,10.3,-0.7156233787536621,5.899043083190918
23.27,5.6,2246.375,2005.0,-0.5877852522924734,-0.6,0.37,1.93,17.52,-3.487525463104248,-18.115890502929688
23.27,5.6,2246.375,2005.0,-0.888057322629493,0.6,0.63,-3.81,-11.44,-5.517711639404297,-35.57870864868164
23.27,5.6,2246.375,1999.0,-0.7295575540864876,0.6,0.39,0.225,-1.05,-3.6014552116394043,-19.09579086303711
23.27,5.6,2246.375,1999.0,-0.7526668275320083,0.6,0.39,-4.425,-22.7,-3.5449061393737793,-18.609416961669922
23.27,5.6,2246.375,1999.0,-0.7638886127905429,0.6,0.39,-4.0,-22.4,-3.513305187225342,-18.33761978149414
23.27,5.6,2246.375,1999.0,-0.7748840413670406,0.6,0.39,-4.86,-23.0,-3.480041027069092,-18.051517486572266
23.27,5.6,2246.375,1999.0,-0.8359254794186365,0.6,0.39,-2.765,-12.1,-3.3883719444274902,-17.130050659179688
23.27,5.6,2246.375,1999.0,-0.9427611433904206,-0.1,0.36,-4.785,-28.9,-2.857163906097412,-12.138646125793457
23.27,5.6,2246.375,1999.0,-0.9483615800121716,-0.1,0.36,-1.295,1.75,-2.91487979888916,-12.612504005432129
23.27,5.6,2246.375,1999.0,-0.9536809966304455,-0.1,0.36,-2.94,-17.2,-2.9847354888916016,-13.186509132385254
23.27,5.6,2246.375,1999.0,-0.9634705485641486,-0.1,0.36,-0.645,-5.55,-3.1086812019348145,-14.207840919494629
23.27,5.6,2246.375,1999.0,-0.9721181966290612,-0.1,0.36,1.74,9.6,-3.215618133544922,-15.090535163879395
23.27,5.6,2246.375,1999.0,-0.9760105506323682,-0.1,0.36,-2.925,-16.5,-3.2606425285339355,-15.46257495880127
23.27,5.6,2246.375,1999.0,-0.9796136916454901,-0.1,0.36,-1.13,-7.3,-3.3034048080444336,-15.81566333770752
23.27,5.6,2246.375,1999.0,-0.9959189961471792,1.6,0.2,-2.71,-9.1,-4.62812614440918,-26.885921478271484
23.27,5.6,2246.375,1999.0,-0.9922222094179324,1.6,0.2,-3.375,-15.75,-4.581851005554199,-26.507465362548828
23.27,5.6,2246.375,1999.0,-0.989932495087353,1.6,0.2,-2.255,-16.05,-4.556487560272217,-26.300670623779297
23.27,5.6,2246.375,2000.0,0.1882267098432442,1.1,0.6,-6.22,-27.1,-1.3103172779083252,-1.6315686702728271
23.27,5.6,2246.375,2000.0,0.401487989205973,1.1,0.6,-0.36,0.45,-1.8639099597930908,-5.245602607727051
23.27,5.6,2246.375,2000.0,0.8263541987239096,0.6,1.58,-4.09,-26.75,0.12518835067749023,7.838763236999512
23.27,5.6,2246.375,2000.0,0.5595892624101765,0.6,1.58,3.52,26.05,-0.7574586868286133,2.589362382888794
23.27,5.6,2246.375,2000.0,0.440518784350495,-0.3,-0.03,-2.89,-7.75,-3.147399425506592,-15.190495491027832
23.27,5.6,2246.375,2000.0,0.21352091543979612,-0.3,-0.03,5.51,31.7,-2.6363823413848877,-11.275233268737793
23.27,5.6,2246.375,2000.0,-0.39359027665646645,-0.3,-1.03,6.91,43.35,-3.2363810539245605,-15.955819129943848
23.27,5.6,2246.375,2000.0,-0.4093559588156211,-0.3,-1.03,5.74,37.4,-3.2397074699401855,-15.984429359436035
23.27,5.6,2246.375,2000.0,-0.42500033996955394,-0.3,-1.03,-1.06,-5.95,-3.2422022819519043,-16.00588607788086
23.27,5.6,2246.375,2000.0,-0.5877852522924734,1.2,-0.29,-2.31,-4.7,-3.8975062370300293,-21.642101287841797
23.27,5.6,2246.375,2000.0,-0.7412220108485957,1.2,-0.29,0.53,8.1,-4.164840221405029,-23.864681243896484
23.27,5.6,2246.375,2000.0,-0.7526668275320083,1.2,-0.29,-2.85,-6.6,-4.1774210929870605,-23.949665069580078
23.27,5.6,2246.375,2000.0,-0.8064799463209447,1.2,-0.29,0.97,11.45,-4.103918552398682,-23.2252140045166
23.27,5.6,2246.375,2000.0,-0.9679377830240641,1.4,-0.21,-2.42,-7.4,-4.337200164794922,-24.570667266845703
23.27,5.6,2246.375,2000.0,-0.9721181966290612,1.4,-0.21,-5.78,-28.65,-4.362329483032227,-24.769672393798828
23.27,5.6,2246.375,2000.0,-0.9829265519799822,1.4,-0.21,2.48,27.1,-4.424560546875,-25.267032623291016
23.27,5.6,2246.375,2000.0,-0.994217906893952,1.8,0.92,1.77,12.1,-5.985711574554443,-38.488182067871094
23.27,5.6,2246.375,2000.0,-0.9562348265919058,1.8,0.92,-7.5,-38.4,-5.578580379486084,-35.54551315307617
23.27,5.6,2246.375,2000.0,-0.8840675099433637,1.8,0.92,-8.14,-53.5,-5.281108856201172,-33.53673553466797
23.27,5.6,2246.375,2001.0,0.5877852522924732,-0.8,-0.02,-1.83,-20.2,-1.5075719356536865,-2.7567126750946045
23.27,5.6,2246.375,2001.0,-0.7295575540864876,-0.7,-0.07,-2.16,-4.3,-3.0193324089050293,-14.089001655578613
23.27,5.6,2246.375,2001.0,-0.7961828637826154,-0.7,-0.07,3.41,26.15,-2.841369152069092,-12.558354377746582
23.27,5.6,2246.375,2001.0,-0.8064799463209447,-0.7,-0.07,3.78,27.95,-2.741947889328003,-11.693188667297363
23.27,5.6,2246.375,2001.0,-0.8263541987239094,-0.7,-0.07,0.28,-0.4,-2.548191785812378,-10.00316333770752
23.27,5.6,2246.375,2001.0,-0.8800122039735356,0.3,-0.65,2.76,19.05,-3.243217945098877,-15.777092933654785
23.27,5.6,2246.375,2001.0,-0.9778483415056568,-0.1,-0.24,1.49,-2.35,-3.390336275100708,-16.613040924072266
23.27,5.6,2246.375,2002.0,0.9988797155850336,-0.1,1.18,2.21,13.8,-0.028019428253173828,6.927584648132324
23.27,5.6,2246.375,2002.0,0.8452490573530633,-1.4,-0.22,2.21,13.8,-1.7406482696533203,-3.2579996585845947
23.27,5.6,2246.375,2002.0,0.545240438540651,-1.4,-0.22,-0.88,-10.0,-2.6495189666748047,-11.33570671081543
23.27,5.6,2246.375,2002.0,0.5307300481619334,-1.4,-0.22,8.81,33.9,-2.84354305267334,-12.75223445892334
23.27,5.6,2246.375,2002.0,0.5012418134457758,-0.4,0.38,-1.35,-7.4,-2.4557197093963623,-9.84107494354248
23.27,5.6,2246.375,2002.0,0.4711595076738638,-0.4,0.38,4.61,27.4,-2.8330068588256836,-12.671917915344238
23.27,5.6,2246.375,2002.0,0.4559066935084588,-0.4,0.38,3.26,16.35,-2.9827418327331543,-13.77428913116455
23.27,5.6,2246.375,2002.0,0.440518784350495,-0.4,0.38,-2.41,-11.95,-3.034301280975342,-14.217747688293457
23.27,5.6,2246.375,2002.0,0.42500033996955416,-0.4,0.38,4.21,20.5,-3.0692286491394043,-14.518155097961426
23.27,5.6,2246.375,2002.0,0.4093559588156213,-0.4,0.38,4.98,17.5,-3.0933451652526855,-14.725579261779785
23.27,5.6,2246.375,2002.0,0.39359027665646673,-0.4,0.38,7.09,34.5,-3.104156017303467,-14.818562507629395
23.27,5.6,2246.375,2002.0,0.3777079652039649,-0.4,0.38,1.86,1.8,-3.101661205291748,-14.797104835510254
23.27,5.6,2246.375,2002.0,0.36171373072976765,-0.4,0.38,1.35,-0.8,-3.0866923332214355,-14.66835880279541
23.27,5.6,2246.375,2002.0,0.3456123126707335,-0.4,0.38,2.17,-1.7,-3.0559229850769043,-14.403714179992676
23.27,5.6,2246.375,2002.0,0.3294084822245304,-0.4,0.38,-2.16,0.5,-3.024322032928467,-14.131916999816895
23.27,5.6,2246.375,2002.0,0.3131070409358269,-0.4,0.38,-4.47,-13.0,-2.981078624725342,-13.759984016418457
23.27,5.6,2246.375,2002.0,0.2802306751992159,-0.4,0.38,-1.29,10.3,-2.819133758544922,-12.468039512634277
23.27,5.6,2246.375,2002.0,0.26366549272800704,-0.4,0.38,-1.23,4.3,-2.605886697769165,-10.981322288513184
23.27,5.6,2246.375,2002.0,0.24702218048093552,-0.4,0.38,-0.08,16.0,-2.407355785369873,-9.584332466125488
23.27,5.6,2246.375,2002.0,0.23030567023061221,-0.4,0.38,-3.82,-5.3,-2.202531337738037,-8.11570930480957
23.27,5.6,2246.375,2002.0,-0.4093559588156211,-0.8,0.62,-1.35,-7.4,-2.9893946647644043,-13.831509590148926
23.27,5.6,2246.375,2002.0,-0.5012418134457756,-1.6,0.38,4.61,27.4,-2.6372103691101074,-10.802401542663574
23.27,5.6,2246.375,2002.0,-0.6287628145958345,-1.6,0.38,3.26,16.35,-2.579413890838623,-10.305298805236816
23.27,5.6,2246.375,2002.0,-0.7055836101071774,-1.6,0.38,-2.41,-11.95,-2.475879192352295,-9.41480541229248
23.27,5.6,2246.375,2002.0,-0.7176769136759615,-1.6,0.38,4.21,20.5,-2.4683947563171387,-9.350432395935059
23.27,5.6,2246.375,2002.0,-0.7526668275320083,-1.6,0.38,4.98,17.5,-2.352010726928711,-8.333998680114746
23.27,5.6,2246.375,2002.0,-0.7748840413670406,-1.6,0.38,7.09,34.5,-2.202676296234131,-7.028687477111816
23.27,5.6,2246.375,2002.0,-0.7961828637826154,-1.6,0.38,1.86,1.8,-2.041686773300171,-5.621869087219238
23.27,5.6,2246.375,2002.0,-0.8543221697498269,-1.6,0.38,1.35,-0.8,-1.8375496864318848,-3.826927900314331
23.27,5.6,2246.375,2002.0,-0.9911140639934546,-1.0,-0.7,2.17,-1.7,-2.575174331665039,-9.831780433654785
23.27,5.6,2246.375,2002.0,-0.9995462806873573,-1.0,-0.7,-2.16,0.5,-2.6446638107299805,-10.403645515441895
23.27,5.6,2246.375,2002.0,-0.9999907397361901,-0.6,-2.28,-4.47,-13.0,-0.7129411697387695,5.922541618347168
23.27,5.6,2246.375,2002.0,-0.9997685019798909,-0.6,-2.28,-0.62,10.1,-0.713477611541748,5.917841911315918
23.27,5.6,2246.375,2002.0,-0.9984354211555643,-0.6,-2.28,-1.23,4.3,-0.7161598205566406,5.894343376159668
23.27,5.6,2246.375,2002.0,-0.9959189961471792,-0.6,-2.28,-0.08,16.0,-0.7209877967834473,5.852046012878418
23.27,5.6,2246.375,2002.0,-0.9922222094179324,-0.6,-2.28,-3.82,-5.3,-0.7258157730102539,5.809748649597168
23.27,5.6,2246.375,2003.0,0.6680638642135335,-0.5,0.01,2.21,6.3,-0.7421379089355469,2.6804802417755127
23.27,5.6,2246.375,2003.0,0.6551563572090853,-0.5,0.01,3.72,13.4,-0.7957606315612793,2.361567735671997
23.27,5.6,2246.375,2005.0,0.6680638642135335,-1.3,-1.25,-0.44,-8.69,-2.51246976852417,-9.729517936706543
23.27,5.6,2246.375,2005.0,0.6016240632249226,-1.3,-1.25,4.22,9.4,-3.2555079460144043,-16.12032699584961
23.27,5.6,2246.375,2005.0,0.5307300481619334,-1.3,-1.25,6.69,38.03,-4.011854648590088,-22.396020889282227
23.27,5.6,2246.375,2005.0,0.5012418134457758,0.7,-0.05,-2.35,-4.43,-2.4737343788146973,-10.100479125976562
23.27,5.6,2246.375,2005.0,0.48627270710869,0.7,-0.05,5.88,12.43,-2.5544676780700684,-10.690963745117188
23.27,5.6,2246.375,2005.0,0.4711595076738638,0.7,-0.05,5.53,17.69,-2.606207847595215,-11.067087173461914
23.27,5.6,2246.375,2005.0,0.39359027665646673,0.7,-0.05,-3.11,-13.71,-2.3973779678344727,-9.690495491027832
23.27,5.6,2246.375,2005.0,0.36171373072976765,0.7,-0.05,3.72,12.19,-2.1527674198150635,-8.032694816589355
23.27,5.6,2246.375,2005.0,0.26366549272800704,0.7,-0.05,-5.3,-23.58,-1.4469141960144043,-2.9498488903045654
23.27,5.6,2246.375,2005.0,-0.6287628145958345,-0.6,0.37,-0.53,3.88,-3.440955638885498,-17.715347290039062
23.27,5.6,2246.375,2005.0,-0.7176769136759615,-0.6,0.37,3.07,16.73,-3.528217315673828,-18.350961685180664
23.27,5.6,2246.375,2005.0,-0.8064799463209447,-0.6,0.37,0.36,1.91,-3.8000845909118652,-20.765430450439453
23.27,5.6,2246.375,2005.0,-0.8543221697498269,-0.6,0.37,4.78,17.4,-3.929858446121216,-21.827220916748047
23.27,5.6,2246.375,2005.0,-0.8631421280499115,-0.6,0.37,-1.14,-0.29,-3.9875550270080566,-22.322298049926758
23.27,5.6,2246.375,2005.0,-0.8717063187093217,0.6,0.63,0.05,-2.93,-5.541749000549316,-35.92863082885742
23.27,5.6,2246.375,2005.0,-0.8800122039735356,0.6,0.63,-3.26,-12.12,-5.524847984313965,-35.70808029174805
23.27,5.6,2246.375,2005.0,-0.9106046300942162,0.6,0.63,-0.56,8.06,-5.4824419021606445,-35.085174560546875
23.27,5.6,2246.375,2005.0,-0.9242907221930934,0.6,0.63,-2.79,-5.83,-5.485045433044434,-35.00992202758789
23.27,5.6,2246.375,2005.0,-0.9979171608653922,0.6,0.63,4.0,34.13,-5.9271626472473145,-37.92263412475586
23.27,5.6,2246.375,2005.0,-0.9988797155850335,0.6,0.63,3.61,21.1,-5.937472343444824,-38.00040054321289
23.27,5.6,2246.375,2005.0,-0.9997685019798909,2.0,-0.98,-2.6,-2.93,-6.201888561248779,-40.00590896606445
23.27,5.6,2246.375,2005.0,-0.9611297838723007,2.0,-0.98,-2.17,-16.61,-6.143325328826904,-39.56279373168945
0.38,6.72,0.0,1965.0,-0.680773409477016,-1.1,0.45,-0.2,3.7,-3.693755626678467,-19.034439086914062
0.38,6.72,0.0,1965.0,-0.9587178169872964,-2.2,0.37,-2.0,-3.8,-3.6328303813934326,-18.585397720336914
0.38,6.72,0.0,1965.0,-0.9741004551724206,-1.5,0.38,0.1,6.8,-3.659811019897461,-18.857654571533203
0.38,6.72,0.0,1966.0,0.6994583270516471,-0.4,-1.39,-3.2,-10.7,-3.243213176727295,-15.751553535461426
0.38,6.72,0.0,1966.0,0.9760105506323683,-0.3,-0.75,-3.8,-11.8,-3.2384915351867676,-15.869845390319824
0.38,6.72,0.0,1966.0,0.741222010848596,-0.7,0.22,-4.3,-18.0,-3.8171870708465576,-20.73891258239746
0.38,6.72,0.0,1966.0,0.29671281927349075,0.5,1.05,-5.8,-28.7,-4.284653663635254,-24.54622459411621
0.38,6.72,0.0,1966.0,-0.9741004551724206,-0.2,-0.68,-4.1,-22.0,-3.151732921600342,-14.977360725402832
0.38,6.72,0.0,1966.0,-0.7236440382959123,-0.0,-0.04,-7.0,-38.0,-3.6461710929870605,-18.790760040283203
0.38,6.72,0.0,1966.0,-0.2884824328806098,-0.6,0.72,-1.2,13.2,-4.187808513641357,-23.348873138427734
0.38,6.72,0.0,1967.0,0.2386727660059501,2.8,-0.89,-0.8,10.0,-2.725776195526123,-11.564148902893066
0.38,6.72,0.0,1967.0,0.6994583270516471,2.8,0.19,-3.0,-7.1,-3.1163125038146973,-14.818236351013184
0.38,6.72,0.0,1967.0,0.9510565162951535,2.0,1.51,-6.7,-37.5,-3.9725382328033447,-22.22661018371582
0.38,6.72,0.0,1967.0,0.9760105506323683,-0.1,0.18,-5.4,-28.9,-3.5803122520446777,-18.69896697998047
0.38,6.72,0.0,1967.0,0.741222010848596,-0.0,-0.99,-4.7,-24.3,-3.1910252571105957,-15.345980644226074
0.38,6.72,0.0,1967.0,-0.2135209154397959,0.3,0.41,0.6,14.6,-3.868770122528076,-20.831024169921875
0.38,6.72,0.0,1967.0,-0.9741004551724206,0.1,0.07,-5.07,-23.0,-3.4273953437805176,-17.347185134887695
0.38,6.72,0.0,1967.0,-0.7236440382959123,-0.7,0.6,-3.52,-12.5,-3.8460230827331543,-20.28652572631836
0.38,6.72,0.0,1967.0,-0.2884824328806098,-0.9,-0.45,-2.7,-13.1,-3.203162670135498,-15.188481330871582
0.38,6.72,0.0,1969.0,0.6994583270516471,-0.9,-1.55,-4.56,-23.4,-3.471614360809326,-17.464595794677734
0.38,6.72,0.0,1969.0,0.9510565162951535,0.7,-1.56,-6.06,-37.2,-2.739081859588623,-11.678589820861816
0.38,6.72,0.0,1969.0,0.741222010848596,-0.4,0.55,-2.61,-13.1,-3.9819416999816895,-22.142894744873047
0.38,6.72,0.0,1969.0,-0.9741004551724206,-1.5,0.66,-3.73,-20.1,-3.1643598079681396,-14.763983726501465
0.38,6.72,0.0,1969.0,-0.7236440382959123,-0.1,-0.96,-3.77,-16.2,-3.204873561859131,-15.375603675842285
0.38,6.72,0.0,1969.0,-0.2884824328806098,0.7,-0.28,-2.64,-6.4,-2.9022908210754395,-12.915656089782715
0.38,6.72,0.0,1972.0,-0.9634705485641486,-2.2,-0.12,0.49,11.9,-3.248426675796509,-15.473830223083496
0.38,6.72,0.0,1973.0,0.9510565162951535,1.2,0.3,-1.82,-3.0,-3.3439955711364746,-16.644878387451172
0.38,6.72,0.0,1973.0,0.9760105506323683,0.1,-0.54,-1.69,0.1,-3.119433879852295,-14.80810260772705
0.38,6.72,0.0,1973.0,-0.2135209154397959,1.0,0.57,0.68,11.7,-2.436378002166748,-9.075058937072754
0.38,6.72,0.0,1973.0,-0.9587178169872964,2.0,-0.3,-2.72,-14.8,-2.02734112739563,-6.186628818511963
0.38,6.72,0.0,1973.0,-0.2884824328806098,3.0,0.32,-1.49,-0.2,-1.997291088104248,-5.298508644104004
0.38,6.72,0.0,1974.0,0.2386727660059501,4.0,1.34,-2.86,-7.1,-2.130305051803589,-6.693678379058838
0.38,6.72,0.0,1974.0,0.6994583270516471,3.4,-0.14,-4.37,-20.8,-2.443955898284912,-9.381624221801758
0.38,6.72,0.0,1974.0,0.9510565162951535,4.0,-0.03,-4.42,-18.8,-1.7767761945724487,-4.3307294845581055
0.38,6.72,0.0,1974.0,0.9760105506323683,1.6,0.51,-3.9,-18.4,-3.339388370513916,-16.60563087463379
0.38,6.72,0.0,1974.0,0.741222010848596,1.6,-0.24,-0.28,0.0,-3.1731696128845215,-15.223580360412598
0.38,6.72,0.0,1974.0,-0.9587178169872964,1.8,0.82,-0.6,3.0,-2.137192726135254,-6.671750068664551
0.38,6.72,0.0,1974.0,-0.9741004551724206,1.5,0.49,-5.45,-32.2,-2.22834849357605,-7.366701126098633
0.38,6.72,0.0,1974.0,-0.7236440382959123,-0.2,-0.54,-3.26,-13.2,-3.424060344696045,-17.120208740234375
0.38,6.72,0.0,1975.0,0.2386727660059501,-0.8,0.58,-0.63,4.6,-2.6700587272644043,-11.084927558898926
0.38,6.72,0.0,1975.0,0.6994583270516471,1.3,-0.62,-3.9,-17.6,-3.018637180328369,-13.906954765319824
0.38,6.72,0.0,1975.0,0.9510565162951535,2.6,-0.61,-1.2,-2.0,-2.4981350898742676,-9.803149223327637
0.38,6.72,0.0,1975.0,0.741222010848596,1.1,-0.52,-2.76,-10.5,-3.081913471221924,-14.425189018249512
0.38,6.72,0.0,1975.0,-0.9741004551724206,2.8,-0.54,-4.66,-26.1,-1.0672392845153809,0.47832322120666504
0.38,6.72,0.0,1975.0,-0.7236440382959123,1.9,0.41,-3.39,-14.6,-2.81655216217041,-12.14244556427002
0.38,6.72,0.0,1975.0,-0.2884824328806098,3.5,0.0,-3.34,-16.3,-1.2272958755493164,-0.20491862297058105
0.38,6.72,0.0,1976.0,0.2386727660059501,2.3,-0.25,-0.71,-10.4,-2.4361298084259033,-9.245707511901855
0.38,6.72,0.0,1976.0,0.6994583270516471,2.8,0.93,-0.67,-12.1,-3.2278237342834473,-15.634966850280762
0.38,6.72,0.0,1976.0,0.9562348265919056,2.9,0.75,-4.54,-26.3,-2.8017921447753906,-12.20014476776123
0.38,6.72,0.0,1976.0,0.9721181966290613,0.5,0.26,-2.87,-8.9,-3.5494704246520996,-18.295024871826172
0.38,6.72,0.0,1976.0,-0.970063921851507,0.7,-0.08,-0.81,-7.4,-2.9163146018981934,-12.923518180847168
0.38,6.72,0.0,1976.0,-0.7116566222817751,1.2,0.17,-0.6,-5.1,-2.9606986045837402,-13.348512649536133
0.38,6.72,0.0,1976.0,-0.27195815753410524,-0.6,-1.6,-0.85,-10.0,-1.8521965742111206,-4.816794395446777
0.38,6.72,0.0,1964.0,0.2386727660059501,-0.6,-0.95,-2.6,-13.7,-3.089160442352295,-14.227646827697754
0.38,6.72,0.0,1964.0,0.6994583270516471,0.1,-1.43,-2.5,-14.9,-2.847935914993286,-12.610700607299805
0.38,6.72,0.0,1964.0,0.9562348265919056,1.9,-1.2,-2.9,-18.6,-2.7332606315612793,-11.628521919250488
0.38,6.72,0.0,1964.0,0.9721181966290613,1.8,0.36,-6.0,-41.0,-3.0485260486602783,-14.311979293823242
0.38,6.72,0.0,1964.0,0.7295575540864875,0.4,0.52,-5.4,-26.1,-3.745004653930664,-20.021509170532227
0.38,6.72,0.0,1964.0,-0.23030567023061196,0.9,1.9,2.6,23.6,-5.603942394256592,-35.04880905151367
0.38,6.72,0.0,1964.0,-0.9634705485641486,2.1,0.2,0.2,5.6,-4.043220043182373,-22.61972427368164
0.38,6.72,0.0,1964.0,-0.970063921851507,2.2,0.74,-5.3,-31.6,-3.806849956512451,-20.460006713867188
0.38,6.72,0.0,1964.0,-0.27195815753410524,-0.5,-0.15,-2.3,-5.0,-3.711341381072998,-19.222042083740234
0.38,6.72,0.0,1965.0,0.741222010848596,0.3,-0.62,-0.9,-2.5,-3.190761089324951,-15.392300605773926
0.38,6.72,0.0,1965.0,0.29671281927349075,-0.9,0.29,2.6,26.7,-3.828809976577759,-20.665834426879883
0.38,6.72,0.0,1965.0,-0.7236440382959123,-2.4,-1.66,-0.8,10.6,-4.027080059051514,-22.28350830078125
0.38,6.72,0.0,1965.0,-0.2884824328806098,0.3,1.37,-0.3,-6.9,-5.105201244354248,-30.907604217529297
0.38,6.72,0.0,1968.0,0.2386727660059501,0.9,0.13,-1.69,-3.4,-3.826812267303467,-20.509021759033203
0.38,6.72,0.0,1968.0,0.6994583270516471,2.1,-1.29,-1.22,-1.3,-2.7465662956237793,-11.742962837219238
0.38,6.72,0.0,1968.0,0.9562348265919056,0.2,0.4,-5.65,-33.1,-3.6576449871063232,-19.36020851135254
0.38,6.72,0.0,1968.0,0.9721181966290613,0.0,-1.08,-4.76,-28.9,-3.0132288932800293,-14.029733657836914
0.38,6.72,0.0,1968.0,0.7295575540864875,2.1,-1.76,-7.89,-48.9,-2.5037379264831543,-9.65441608428955
0.38,6.72,0.0,1968.0,-0.9634705485641486,-0.4,-1.92,-2.46,-15.8,-2.64552640914917,-10.873927116394043
0.38,6.72,0.0,1968.0,-0.970063921851507,-0.1,-2.3,-2.99,-14.4,-3.050933361053467,-14.360798835754395
0.38,6.72,0.0,1968.0,-0.7116566222817751,-0.6,-0.93,-2.19,-11.0,-3.383279323577881,-16.766677856445312
0.38,6.72,0.0,1968.0,-0.27195815753410524,0.3,-1.4,-2.25,-3.4,-2.636345386505127,-10.630253791809082
0.38,6.72,0.0,1962.0,0.2386727660059501,3.3,0.61,-0.7,1.2,-3.7568774223327637,-19.952449798583984
0.38,6.72,0.0,1962.0,0.6994583270516471,-0.5,0.55,0.5,3.1,-3.8334052562713623,-20.95167350769043
0.38,6.72,0.0,1962.0,0.9510565162951535,0.2,-2.47,-0.6,-13.7,-1.8035273551940918,-3.631962537765503
0.38,6.72,0.0,1962.0,0.9760105506323683,0.3,0.99,-1.7,-20.5,-3.7824416160583496,-20.645023345947266
0.38,6.72,0.0,1962.0,-0.9587178169872964,0.7,-0.37,0.1,6.8,-5.235167503356934,-32.880714416503906
0.38,6.72,0.0,1962.0,-0.9741004551724206,1.6,0.41,-0.6,1.8,-4.879992961883545,-29.663768768310547
0.38,6.72,0.0,1962.0,-0.7236440382959123,0.5,-0.23,-2.8,-23.0,-5.452620983123779,-34.30668258666992
0.38,6.72,0.0,1962.0,-0.2884824328806098,0.3,-1.32,-3.8,-19.2,-2.119455337524414,-6.565281867980957
0.38,6.72,0.0,1963.0,0.2386727660059501,1.7,-2.12,1.3,5.6,-1.8035273551940918,-3.631962537765503
0.38,6.72,0.0,1963.0,0.6994583270516471,0.9,-0.96,-2.6,-6.2,-2.8471903800964355,-12.60842227935791
0.38,6.72,0.0,1963.0,0.9510565162951535,1.9,-0.43,-3.9,-10.6,-2.8862757682800293,-12.944592475891113
0.38,6.72,0.0,1963.0,0.9760105506323683,1.3,-1.35,-5.5,-21.1,-2.7507243156433105,-11.778725624084473
0.38,6.72,0.0,1963.0,0.741222010848596,0.6,2.16,-5.5,-32.3,-4.114893913269043,-23.371973037719727
0.38,6.72,0.0,1963.0,0.29671281927349075,-0.8,-0.43,-0.2,11.8,-3.395646572113037,-16.896270751953125
0.38,6.72,0.0,1963.0,-0.9587178169872964,-1.0,1.79,-3.3,-14.9,-3.2970995903015137,-15.7798433303833
0.38,6.72,0.0,1963.0,-0.9741004551724206,-2.0,0.94,-4.8,-31.6,-3.413257122039795,-16.781932830810547
0.38,6.72,0.0,1963.0,-0.7236440382959123,-1.4,-1.27,-2.3,-8.1,-4.808690547943115,-29.107803344726562
0.38,6.72,0.0,1963.0,-0.2884824328806098,-2.0,-1.92,-1.6,-1.3,-2.1193289756774902,-6.348146438598633
0.38,6.72,0.0,1964.0,-0.7116566222817751,0.3,-0.01,-2.9,-8.1,-4.587695598602295,-26.836734771728516
-22.66416667,-48.06,490.46875,1997.0,0.29671281927349075,-2.3,-1.47,-8.52,-62.38,-5.464393138885498,-35.64707565307617
-22.66416667,-48.06,490.46875,1997.0,-0.9587178169872964,-2.4,0.61,-0.24,15.76,-0.5403379201889038,6.854589462280273
-22.66416667,-48.06,490.46875,1997.0,-0.7236440382959123,-2.0,-0.9,1.31,11.23,-1.6488828659057617,-2.2528774738311768
-22.66416667,-48.06,490.46875,1997.0,-0.2884824328806098,-1.6,-0.96,-6.93,-45.88,-4.718547821044922,-28.599538803100586
-22.66416667,-48.06,490.46875,1998.0,0.6994583270516471,-3.4,-0.11,-4.23,-19.65,-4.624842166900635,-28.53470230102539
-22.66416667,-48.06,490.46875,1997.0,0.440518784350495,-2.3,-1.47,-8.92,-65.14,-5.32931661605835,-34.419681549072266
-22.66416667,-48.06,490.46875,1997.0,0.3456123126707335,-2.3,-1.47,-7.72,-56.46,-5.4148030281066895,-35.19790267944336
-22.66416667,-48.06,490.46875,1997.0,-0.3131070409358267,-1.2,0.34,-2.45,0.72,-3.454246759414673,-17.54439353942871
-22.66416667,-48.06,490.46875,1997.0,-0.3294084822245302,-1.2,0.34,-2.11,-2.54,-3.464191436767578,-17.623647689819336
-22.66416667,-48.06,490.46875,1997.0,-0.7856498550787144,-2.4,0.83,-2.84,-9.82,-1.562830924987793,-1.7058501243591309
-22.66416667,-48.06,490.46875,1997.0,-0.9536809966304455,-2.4,0.61,2.1,28.64,-0.5534371137619019,6.75917911529541
-22.66416667,-48.06,490.46875,1997.0,-0.9995462806873573,-2.4,0.61,-2.8,-3.31,-0.48038244247436523,7.089664459228516
-22.66416667,-48.06,490.46875,1997.0,-0.9999166586547379,-2.4,0.61,-2.21,-6.89,-0.48021137714385986,7.087610244750977
-22.66416667,-48.06,490.46875,1997.0,-0.9455963874271428,-2.4,-1.7,-4.27,-17.58,-1.8272565603256226,-3.4570560455322266
-22.66416667,-48.06,490.46875,1997.0,-0.9141279881853337,-2.4,-1.7,-2.91,-17.93,-1.7960913181304932,-3.249675750732422
-22.66416667,-48.06,490.46875,1997.0,-0.9070138128026362,-2.4,-1.7,-7.7,-49.54,-1.7986598014831543,-3.2786176204681396
-22.66416667,-48.06,490.46875,1997.0,-0.8214765533024145,-2.0,-0.9,-0.43,6.66,-0.9481415152549744,2.5594866275787354
-22.66416667,-48.06,490.46875,1997.0,-0.8115390590073611,-2.0,-0.9,-1.17,-6.2,-1.0220942497253418,2.058103322982788
-22.66416667,-48.06,490.46875,1997.0,-0.801361088174677,-2.0,-0.9,-0.77,9.55,-1.1042078733444214,1.5035269260406494
-22.66416667,-48.06,490.46875,1997.0,-0.6994583270516471,-2.0,-0.9,-7.17,-54.27,-1.8934255838394165,-4.38353967666626
-22.66416667,-48.06,490.46875,1997.0,-0.5667017562911184,-2.0,-0.9,-6.83,-41.07,-3.094351291656494,-14.612854957580566
-22.66416667,-48.06,490.46875,1997.0,-0.5524353131676203,-2.0,-0.9,-7.41,-44.15,-3.2523844242095947,-15.964091300964355
-22.66416667,-48.06,490.46875,1997.0,-0.49377555015997737,-1.6,-0.96,-9.57,-63.18,-4.110994338989258,-23.335098266601562
-22.66416667,-48.06,490.46875,1997.0,-0.3049212246562894,-1.6,-0.96,-6.12,-39.38,-4.731162071228027,-28.712810516357422
-22.66416667,-48.06,490.46875,1997.0,-0.05161966722325418,-1.6,-0.96,-2.77,-10.22,-4.37714958190918,-25.681602478027344
-22.66416667,-48.06,490.46875,1998.0,0.13727877211326478,-4.4,0.39,-5.48,-31.02,-4.606822967529297,-28.06731605529785
-22.66416667,-48.06,490.46875,1998.0,0.2051044998686192,-4.4,0.39,-3.65,-20.75,-4.625200271606445,-28.236644744873047
-22.66416667,-48.06,490.46875,1998.0,0.2719581575341055,-4.4,0.39,-6.27,-40.86,-4.635550022125244,-28.341400146484375
-22.66416667,-48.06,490.46875,1998.0,0.6744436188329455,-3.4,-0.11,-3.54,-6.04,-4.597733497619629,-28.28693389892578
-22.66416667,-48.06,490.46875,1998.0,0.6870527672236669,-3.4,-0.11,-4.75,-23.58,-4.61075496673584,-28.40706443786621
-22.66416667,-48.06,490.46875,1998.0,0.7116566222817746,-3.4,-0.11,-6.79,-51.38,-4.63653564453125,-28.6416015625
-22.66416667,-48.06,490.46875,1998.0,0.811539059007361,-3.4,-0.11,-5.26,-35.82,-4.743582248687744,-29.615154266357422
-22.66416667,-48.06,490.46875,1998.0,0.8214765533024142,-3.4,-0.11,-13.2,-97.9,-4.754944324493408,-29.713600158691406
-22.66416667,-48.06,490.46875,1998.0,0.8406184056344782,-3.4,-0.11,-7.94,-66.41,-4.776297569274902,-29.89727783203125
-22.66416667,-48.06,490.46875,1998.0,0.9973249731081555,-4.0,0.87,-4.14,-21.51,-5.028533935546875,-32.05738830566406
-22.66416667,-48.06,490.46875,1998.0,0.9999907397361901,-2.4,-0.68,-7.41,-47.71,-4.951337814331055,-31.26117706298828
-22.66416667,-48.06,490.46875,1998.0,0.9033558023246845,-2.4,-0.68,-1.19,-3.26,-4.870569229125977,-30.568811416625977
-22.66416667,-48.06,490.46875,1998.0,0.854322169749827,0.4,-1.32,-5.78,-26.81,-4.38045597076416,-26.232486724853516
-22.66416667,-48.06,490.46875,1998.0,0.8452490573530633,0.4,-1.32,-7.07,-38.67,-4.374667167663574,-26.181333541870117
-22.66416667,-48.06,490.46875,1998.0,0.5877852522924732,0.4,-1.32,-3.24,-9.97,-4.057819843292236,-23.078243255615234
-22.66416667,-48.06,490.46875,1998.0,-0.9175836260593934,1.7,-2.0,-0.17,13.45,-2.2170684337615967,-6.680840015411377
-22.66416667,-48.06,490.46875,1998.0,-0.9242907221930934,1.7,-2.0,-3.26,-10.52,-2.2320163249969482,-6.803792476654053
-22.66416667,-48.06,490.46875,1998.0,-0.9984354211555643,1.8,-0.29,-2.1,5.82,-2.0428686141967773,-6.086423873901367
-22.66416667,-48.06,490.46875,1998.0,-0.9973249731081555,1.8,-0.29,-1.32,8.61,-2.0420424938201904,-6.083122253417969
-22.66416667,-48.06,490.46875,1998.0,-0.994217906893952,1.8,-0.29,-3.55,-8.28,-2.039487600326538,-6.070653915405273
-22.66416667,-48.06,490.46875,1998.0,-0.9844738167520923,1.8,-0.29,-1.28,10.2,-2.0140693187713623,-5.922699451446533
-22.66416667,-48.06,490.46875,1998.0,-0.965739937654855,1.8,-0.29,-6.83,-39.09,-1.850989818572998,-4.675135612487793
-22.66416667,-48.06,490.46875,1998.0,-0.9070138128026362,1.8,-0.29,-3.08,-10.33,-1.442763328552246,-1.1027061939239502
-22.66416667,-48.06,490.46875,1998.0,-0.8758917051442433,1.8,-0.29,-1.64,-1.9,-1.520796298980713,-1.2881205081939697
-22.66416667,-48.06,490.46875,1997.0,0.2802306751992159,-2.3,-1.47,-8.01,-41.8,-5.482119560241699,-35.807525634765625
-22.66416667,-48.06,490.46875,1997.0,-0.9829265519799822,-2.4,0.61,-1.62,-1.08,-0.4947317838668823,7.127911567687988
-22.66416667,-48.06,490.46875,1998.0,0.1202080448993527,-4.4,0.39,-5.29,-30.83,-4.60499382019043,-28.050321578979492
-22.66416667,-48.06,490.46875,1998.0,0.5808002734538009,-3.4,-0.11,-2.99,-11.08,-4.510982513427734,-27.475679397583008
-22.66416667,-48.06,490.46875,1998.0,0.6220467484408675,-3.4,-0.11,-3.73,-18.3,-4.548046112060547,-27.822845458984375
-22.66416667,-48.06,490.46875,1998.0,0.8498170915275278,-3.4,-0.11,-6.41,-39.52,-4.787678241729736,-29.996938705444336
-22.66416667,-48.06,490.46875,1998.0,0.8674563547295968,-4.0,0.87,-4.12,-20.03,-4.933408737182617,-31.28138542175293
-22.66416667,-48.06,490.46875,1998.0,0.5737722679043246,0.4,-1.32,-0.82,5.3,-4.038158893585205,-22.88888931274414
-22.66416667,-48.06,490.46875,1998.0,0.545240438540651,0.4,-1.32,-6.66,-41.18,-4.000567436218262,-22.524307250976562
-22.66416667,-48.06,490.46875,1998.0,-0.9796136916454901,1.7,-2.0,-1.55,4.97,-2.4068589210510254,-7.770554542541504
-22.66416667,-48.06,490.46875,1997.0,0.21352091543979612,-2.3,-1.47,-4.36,-28.04,-5.555685520172119,-36.471492767333984
-22.66416667,-48.06,490.46875,1997.0,-0.965739937654855,-2.4,-1.7,-0.73,8.09,-1.8526859283447266,-3.7115895748138428
-22.66416667,-48.06,490.46875,1997.0,-0.4635502709028512,-1.6,-0.96,-6.78,-45.22,-4.396245956420898,-25.80954360961914
-22.66416667,-48.06,490.46875,1997.0,-0.10310169744743544,-1.6,-0.96,-4.95,-26.14,-4.44420862197876,-26.23847198486328
-22.66416667,-48.06,490.46875,1998.0,0.9997685019798909,-4.0,0.87,-7.94,-55.88,-5.029202461242676,-32.06168746948242
-22.66416667,-48.06,490.46875,1998.0,0.9679377830240642,-2.4,-0.68,-4.42,-17.99,-4.926652908325195,-31.050172805786133
-22.66416667,-48.06,490.46875,1998.0,0.23030567023061221,1.6,-2.72,-0.66,11.8,-1.7486035823822021,-3.1120688915252686
-22.66416667,-48.06,490.46875,1998.0,-0.970063921851507,1.8,-0.29,-1.09,10.0,-1.8926184177398682,-5.000909328460693
-22.66416667,-48.06,490.46875,1998.0,-0.7354170229639858,1.7,-0.28,-4.06,-20.22,-2.157867908477783,-6.486222267150879
-22.66416667,-48.06,490.46875,1997.0,0.1457991969198751,-2.3,-1.47,-4.75,-21.24,-5.611001014709473,-36.96355438232422
-22.66416667,-48.06,490.46875,1997.0,0.06021327736579302,-2.3,-1.47,-3.08,-13.12,-5.623378753662109,-37.00491714477539
-22.66416667,-48.06,490.46875,1997.0,-0.9368813462954315,-2.4,0.61,1.9,16.61,-0.5971741676330566,6.416019439697266
-22.66416667,-48.06,490.46875,1997.0,-0.9634705485641486,-2.4,0.61,-0.65,8.4,-0.5284343957901001,6.939809799194336
-22.66416667,-48.06,490.46875,1997.0,-0.9873494423939864,-2.4,-1.7,-0.27,9.8,-1.889115810394287,-4.019170761108398
-22.66416667,-48.06,490.46875,1997.0,-0.9611297838723007,-2.4,-1.7,-1.67,-2.43,-1.8466895818710327,-3.6498630046844482
-22.66416667,-48.06,490.46875,1997.0,-0.7694148268839381,-2.0,-0.9,0.26,13.14,-1.3295347690582275,0.07786941528320312
-22.66416667,-48.06,490.46875,1997.0,-0.38566340624360745,-1.6,-0.96,-7.39,-45.07,-4.725767612457275,-28.68036651611328
-22.66416667,-48.06,490.46875,1997.0,-0.1882267098432439,-1.6,-0.96,-5.92,-40.54,-4.581291198730469,-27.395465850830078
-22.66416667,-48.06,490.46875,1998.0,0.30492122465628907,-4.4,0.39,-3.99,-23.85,-4.6401214599609375,-28.390371322631836
-22.66416667,-48.06,490.46875,1998.0,0.3212696616923644,-4.4,0.39,-3.49,-21.93,-4.640875816345215,-28.4023380279541
-22.66416667,-48.06,490.46875,1998.0,0.6616346182422783,-3.4,-0.11,-3.48,-18.31,-4.585909843444824,-28.176095962524414
-22.66416667,-48.06,490.46875,1998.0,0.8587639582758029,-4.0,0.87,-9.23,-63.56,-4.928875923156738,-31.245962142944336
-22.66416667,-48.06,490.46875,1998.0,0.8996308696522433,-4.0,0.87,0.09,2.86,-4.957991123199463,-31.478862762451172
-22.66416667,-48.06,490.46875,1998.0,0.9070138128026359,-4.0,0.87,0.23,9.03,-4.9638519287109375,-31.52751922607422
-22.66416667,-48.06,490.46875,1998.0,0.9455963874271426,-4.0,0.87,-4.77,-27.86,-4.992294788360596,-31.760425567626953
-22.66416667,-48.06,490.46875,1998.0,0.9611297838723007,-4.0,0.87,-7.9,-50.37,-5.003752708435059,-31.854164123535156
-22.66416667,-48.06,490.46875,1998.0,-0.07738647923346322,2.0,-0.48,-0.9,7.29,-2.9974875450134277,-13.593913078308105
-22.66416667,-48.06,490.46875,1998.0,-0.3131070409358267,2.0,-0.48,4.89,43.16,-2.5102698802948,-9.366959571838379
-22.66416667,-48.06,490.46875,1998.0,-0.5160623910158526,1.9,-0.02,0.28,16.37,-3.155700206756592,-14.65202808380127
-22.66416667,-48.06,490.46875,1998.0,-0.5452404385406507,1.9,-0.02,2.22,29.72,-3.13783597946167,-14.502923011779785
-22.66416667,-48.06,490.46875,1998.0,-0.6152845999633277,1.9,-0.02,-2.47,-6.3,-2.9932260513305664,-13.340301513671875
-22.66416667,-48.06,490.46875,1998.0,-0.6680638642135333,1.9,-0.02,-3.35,-9.54,-2.708404541015625,-11.01693058013916
-22.66416667,-48.06,490.46875,1998.0,-0.9106046300942162,1.7,-2.0,1.25,19.99,-2.2010014057159424,-6.549839019775391
-22.66416667,-48.06,490.46875,1998.0,-0.99665890175417,1.7,-2.0,-1.15,4.01,-2.388747215270996,-7.434500694274902
-22.66416667,-48.06,490.46875,1998.0,-0.9611297838723007,1.8,-0.29,-6.92,-41.64,-1.804337501525879,-4.309361457824707
-22.66416667,-48.06,490.46875,1998.0,-0.9209712877166346,1.8,-0.29,-2.31,-3.95,-1.4335576295852661,-1.2150037288665771
-22.66416667,-48.06,490.46875,1998.0,-0.8996308696522434,1.8,-0.29,-3.21,-12.57,-1.455968976020813,-1.0837674140930176
-22.66416667,-48.06,490.46875,1998.0,-0.7909456567567774,1.7,-0.28,-0.21,23.31,-2.0586063861846924,-5.757541656494141
29.7,91.13333333,3735.25,1986.0,0.29671281927349075,1.6,1.22,-19.26,-151.3,-4.358214855194092,-25.604618072509766
29.7,91.13333333,3735.25,1986.0,-0.2135209154397959,0.5,0.12,-15.28,-118.7,-6.715771675109863,-45.92643737792969
29.7,91.13333333,3735.25,1986.0,-0.680773409477016,-0.6,-1.09,-18.79,-142.0,-8.00868034362793,-57.17231369018555
29.7,91.13333333,3735.25,1986.0,-0.9587178169872964,-0.8,-1.12,-15.55,-111.9,-8.109991073608398,-57.14777374267578
29.7,91.13333333,3735.25,1986.0,-0.9741004551724206,1.1,1.55,-25.48,-184.8,-8.977481842041016,-63.96257781982422
29.7,91.13333333,3735.25,1987.0,0.2386727660059501,-1.1,-1.15,-4.5,-30.0,-4.991386413574219,-30.867551803588867
29.7,91.13333333,3735.25,1987.0,0.9510565162951535,-2.1,0.14,-13.11,-90.9,0.029859066009521484,7.271807670593262
29.7,91.13333333,3735.25,1987.0,0.9760105506323683,-2.3,2.0,-12.63,-84.1,0.1775343418121338,8.142057418823242
29.7,91.13333333,3735.25,1987.0,0.741222010848596,-2.1,0.98,-20.93,-144.5,-0.4561500549316406,4.381346702575684
29.7,91.13333333,3735.25,1987.0,0.29671281927349075,-1.8,-1.82,-8.85,-63.2,-4.112880229949951,-23.202205657958984
29.7,91.13333333,3735.25,1987.0,-0.2135209154397959,-2.2,0.52,-9.06,-62.3,-4.268313407897949,-24.779647827148438
29.7,91.13333333,3735.25,1988.0,0.9721181966290613,0.2,-1.17,-5.43,-19.3,-0.8063101768493652,-0.7376296520233154
29.7,91.13333333,3735.25,1988.0,0.7295575540864875,1.5,0.63,0.94,35.7,-4.915389537811279,-30.396831512451172
29.7,91.13333333,3735.25,1988.0,0.2802306751992159,0.1,0.88,-10.75,-80.4,-4.363204479217529,-25.647533416748047
29.7,91.13333333,3735.25,1988.0,-0.23030567023061196,1.7,-0.35,-7.09,-48.1,-9.084859848022461,-66.34789276123047
29.7,91.13333333,3735.25,1988.0,-0.9634705485641486,3.0,-0.99,-12.76,-92.8,-10.679925918579102,-79.21121978759766
29.7,91.13333333,3735.25,1988.0,-0.7116566222817751,2.8,-0.34,-11.05,-61.2,-10.583927154541016,-79.3831787109375
29.7,91.13333333,3735.25,1989.0,0.9760105506323683,2.7,0.28,-7.07,-40.4,-4.516219615936279,-26.963603973388672
29.7,91.13333333,3735.25,1989.0,0.741222010848596,2.0,1.38,-2.48,-2.8,-4.389815807342529,-25.876415252685547
29.7,91.13333333,3735.25,1989.0,0.29671281927349075,1.2,-0.27,-6.4,-55.0,-7.747138977050781,-54.24944305419922
29.7,91.13333333,3735.25,1989.0,-0.2135209154397959,1.5,0.97,-15.34,-115.7,-7.992185592651367,-57.07244110107422
29.7,91.13333333,3735.25,1989.0,-0.680773409477016,-0.5,0.01,-24.28,-182.1,-9.199159622192383,-67.53489685058594
29.7,91.13333333,3735.25,1989.0,-0.9587178169872964,0.8,2.05,-21.03,-160.9,-9.953746795654297,-71.63835144042969
29.7,91.13333333,3735.25,1990.0,0.741222010848596,2.0,-1.53,-8.82,-59.8,-5.732024669647217,-37.4206428527832
29.7,91.13333333,3735.25,1990.0,0.29671281927349075,0.5,-0.02,-3.33,-7.7,-6.371740341186523,-42.51667022705078
29.7,91.13333333,3735.25,1990.0,-0.2135209154397959,0.9,0.53,-19.59,-147.4,-8.069707870483398,-57.614784240722656
29.7,91.13333333,3735.25,1990.0,-0.680773409477016,-0.3,0.97,-25.17,-188.2,-9.669461250305176,-71.44395446777344
29.7,91.13333333,3735.25,1990.0,-0.9587178169872964,-1.2,1.06,-21.08,-154.8,-8.775833129882812,-61.384891510009766
29.7,91.13333333,3735.25,1991.0,0.741222010848596,-1.7,0.08,-2.27,-4.6,-0.07142829895019531,6.669417381286621
29.7,91.13333333,3735.25,1991.0,0.29671281927349075,-0.2,-0.82,-9.5,-69.5,-5.9236602783203125,-38.81074523925781
29.7,91.13333333,3735.25,1991.0,-0.2135209154397959,0.0,-0.49,-13.66,-97.2,-8.194915771484375,-58.505210876464844
29.7,91.13333333,3735.25,1991.0,-0.680773409477016,-0.7,1.23,-21.64,-161.3,-9.356009483337402,-68.59684753417969
29.7,91.13333333,3735.25,1991.0,-0.9587178169872964,-2.5,0.48,-15.86,-113.8,-7.812377452850342,-53.512271881103516
29.7,91.13333333,3735.25,1992.0,0.2386727660059501,-4.7,-0.13,-16.39,-123.6,2.0638747215270996,19.158397674560547
29.7,91.13333333,3735.25,1992.0,0.9562348265919056,-3.3,0.87,-20.54,-151.1,0.11976826190948486,7.699049949645996
29.7,91.13333333,3735.25,1992.0,0.7295575540864875,0.4,2.63,-5.5,-26.6,-2.6372103691101074,-10.802401542663574
29.7,91.13333333,3735.25,1992.0,0.2802306751992159,-1.0,0.2,-6.26,-39.0,-3.732848644256592,-20.225894927978516
29.7,91.13333333,3735.25,1992.0,-0.23030567023061196,-1.0,0.16,-17.7,-134.1,-6.550362586975098,-44.33924102783203
29.7,91.13333333,3735.25,1992.0,-0.6932812268869771,0.6,0.85,-17.89,-136.9,-10.75522232055664,-80.7595443725586
29.7,91.13333333,3735.25,1992.0,-0.9634705485641486,0.1,-0.44,-8.91,-96.8,-9.758041381835938,-69.44506072998047
29.7,91.13333333,3735.25,1992.0,-0.970063921851507,-2.3,-1.76,-19.26,-144.6,-7.3926310539245605,-50.62602615356445
29.7,91.13333333,3735.25,1992.0,-0.27195815753410524,-0.9,0.47,-14.52,-94.6,-6.620039939880371,-44.993934631347656
12.54194444,39.76972222,1782.5,2002.0,0.29671281927349075,-0.4,0.38,6.08,40.85,1.8005890846252441,17.271984100341797
12.54194444,39.76972222,1782.5,2002.0,-0.2135209154397959,-0.8,0.62,-0.97,6.62,-0.7889513969421387,2.402064561843872
12.54194444,39.76972222,1782.5,2002.0,-0.680773409477016,-1.6,0.38,-1.66,0.9,-0.970433235168457,3.666682481765747
12.54194444,39.76972222,1782.5,2002.0,-0.9587178169872964,-1.0,-0.7,-3.88,-15.72,-0.1759629249572754,10.626948356628418
12.54194444,39.76972222,1782.5,2002.0,-0.9741004551724206,-0.6,-2.28,-0.74,4.02,-0.29505300521850586,9.583613395690918
18.9,72.82,0.0,1965.0,-0.2135209154397959,-3.0,0.32,-3.4,-3.2,-4.1096625328063965,-23.112430572509766
18.9,72.82,0.0,1965.0,-0.680773409477016,-1.1,0.45,-2.9,-9.1,-5.335207939147949,-32.862308502197266
18.9,72.82,0.0,1966.0,0.29671281927349075,0.5,1.05,0.3,7.3,-2.5142483711242676,-10.226236343383789
18.9,72.82,0.0,1966.0,-0.2135209154397959,0.1,0.32,-2.1,-9.2,-4.422923564910889,-25.247894287109375
18.9,72.82,0.0,1966.0,-0.680773409477016,1.1,-1.76,0.0,8.6,-5.435817241668701,-33.84965133666992
18.9,72.82,0.0,1966.0,-0.9587178169872964,-0.4,-0.45,-1.0,2.7,-7.220551490783691,-50.07963562011719
18.9,72.82,0.0,1966.0,-0.9741004551724206,-0.2,-0.68,0.8,17.3,-7.3268632888793945,-51.003814697265625
18.9,72.82,0.0,1973.0,0.29671281927349075,1.8,0.39,-2.73,-10.8,-1.8318328857421875,-5.409008979797363
18.9,72.82,0.0,1973.0,-0.680773409477016,2.1,-0.06,-0.46,5.4,-5.0819621086120605,-30.556270599365234
18.9,72.82,0.0,1973.0,-0.9587178169872964,2.0,-0.3,-0.41,4.3,-6.650094985961914,-44.110191345214844
18.9,72.82,0.0,1973.0,-0.9741004551724206,1.3,-1.24,-7.74,-52.6,-7.0780863761901855,-47.476383209228516
18.9,72.82,0.0,1974.0,0.29671281927349075,0.7,-0.14,-0.98,1.8,-2.1237590312957764,-7.771903038024902
18.9,72.82,0.0,1974.0,-0.2135209154397959,1.9,-0.76,-2.55,-13.2,-3.953216075897217,-21.48615264892578
18.9,72.82,0.0,1974.0,-0.680773409477016,1.3,-0.64,0.06,8.0,-5.352294445037842,-32.789493560791016
18.9,72.82,0.0,1974.0,-0.9587178169872964,1.8,0.82,-1.89,-8.5,-6.593718528747559,-43.813804626464844
18.9,72.82,0.0,1975.0,-0.2135209154397959,3.1,1.55,-1.24,1.7,-2.853461742401123,-12.328654289245605
18.9,72.82,0.0,1975.0,-0.9587178169872964,3.4,1.56,-5.52,-40.6,-5.989327430725098,-38.57624053955078
18.9,72.82,0.0,1975.0,-0.9741004551724206,2.8,-0.54,-5.39,-31.5,-6.652755260467529,-43.8696403503418
18.9,72.82,0.0,1976.0,0.2802306751992159,0.4,0.8,-3.58,-18.5,-0.9409394264221191,1.072242021560669
18.9,72.82,0.0,1976.0,-0.23030567023061196,-1.4,-0.32,-0.49,5.2,-3.6577811241149902,-19.107955932617188
18.9,72.82,0.0,1976.0,-0.6932812268869771,-1.3,1.92,-0.23,3.9,-5.1052961349487305,-31.74155616760254
18.9,72.82,0.0,1976.0,-0.9634705485641486,-1.9,-1.29,-0.32,6.5,-8.568360328674316,-59.92958068847656
18.9,72.82,0.0,1976.0,-0.7116566222817751,1.2,0.17,-5.43,-29.6,-5.271544933319092,-32.0424690246582
18.9,72.82,0.0,1977.0,0.29671281927349075,-1.5,-0.57,-1.37,-1.2,-1.0631694793701172,0.16324353218078613
18.9,72.82,0.0,1977.0,-0.2135209154397959,-1.9,-0.45,-0.88,3.7,-3.273080587387085,-16.2135066986084
18.9,72.82,0.0,1977.0,-0.9587178169872964,-1.3,0.37,-1.81,-5.4,-7.691044330596924,-52.58517074584961
18.9,72.82,0.0,1964.0,0.2802306751992159,1.2,1.29,-2.0,-6.2,-2.974883556365967,-13.512837409973145
18.9,72.82,0.0,1964.0,-0.23030567023061196,0.9,1.9,-1.1,1.8,-4.401132583618164,-25.594167709350586
18.9,72.82,0.0,1964.0,-0.6932812268869771,2.5,-1.77,-2.0,-6.9,-5.411647319793701,-33.70840835571289
18.9,72.82,0.0,1964.0,-0.9634705485641486,2.1,0.2,-2.5,-11.2,-6.918553829193115,-47.7047233581543
18.9,72.82,0.0,1965.0,0.29671281927349075,-0.9,0.29,-0.5,8.0,-2.98240065574646,-13.80084228515625
18.9,72.82,0.0,1975.0,0.29671281927349075,2.1,-0.84,-1.62,-6.2,-2.1308999061584473,-7.368614196777344
18.9,72.82,0.0,1975.0,-0.680773409477016,3.3,-0.26,-2.66,-13.7,-5.055327892303467,-30.40291976928711
18.9,72.82,0.0,1962.0,0.29671281927349075,1.2,0.16,0.2,11.2,-3.517604351043701,-18.01766586303711
18.9,72.82,0.0,1962.0,-0.2135209154397959,0.1,-2.47,-1.2,-6.9,-3.064495086669922,-14.44918441772461
18.9,72.82,0.0,1962.0,-0.680773409477016,1.0,0.14,-0.7,4.4,-5.01001501083374,-30.50191879272461
18.9,72.82,0.0,1962.0,-0.9587178169872964,0.7,-0.37,-2.2,-8.1,-6.441412448883057,-43.4703483581543
18.9,72.82,0.0,1962.0,-0.2884824328806098,0.3,-1.32,-0.2,6.2,-4.4595561027526855,-25.75430679321289
18.9,72.82,0.0,1963.0,0.29671281927349075,-0.8,-0.43,-0.3,1.8,-3.362011432647705,-16.788850784301758
18.9,72.82,0.0,1963.0,-0.2135209154397959,-0.2,-0.77,-0.9,1.2,-4.416396617889404,-25.325542449951172
18.9,72.82,0.0,1963.0,-0.680773409477016,0.0,-0.64,-1.0,1.8,-5.025920391082764,-30.376667022705078
18.9,72.82,0.0,1963.0,-0.9587178169872964,-1.0,1.79,-0.2,1.8,-6.990941047668457,-48.822784423828125
18.9,72.82,0.0,1963.0,-0.9741004551724206,-2.0,0.94,-7.8,-63.2,-7.1812663078308105,-50.212284088134766
18.9,72.82,0.0,1961.0,0.29671281927349075,0.2,0.86,-1.5,-10.0,-3.445004463195801,-17.673511505126953
18.9,72.82,0.0,1961.0,-0.2135209154397959,0.4,-0.39,-2.1,-11.8,-4.375178813934326,-24.982643127441406
18.9,72.82,0.0,1961.0,-0.680773409477016,0.2,0.9,-0.2,3.7,-5.158932209014893,-32.122554779052734
18.9,72.82,0.0,1961.0,-0.9587178169872964,0.1,1.24,-1.2,-3.1,-6.563130855560303,-45.02463912963867
18.9,72.82,0.0,1961.0,-0.9741004551724206,-0.5,0.51,-2.4,-11.8,-6.57198429107666,-44.94940948486328
